No.	   Seq		 Alpha		 Beta		Gamma		Delta		 Epsilon	 Zeta		  Chi		  Eta		 Theta

0		G		-67.46		171.38		65.6		87.25		-143.12		-71.79		-158.85		177.59		-144.88
1		G		-77.82		173.89		65.58		93.03		-140.96		-78.1		-153.97		177.55		-143.39
2		G		-73.2		-179.87		69.22		92.17		-142.43		-79.28		-156.07		178.1		-151.42
3		A		-75.08		178.7		70.7		97.86		-141.67		-78.76		-152.96		-175.81		-146.36
4		G		-76.98		176.92		62.1		94.07		-144.06		-78.1		-156.31		173.68		-147.02
5		C		-68.14		175.69		53.94		88.68		-145.42		-70.85		-156.94		175.38		-139.88
6		U		-65.49		175.9		52.45		91.8		-141.1		-75.59		-152.0		174.6		-149.62
7		C		-70.72		176.79		55.73		89.75		-142.24		-81.12		-152.88		172.67		-153.93
8		A		-70.72		173.85		56.25		94.6		-135.92		-72.17		-152.73		178.83		-140.88
9		A		-69.42		178.65		60.32		96.19		-135.8		-78.74		-149.21		177.72		-139.91
10		C		-63.5		179.1		61.42		94.84		-135.73		-74.05		-147.35		178.06		-136.63
11		U		-73.06		177.75		67.68		96.04		-136.73		-76.7		-154.27		177.6		-134.95
12		C		-75.07		176.92		58.14		95.77		-139.79		-73.31		-148.5		179.01		-139.87
13		U		-69.2		-178.0		56.89		91.77		-142.39		-76.09		-151.3		175.89		-146.92
14		C		-70.22		175.31		53.24		97.97		-140.89		-79.92		-142.45		178.15		-159.33
15		C		-66.7		175.06		57.57		92.09		-144.14		-77.15		-155.63		175.9		-154.1
16		C		-62.15		176.56		62.63		89.46		-145.06		-71.88		-155.04		-177.73		-141.79
17		C		-71.95		178.05		63.43		88.83		-143.0		-85.46		-156.93		175.76		-151.01
18		C		-59.78		176.52		62.26		90.94		-141.18		-72.78		-153.87		-177.97		-146.11
19		C		-73.41		176.3		63.78		92.68		-139.27		-76.57		-153.73		179.44		-137.26
20		C		-65.88		175.25		58.75		95.98		-140.46		-75.65		-144.52		-179.65		-155.31
21		U		-61.37		174.93		57.87		94.65		-138.31		-79.87		-149.12		-178.77		-147.34
22		U		-65.08		171.36		58.41		104.16		-128.27		-80.71		-139.87		-178.13		-144.49
23		U		-70.37		175.66		63.29		102.16		-133.98		-81.07		-145.47		179.09		-143.96
24		U		-61.05		-179.92		63.02		99.3		-135.8		-74.58		-142.81		179.1		-150.23
25		C		-63.59		177.64		58.63		91.16		-140.52		-76.15		-152.73		179.5		-147.42
26		C		-60.42		175.68		57.46		87.02		-144.93		-71.02		-153.49		177.9		-145.97
27		G		-66.65		177.38		68.93		90.37		-141.6		-82.9		-154.6		-177.13		-150.07
28		A		-72.01		-175.69		67.08		93.63		-142.18		-76.77		-149.2		177.94		-166.07
29		G		-68.15		172.29		73.92		83.32		-142.9		-74.89		-163.27		169.85		-147.14
30		G		-67.39		175.91		65.73		87.21		-143.95		-76.9		-157.67		173.82		-147.66
31		G		-64.58		172.41		60.35		89.05		-141.8		-78.06		-155.79		179.7		-144.38
32		U		-63.4		171.32		56.6		95.61		-135.76		-73.76		-145.96		-174.89		-137.83
33		C		-80.83		176.98		70.19		93.74		-138.01		-84.49		-153.02		170.87		-154.8
34		A		-58.97		174.17		56.51		98.23		-136.62		-76.87		-146.56		-169.71		-148.19
35		U		-63.59		-179.87		60.2		99.07		-135.05		-84.11		-145.27		-178.06		-149.29
36		C		-60.63		-176.91		63.59		98.05		-138.09		-79.14		-145.28		-177.08		-150.01
37		G		-86.36		-177.45		90.66		91.96		-138.11		-81.74		-159.1		176.74		-150.1
38		G		-70.51		-178.92		73.38		96.65		-141.82		-81.73		-149.49		179.12		-164.56
39		A		-81.36		178.29		71.57		89.2		-139.31		-74.97		-157.46		170.54		-152.05
40		A		-63.0		173.38		58.57		88.4		-144.24		-69.77		-154.41		173.41		-138.84
41		C		-79.94		172.83		63.43		84.28		-143.14		-73.06		-160.57		162.15		-142.27
42		C		-67.41		170.15		58.54		84.35		-146.9		-71.78		-158.7		172.33		-150.11
43		A		-72.37		176.67		62.23		88.41		-142.25		-79.61		-155.94		171.77		-148.09
