No.	   Seq		 Alpha		 Beta		Gamma		Delta		 Epsilon	 Zeta		  Chi		  Eta		 Theta

0		G		-75.63		173.49		65.73		82.98		-144.87		-76.3		-165.01		169.05		-144.83
1		G		-64.01		170.34		54.45		86.89		-146.13		-73.62		-156.85		176.93		-143.55
2		C		-71.76		171.82		63.38		83.01		-143.49		-73.23		-164.98		169.29		-141.93
3		G		-74.54		175.96		75.79		90.67		-145.54		-75.51		-157.22		176.05		-152.2
4		A		-79.51		175.05		66.08		90.48		-141.2		-78.06		-159.79		174.39		-148.3
5		C		-66.2		174.53		69.24		89.1		-143.61		-70.03		-155.72		171.88		-146.2
6		G		-82.41		175.5		76.21		86.54		-142.3		-79.32		-164.51		172.68		-144.75
7		G		-67.71		177.38		62.84		96.75		-141.15		-75.92		-152.11		-177.26		-148.32
8		U		-84.38		175.33		72.09		95.15		-136.44		-80.58		-155.7		176.32		-142.59
9		G		-67.62		-179.21		60.82		95.84		-138.34		-75.79		-150.33		-178.2		-148.79
10		U		-85.57		176.42		60.11		90.82		-139.07		-80.64		-155.83		165.39		-142.21
11		A		-69.69		176.84		62.64		93.33		-140.05		-72.87		-152.21		178.39		-146.45
12		A		-102.52		178.04		74.71		94.15		-134.04		-83.33		-153.62		173.51		-147.89
13		A		-67.19		175.58		64.8		92.79		-139.15		-71.04		-152.27		178.67		-144.85
14		A		-86.12		177.22		79.15		97.36		-132.37		-87.82		-151.72		179.82		-146.39
15		A		-62.61		176.93		60.76		101.1		-136.32		-75.52		-144.55		-176.54		-146.4
16		U		-75.46		174.77		74.14		92.33		-137.42		-80.25		-155.79		169.49		-142.55
17		C		-60.79		173.29		55.27		96.95		-143.01		-75.4		-146.72		178.89		-151.65
18		U		-74.99		175.77		70.78		89.84		-141.22		-82.03		-158.01		174.71		-151.01
19		C		-64.44		175.39		60.74		91.8		-146.52		-76.83		-152.76		178.38		-153.7
20		G		-73.81		176.43		72.51		85.48		-144.34		-79.29		-163.72		173.6		-147.72
21		C		-64.57		175.93		63.2		93.4		-144.53		-77.4		-152.81		-177.53		-155.47
22		C		-78.61		175.6		77.08		89.92		-141.31		-84.66		-159.12		176.78		-156.28
