No.	   Seq		 Alpha		 Beta		Gamma		Delta		 Epsilon	 Zeta		  Chi		  Eta		 Theta

0		G		-77.72		174.52		63.03		85.68		-143.58		-80.76		-163.3		171.26		-146.11
1		A		-79.78		178.46		67.41		86.45		-144.15		-78.52		-164.3		171.49		-146.89
2		U		-78.5		174.05		63.69		87.17		-141.85		-78.68		-161.59		171.61		-137.57
3		G		-85.69		179.23		70.3		88.56		-142.09		-84.2		-159.48		171.01		-151.77
4		A		-94.65		178.07		76.29		88.89		-139.7		-77.57		-163.69		170.24		-138.53
5		G		-78.58		174.58		64.85		85.87		-142.51		-82.98		-162.43		170.96		-148.34
6		A		-78.23		179.42		66.33		91.04		-140.21		-80.59		-160.09		175.44		-145.46
7		U		-81.38		173.73		64.3		90.38		-138.99		-79.48		-159.44		171.34		-135.91
8		G		-88.89		179.09		73.76		91.31		-139.77		-86.31		-157.33		171.55		-152.52
9		A		-109.61		179.14		80.22		92.81		-136.35		-78.64		-160.94		173.05		-137.51
10		G		-80.02		174.69		67.12		87.06		-141.56		-85.55		-161.53		172.66		-150.98
11		A		-77.31		179.19		68.32		91.81		-139.49		-80.49		-160.07		178.51		-145.77
12		U		-87.41		173.83		69.08		91.39		-138.64		-79.46		-159.81		171.45		-136.06
13		G		-93.33		179.5		79.57		91.26		-139.7		-86.66		-158.08		172.34		-153.79
14		A		-99.91		178.47		78.25		90.97		-137.82		-77.04		-162.28		172.19		-137.13
15		G		-83.04		175.37		70.85		87.95		-140.62		-86.71		-160.99		173.31		-151.15
16		A		-78.45		178.89		72.79		93.09		-139.37		-79.78		-160.63		-179.98		-145.77
17		U		-88.95		174.52		71.32		93.41		-137.6		-80.24		-158.52		171.3		-135.19
18		G		-93.88		-179.89		80.33		92.91		-138.63		-88.97		-156.61		173.77		-152.92
19		A		-108.01		179.87		82.33		94.79		-136.29		-78.95		-159.27		174.3		-137.7
20		G		-83.34		176.75		75.29		90.92		-138.85		-88.83		-159.56		175.85		-153.61
21		A		-76.46		179.21		72.61		93.38		-138.94		-79.97		-160.48		-179.38		-144.93
22		U		-86.89		174.85		70.16		93.79		-137.23		-78.76		-158.25		171.34		-134.38
23		G		-91.77		-179.62		80.27		92.32		-138.54		-87.56		-157.67		174.02		-151.48
24		A		-95.94		178.67		73.09		93.18		-137.62		-77.79		-159.63		171.25		-135.52
25		G		-85.6		177.52		73.2		89.15		-139.23		-86.72		-161.43		173.08		-149.83
26		A		-75.75		178.17		70.04		91.39		-139.97		-79.95		-161.59		177.9		-143.63
27		U		-84.46		175.4		65.65		91.89		-138.47		-78.71		-158.29		169.61		-135.7
28		G		-85.34		179.74		71.42		89.56		-140.08		-86.17		-159.53		173.03		-146.35
29		A		-97.15		178.91		75.36		91.82		-138.56		-78.44		-160.06		168.93		-136.38
30		G		-89.74		178.15		77.57		87.44		-140.25		-85.52		-163.04		172.06		-150.51
31		A		-71.13		177.11		65.35		88.8		-141.74		-78.93		-162.6		177.77		-141.66
32		U		-83.24		176.01		65.3		91.4		-138.49		-76.73		-158.95		169.83		-134.8
33		G		-87.97		179.97		73.96		92.33		-138.57		-88.12		-157.83		175.47		-146.22
34		A		-101.87		179.63		79.47		93.45		-137.87		-78.12		-159.46		169.85		-135.38
35		G		-88.42		177.9		79.34		89.71		-139.6		-85.68		-161.51		175.39		-152.55
36		A		-73.09		178.3		66.99		91.23		-140.5		-80.89		-160.3		-179.76		-141.91
37		U		-87.93		176.38		68.47		91.07		-139.27		-76.63		-159.38		168.04		-136.69
38		G		-89.62		179.39		75.74		92.89		-138.29		-88.6		-157.74		176.46		-146.62
39		A		-97.56		179.67		77.3		93.54		-139.0		-77.37		-159.21		170.85		-138.45
40		G		-90.22		178.4		79.31		88.17		-141.0		-84.55		-162.34		174.13		-151.85
41		A		-73.11		179.0		67.03		92.51		-139.96		-81.26		-158.82		-178.35		-141.65
42		U		-87.61		177.71		69.21		90.6		-139.69		-76.03		-159.44		166.28		-136.77
43		G		-90.22		179.52		76.33		92.12		-139.09		-86.45		-159.2		176.97		-145.58
44		A		-92.75		-179.67		74.18		94.55		-138.77		-77.62		-158.33		172.53		-139.86
45		G		-90.38		179.22		80.16		88.25		-141.22		-82.76		-162.34		173.59		-150.45
46		A		-74.58		179.17		67.17		91.97		-139.97		-80.87		-158.8		-179.59		-141.46
47		U		-84.82		178.16		68.05		91.49		-140.02		-75.99		-158.79		166.87		-138.7
48		G		-88.0		179.9		75.55		90.67		-140.14		-84.75		-160.81		176.27		-144.89
49		A		-88.34		-179.8		69.13		92.11		-140.76		-77.19		-159.39		170.25		-140.38
50		G		-87.26		179.61		76.35		88.71		-141.28		-81.19		-161.46		173.53		-147.25
51		A		-78.26		-179.32		68.64		90.27		-142.06		-81.12		-160.07		178.29		-142.42
52		U		-84.64		178.96		66.79		89.98		-141.63		-75.78		-159.84		166.2		-139.89
53		G		-87.33		-179.27		74.2		91.64		-140.16		-84.74		-159.77		177.34		-143.73
54		A		-85.8		-179.17		68.99		91.61		-141.91		-78.52		-159.31		171.51		-142.04
