No.	   Seq		 Alpha		 Beta		Gamma		Delta		 Epsilon	 Zeta		  Chi		  Eta		 Theta

0		G		-66.7		174.4		60.54		87.5		-143.25		-72.19		-161.29		177.82		-143.46
1		G		-77.05		176.81		67.19		91.65		-142.72		-73.03		-156.83		174.76		-141.07
2		G		-76.88		176.25		70.72		90.04		-144.3		-78.68		-155.05		173.49		-151.46
3		A		-68.41		177.2		59.68		95.08		-139.96		-76.05		-150.77		-175.94		-142.92
4		U		-69.24		175.7		63.58		98.33		-135.98		-76.24		-145.63		177.83		-145.03
5		C		-74.62		176.43		59.83		92.09		-142.03		-81.28		-150.92		170.18		-148.14
6		A		-70.32		-179.58		60.56		93.24		-141.11		-75.63		-154.47		179.07		-147.58
7		C		-64.18		175.38		54.57		86.32		-145.15		-72.9		-153.01		173.24		-142.68
8		C		-64.4		176.91		60.41		87.56		-145.66		-76.01		-153.05		173.35		-151.08
9		A		-70.11		-179.64		68.17		101.68		-135.36		-84.73		-147.67		-172.77		-142.65
10		U		-63.67		173.09		63.37		93.63		-140.25		-75.73		-151.89		177.69		-153.49
11		U		-61.83		174.33		62.74		97.77		-136.11		-88.21		-145.97		179.0		-156.34
12		A		-76.42		177.45		66.27		97.14		-140.56		-79.5		-151.99		-176.81		-150.56
13		G		-68.9		176.05		67.0		92.74		-143.92		-79.52		-156.85		-177.48		-153.86
14		G		-67.46		176.55		64.21		95.06		-141.73		-75.49		-153.37		-171.1		-151.61
15		G		-74.67		176.57		67.06		91.31		-144.45		-83.39		-156.9		-179.42		-153.01
16		A		-65.62		172.13		62.09		101.02		-141.63		-74.37		-147.83		-172.36		-149.29
17		U		-68.14		172.56		61.85		95.66		-138.96		-81.63		-149.61		179.69		-151.45
18		C		-69.48		172.56		62.19		96.99		-142.46		-77.92		-148.58		178.23		-154.33
19		U		-72.64		176.97		63.16		99.17		-139.99		-83.09		-148.94		-174.48		-152.18
20		C		-62.93		174.98		55.45		96.3		-143.1		-75.87		-146.67		-175.61		-161.19
