No.	   Seq		 Alpha		 Beta		Gamma		Delta		 Epsilon	 Zeta		  Chi		  Eta		 Theta

0		G		-96.42		-179.16		82.99		85.94		-141.7		-81.91		-163.04		166.83		-146.2
1		G		-81.92		176.86		67.73		85.69		-144.12		-75.12		-164.99		172.25		-139.57
2		G		-90.14		178.42		70.9		88.22		-142.46		-77.14		-163.0		167.87		-144.16
3		C		-81.19		178.75		68.8		83.28		-143.82		-76.18		-163.48		168.43		-147.65
4		C		-87.52		176.4		67.95		86.68		-144.04		-81.0		-160.51		168.02		-149.95
5		G		-84.84		179.06		78.14		86.39		-144.09		-74.87		-167.42		167.49		-148.48
6		G		-89.83		179.41		76.34		89.83		-139.78		-79.11		-161.29		174.06		-142.21
7		G		-78.73		-179.05		66.93		89.78		-139.83		-82.85		-159.65		170.16		-141.19
8		C		-91.26		-179.07		75.52		94.2		-137.63		-78.56		-159.39		173.98		-138.46
9		G		-98.89		-177.96		73.54		94.02		-138.97		-80.95		-158.6		-179.93		-137.6
10		C		-96.02		178.99		69.59		86.74		-142.14		-73.6		-159.7		165.92		-145.06
11		G		-77.58		176.45		67.75		84.43		-142.57		-80.4		-161.96		171.86		-145.37
12		G		-83.3		178.18		72.02		92.15		-136.42		-78.74		-155.34		179.43		-155.08
13		U		-87.44		173.51		68.32		88.83		-140.12		-73.96		-159.91		166.9		-139.15
14		G		-106.91		179.44		80.85		100.47		-131.49		-86.54		-150.01		179.19		-143.46
15		G		-94.14		-176.84		76.79		88.86		-136.88		-79.86		-160.87		170.41		-140.96
16		C		-86.54		174.85		65.25		89.74		-138.49		-72.68		-155.71		170.34		-134.94
17		G		-83.78		-179.41		70.03		92.3		-139.23		-83.33		-155.68		176.64		-149.59
18		C		-80.12		176.65		63.61		90.34		-143.15		-76.7		-154.75		169.23		-145.45
19		G		-81.48		175.64		66.29		88.7		-141.95		-81.5		-157.91		169.74		-148.6
20		C		-77.74		174.64		65.58		84.71		-143.44		-74.9		-161.7		166.86		-139.39
21		G		-80.29		179.34		77.89		83.8		-143.18		-72.66		-167.18		166.61		-144.56
22		C		-76.11		177.78		65.76		83.4		-142.39		-76.97		-161.62		168.88		-140.9
23		C		-70.79		172.35		61.03		85.34		-141.54		-70.85		-162.66		168.36		-137.45
24		U		-74.6		178.85		60.17		88.84		-138.2		-81.91		-157.68		172.39		-139.57
25		G		-87.74		-179.7		64.45		91.85		-136.77		-71.03		-157.1		168.94		-140.35
26		U		-88.19		176.77		64.79		91.64		-135.58		-79.14		-154.34		164.93		-138.27
27		A		-97.65		-178.34		84.12		87.88		-140.0		-79.65		-161.91		166.05		-152.28
28		G		-72.82		178.29		66.77		88.0		-138.61		-75.77		-162.46		173.64		-141.72
29		U		-81.3		179.96		66.96		85.93		-143.28		-72.02		-161.41		166.28		-141.4
30		C		-75.52		177.6		59.89		82.51		-143.07		-75.69		-160.65		164.26		-136.71
31		C		-79.51		-177.74		62.53		80.54		-144.47		-74.4		-162.13		167.34		-144.52
32		C		-74.9		174.62		59.25		80.89		-144.34		-77.15		-164.44		169.64		-148.82
33		A		-72.79		-179.12		62.34		90.43		-139.9		-80.01		-153.15		174.37		-144.05
34		G		-79.09		-179.63		69.42		84.32		-141.23		-77.61		-164.44		166.99		-140.49
35		C		-81.42		178.7		72.41		94.98		-131.61		-77.62		-151.06		171.41		-134.91
36		U		-80.33		177.05		71.82		92.9		-136.88		-83.41		-155.44		171.27		-146.07
37		A		-75.72		-178.79		68.41		97.76		-135.05		-89.33		-147.3		-178.21		-148.05
38		C		-74.8		171.28		60.0		89.17		-138.94		-73.16		-160.88		171.14		-139.81
39		U		-65.15		-174.57		67.03		93.47		-139.1		-82.16		-152.14		-178.71		-153.3
40		C		-79.58		-179.73		64.42		89.28		-140.86		-79.0		-159.01		176.66		-144.3
41		G		-73.34		-177.39		70.62		87.23		-145.77		-74.36		-161.79		175.49		-155.03
42		G		-82.67		178.01		78.21		86.24		-140.35		-80.24		-165.13		179.08		-144.36
43		G		-76.51		-178.0		68.81		85.43		-143.93		-78.55		-160.42		168.87		-152.37
44		A		-85.6		172.9		69.84		87.88		-138.78		-74.47		-160.47		172.95		-142.02
45		G		-75.19		175.3		64.97		85.78		-145.08		-78.37		-159.86		168.38		-150.16
46		G		-78.16		172.67		64.26		84.06		-142.72		-75.57		-162.7		168.97		-140.71
47		C		-75.78		177.71		57.04		88.66		-141.72		-77.51		-156.64		173.65		-140.34
48		U		-75.62		177.36		68.63		89.22		-139.23		-76.88		-158.67		172.48		-144.28
49		C		-73.06		-177.82		61.5		91.32		-138.99		-79.36		-154.72		177.53		-145.07
