No.	   Seq		 Alpha		 Beta		Gamma		Delta		 Epsilon	 Zeta		  Chi		  Eta		 Theta

0		G		-64.31		177.0		70.82		78.24		-145.77		-77.58		-173.1		165.9		-151.22
1		C		-63.23		172.3		55.51		83.12		-146.38		-76.83		-165.94		172.25		-141.0
2		G		-88.37		-178.91		87.07		92.78		-139.73		-76.5		-165.48		177.39		-152.38
3		G		-62.18		173.83		62.24		85.61		-144.11		-77.72		-163.98		177.01		-141.91
4		C		-76.79		-179.17		63.11		103.6		-127.4		-77.65		-155.56		-171.97		-131.04
5		C		-87.36		174.4		65.38		95.28		-134.32		-86.63		-154.46		171.88		-158.25
6		A		-82.02		-177.12		64.17		113.19		-127.02		-96.67		-140.11		-170.0		-146.65
7		G		-65.78		174.19		58.28		110.52		-129.43		-131.85		-143.13		-167.33		-178.57
8		C		-62.93		175.09		46.71		87.77		-141.89		-69.14		-158.03		173.23		-119.97
9		U		-62.39		-179.75		46.62		99.43		-132.69		-75.33		-147.57		-179.87		-114.1
10		C		-96.95		-177.29		61.6		84.88		-146.44		-74.66		-162.35		149.03		-146.86
11		C		-67.3		169.78		47.05		80.04		-148.79		-79.95		-164.8		171.24		-159.82
12		A		-62.12		174.76		47.87		81.13		-146.91		-72.01		-160.26		175.64		-134.79
13		G		-78.13		168.3		61.08		87.26		-141.77		-71.3		-159.1		165.17		-129.95
14		G		-84.73		171.39		79.11		99.97		-132.58		-78.63		-153.06		174.64		-149.79
15		C		-77.35		172.66		67.54		80.14		-142.74		-71.23		-169.73		162.31		-130.71
16		C		-77.6		172.07		62.64		88.64		-144.29		-78.68		-157.01		167.71		-146.6
17		G		-83.21		174.76		67.47		98.79		-135.72		-77.32		-150.36		175.5		-145.23
18		C		-77.42		171.05		58.89		89.69		-139.08		-68.01		-154.41		174.14		-143.66
19		C		-75.62		173.25		64.51		91.99		-139.18		-80.37		-145.2		171.14		-148.8
20		A		-98.01		176.08		69.95		105.14		-128.08		-105.96		-139.27		-168.95		-156.72
21		A		-99.03		173.56		89.25		98.33		-134.31		-87.44		-154.73		173.77		-170.4
22		A		-59.83		174.17		67.78		85.9		-139.85		-63.6		-157.1		171.49		-128.19
23		C		-79.21		174.81		66.72		80.99		-143.48		-70.59		-157.1		152.08		-136.95
24		A		-71.37		173.99		76.9		87.29		-139.26		-79.04		-160.26		176.03		-161.44
25		A		-67.3		165.64		63.81		88.34		-143.08		-66.29		-157.48		177.74		-147.5
26		U		-65.38		170.89		58.77		80.86		-149.33		-79.05		-156.32		162.27		-147.92
27		A		-68.12		174.29		68.72		94.58		-135.66		-70.08		-154.67		-179.89		-135.57
28		U		-63.29		172.22		66.93		84.35		-141.25		-73.87		-159.84		166.64		-160.97
29		G		-70.86		172.07		66.74		87.92		-146.83		-80.84		-156.66		176.54		-163.04
30		G		-75.46		171.5		69.97		87.3		-144.63		-86.94		-160.18		176.16		-149.12
31		A		-75.65		177.61		86.09		101.69		-138.08		-82.04		-149.88		-170.85		-167.1
32		G		-115.38		-178.42		99.93		89.22		-141.73		-78.58		-161.03		-169.82		-163.36
33		C		-77.71		175.84		63.02		88.05		-151.32		-74.64		-154.97		169.63		-162.23
34		A		-68.17		173.46		64.95		90.75		-143.83		-81.0		-159.61		-161.71		-138.41
35		C		-70.26		175.01		70.93		103.65		-136.46		-86.09		-148.68		-144.91		-159.73
