No.	   Seq		 Alpha		 Beta		Gamma		Delta		 Epsilon	 Zeta		  Chi		  Eta		 Theta

0		G		-82.24		178.0		67.62		82.73		-145.31		-77.36		-167.03		171.06		-146.25
1		G		-70.38		179.86		55.06		80.55		-147.85		-78.55		-164.49		166.4		-147.08
2		C		-70.64		171.77		55.64		82.73		-144.3		-72.06		-159.7		168.71		-134.86
3		G		-78.59		178.93		70.21		85.41		-143.25		-82.92		-164.62		169.05		-151.35
4		A		-78.55		-177.61		60.92		93.88		-137.42		-70.29		-157.92		-177.4		-126.94
5		U		-90.3		173.38		62.24		86.97		-139.46		-78.51		-161.41		161.17		-142.03
6		A		-82.82		-178.48		66.67		98.53		-133.81		-74.04		-154.74		178.97		-124.62
7		C		-128.99		179.8		67.08		93.7		-135.18		-76.29		-157.59		158.99		-138.09
8		C		-79.16		177.95		66.92		86.5		-141.62		-81.64		-157.1		170.3		-156.29
9		A		-94.56		178.69		70.96		89.48		-136.88		-80.79		-159.68		168.99		-140.17
10		G		-98.58		176.83		79.41		82.34		-144.22		-79.74		-169.14		158.26		-145.28
11		C		-68.85		176.21		59.61		75.13		-148.56		-71.28		-169.21		165.27		-135.05
12		C		-82.15		-177.71		66.9		78.76		-146.87		-76.72		-165.19		161.06		-141.5
13		G		-113.89		-178.02		80.6		89.68		-139.06		-88.2		-159.53		172.43		-152.74
14		A		-107.19		173.83		64.43		102.98		-128.65		-82.86		-149.32		-140.85		-142.26
15		A		-78.02		174.07		66.07		98.58		-130.49		-86.2		-149.51		173.35		-140.68
16		A		-119.1		-178.01		84.48		104.55		-127.15		-84.75		-148.0		-177.22		-136.08
17		G		-109.59		173.97		92.66		103.26		-130.81		-82.58		-153.73		179.22		-143.4
18		G		-78.49		-179.37		77.25		90.36		-141.81		-78.48		-160.82		-179.69		-140.41
19		C		-74.77		178.46		61.32		92.44		-143.28		-74.87		-152.36		175.05		-138.34
20		C		-77.4		-178.41		64.55		86.31		-143.67		-73.41		-160.19		176.35		-149.55
21		C		-75.7		175.01		69.42		82.8		-146.68		-77.31		-165.2		174.74		-162.27
22		U		-61.74		171.97		51.95		82.64		-147.62		-74.99		-156.74		172.44		-146.41
23		U		-69.1		171.84		57.21		84.95		-143.5		-77.04		-157.94		167.67		-138.23
24		G		-72.0		177.28		71.55		91.4		-139.32		-78.6		-162.09		170.07		-145.03
25		G		-92.08		-177.96		83.3		82.83		-144.2		-72.26		-168.94		165.93		-150.63
26		C		-68.68		177.38		60.97		81.44		-145.57		-78.57		-162.16		169.27		-143.86
27		A		-74.13		174.51		61.47		92.05		-136.67		-76.19		-156.05		173.32		-136.66
28		G		-78.7		178.16		73.51		85.91		-142.47		-77.88		-163.41		174.92		-145.23
29		C		-81.68		174.2		58.01		87.6		-143.66		-77.17		-157.11		166.91		-143.55
30		G		-76.81		178.28		67.63		84.75		-141.89		-72.75		-163.6		167.88		-140.69
31		U		-70.71		176.64		66.34		93.38		-134.59		-80.45		-155.9		-177.75		-144.56
32		C		-70.45		171.71		52.61		90.08		-139.9		-70.58		-157.87		163.54		-137.17
