No.	   Seq		 Alpha		 Beta		Gamma		Delta		 Epsilon	 Zeta		  Chi		  Eta		 Theta

0		G		-83.33		174.23		69.21		80.23		-146.25		-68.83		-169.4		162.38		-148.44
1		G		-76.44		166.26		71.4		86.6		-142.49		-81.53		-164.25		176.69		-157.31
2		A		-83.62		-178.91		75.56		87.45		-139.36		-74.53		-166.31		170.88		-141.85
3		U		-75.32		-177.96		69.76		91.66		-136.4		-89.99		-156.69		176.08		-140.5
4		C		-81.26		-178.51		57.73		88.93		-140.88		-79.98		-160.32		152.96		-134.39
5		C		-69.93		179.94		60.93		81.55		-146.11		-73.73		-170.02		168.49		-139.66
6		C		-72.24		176.45		51.93		80.37		-151.37		-73.46		-159.96		165.92		-140.59
7		G		-105.17		179.9		86.71		92.52		-137.34		-88.16		-161.61		172.31		-154.35
8		A		-86.82		176.94		74.28		95.54		-131.66		-80.85		-155.96		179.2		-132.28
9		C		-86.78		176.74		71.5		88.22		-135.73		-81.71		-162.58		164.5		-144.63
10		U		-73.26		179.55		67.57		101.21		-130.58		-94.44		-143.33		174.4		-134.42
11		G		-161.15		-176.33		103.31		99.96		-137.21		-85.1		-161.44		165.46		-150.13
12		G		-70.49		175.75		69.49		95.03		-135.9		-78.8		-157.15		-167.4		-140.86
13		C		-80.9		-179.87		55.78		89.12		-134.81		-71.34		-159.72		173.34		-126.57
14		G		-146.67		-174.55		109.29		94.26		-134.56		-92.39		-159.84		173.59		-158.34
15		A		-124.99		176.91		82.55		98.71		-136.72		-76.53		-157.61		178.08		-149.5
16		G		-71.69		165.81		74.69		84.84		-144.03		-86.02		-160.48		170.08		-160.95
17		A		-78.07		175.57		63.85		92.48		-135.48		-77.98		-151.37		174.48		-127.54
18		G		-126.68		175.95		103.64		101.7		-130.04		-78.73		-156.24		169.36		-138.08
19		C		-121.15		179.03		82.07		92.15		-137.38		-72.93		-157.86		167.43		-144.44
20		C		-65.98		178.04		58.57		74.74		-152.05		-75.32		-170.14		167.99		-150.87
21		A		-66.23		172.39		53.0		87.31		-141.42		-75.14		-153.36		175.18		-135.89
22		G		-89.29		177.46		84.9		88.35		-138.06		-75.19		-162.12		168.46		-141.72
23		G		-84.71		175.41		93.09		100.53		-127.92		-78.7		-146.59		-179.04		-133.34
24		U		-88.95		175.03		74.02		83.83		-142.04		-77.54		-167.97		158.88		-142.64
25		A		-75.16		168.65		71.66		103.88		-131.32		-88.92		-148.89		-177.37		-151.56
26		A		-110.17		178.78		70.87		87.94		-139.7		-69.53		-164.22		162.06		-134.16
27		C		-74.01		177.73		64.88		76.1		-150.29		-70.42		-163.27		161.09		-140.65
28		G		-82.56		176.39		64.95		79.61		-144.99		-80.2		-164.01		167.91		-149.82
29		A		-70.76		-179.44		78.27		88.01		-141.03		-80.49		-164.71		-174.97		-166.12
30		A		-67.57		172.38		60.51		84.69		-145.4		-71.14		-163.39		167.59		-140.14
31		U		-68.09		178.98		57.49		85.76		-142.45		-71.41		-161.43		164.99		-132.04
32		G		-101.13		177.71		77.43		89.68		-137.21		-73.14		-161.79		157.55		-138.63
33		G		-85.35		171.42		69.59		80.52		-147.18		-77.3		-167.67		163.47		-155.82
34		A		-66.54		169.37		51.09		84.11		-150.25		-78.94		-155.57		168.54		-146.28
35		U		-67.64		177.23		57.17		91.52		-142.31		-82.96		-156.08		-174.06		-136.97
36		C		-143.01		-175.08		116.1		90.12		-139.02		-70.62		-164.11		167.04		-147.92
37		C		-98.97		-173.32		75.82		90.67		-139.99		-78.16		-158.64		-178.34		-150.68
