No.	   Seq		 Alpha		 Beta		Gamma		Delta		 Epsilon	 Zeta		  Chi		  Eta		 Theta

0		P		-78.6		-179.68		65.19		87.45		-145.81		-84.35		-158.65		173.61		-153.98
1		U		-72.1		177.91		58.33		86.24		-142.34		-77.99		-161.31		168.76		-139.0
2		C		-82.45		177.9		65.61		82.11		-145.59		-77.43		-164.74		160.3		-139.42
3		C		-81.82		177.69		62.63		85.59		-144.46		-82.71		-160.85		167.66		-146.47
4		U		-63.36		178.31		56.15		80.18		-147.69		-70.8		-166.11		171.22		-140.14
5		C		-84.89		177.11		65.68		81.79		-145.85		-72.11		-165.03		163.22		-135.86
6		G		-78.02		179.55		59.44		91.08		-140.86		-81.07		-155.56		170.14		-140.17
7		U		-79.96		-178.35		68.74		91.32		-137.54		-85.94		-157.49		170.66		-145.91
8		G		-92.58		-179.4		81.02		92.16		-138.32		-81.84		-162.86		170.73		-145.71
9		G		-115.09		177.37		76.73		86.45		-143.84		-75.94		-168.21		165.13		-136.31
10		C		-82.54		-175.65		65.76		83.77		-145.42		-77.55		-163.28		168.93		-140.06
11		C		-73.91		179.81		59.22		76.39		-147.59		-73.53		-163.5		169.87		-141.16
12		C		-84.09		172.28		60.21		88.17		-144.88		-74.35		-158.9		170.67		-149.96
13		A		-123.15		177.49		84.54		95.02		-137.99		-81.22		-159.92		176.3		-152.5
14		A		-77.21		-175.33		78.51		100.17		-128.79		-92.62		-146.84		-175.81		-151.35
15		U		-74.16		178.04		68.4		101.86		-125.97		-86.08		-146.8		171.72		-117.32
16		G		-147.55		-176.98		91.8		103.35		-131.72		-92.24		-156.84		170.07		-142.78
17		G		-94.2		-175.32		82.16		103.99		-131.86		-90.46		-151.77		-165.14		-141.15
18		U		-79.2		179.45		59.13		97.99		-135.05		-84.85		-144.3		175.79		-140.26
19		C		-97.22		179.32		88.72		97.45		-135.66		-91.02		-151.67		-179.06		-160.76
20		A		-97.88		-179.75		79.6		90.8		-136.95		-78.74		-160.87		-176.91		-147.45
21		C		-91.21		177.99		92.45		74.69		-147.24		-75.61		-174.54		162.35		-148.67
22		G		-75.16		178.39		68.14		82.31		-143.5		-79.33		-167.75		166.22		-148.08
23		G		-93.09		178.91		79.83		83.26		-142.11		-78.65		-171.1		166.42		-138.97
24		C		-85.64		175.3		70.45		84.68		-140.96		-74.58		-160.28		164.59		-131.6
25		G		-85.79		176.23		69.84		87.17		-142.2		-78.55		-162.31		172.13		-140.81
26		P		-81.27		-179.86		67.29		90.03		-138.62		-81.93		-158.13		168.84		-148.22
27		C		-67.0		172.56		56.69		84.39		-142.33		-71.09		-163.88		176.51		-140.56
28		U		-74.72		178.64		65.64		87.93		-142.86		-77.37		-160.64		170.61		-148.71
29		G		-91.08		-179.69		71.98		91.44		-138.15		-78.14		-161.94		166.18		-141.31
30		G		-79.05		174.54		69.89		76.64		-144.86		-69.8		-174.08		164.67		-139.84
31		C		-68.87		174.88		55.56		81.99		-141.21		-71.76		-163.04		173.99		-129.94
32		U		-77.11		179.39		59.98		85.03		-140.99		-78.69		-158.17		166.43		-139.15
33		I		-113.71		-177.72		76.64		89.34		-139.39		-83.31		-156.95		159.6		-146.12
34		C		-107.73		172.97		67.02		84.78		-142.63		-70.82		-162.87		152.6		-141.83
35		G		-102.01		-179.13		88.29		78.4		-144.82		-76.45		-170.65		157.56		-146.64
36		A		-94.21		172.06		62.03		87.97		-138.75		-77.79		-160.02		169.84		-146.93
37		A		-80.11		168.11		65.84		80.69		-140.6		-73.25		-170.08		157.32		-137.14
38		C		-76.87		176.11		76.57		80.87		-143.4		-72.76		-166.77		164.31		-136.22
39		C		-87.17		177.13		61.86		76.84		-148.63		-81.33		-165.19		156.86		-148.99
40		A		-70.45		178.06		63.36		95.0		-138.0		-80.0		-156.59		-175.99		-151.22
41		G		-80.42		173.84		71.49		87.23		-139.1		-84.31		-160.32		170.59		-156.54
42		A		-75.51		176.61		65.09		86.89		-143.76		-78.59		-159.17		170.16		-146.05
43		A		-87.87		171.81		68.64		91.38		-134.8		-69.73		-158.9		166.52		-126.48
44		G		-93.91		177.46		90.64		84.87		-140.3		-83.69		-163.95		166.71		-157.45
45		A		-75.32		178.7		71.17		87.29		-138.3		-77.79		-158.65		-179.64		-138.71
46		U		-74.23		162.64		63.26		88.9		-141.59		-74.55		-158.77		170.86		-136.59
47		U		-89.3		-179.18		85.97		104.02		-136.23		-89.1		-151.78		-169.82		174.5
48		C		-77.25		176.8		58.05		81.21		-145.85		-70.01		-164.29		165.15		-142.95
49		C		-88.93		178.75		67.4		78.53		-149.38		-80.49		-164.0		161.14		-146.75
50		A		-81.1		-177.07		77.34		88.75		-141.45		-85.15		-159.74		179.98		-149.2
51		G		-142.33		179.02		116.56		83.64		-140.06		-81.39		-169.71		166.72		-153.61
52		G		-81.43		-179.33		83.65		88.24		-141.57		-73.44		-163.96		175.56		-140.28
53		U		-80.51		179.23		65.84		90.82		-137.11		-82.39		-156.26		168.19		-130.79
54		P		-101.33		179.59		70.98		85.95		-135.64		-75.26		-164.36		163.2		-128.89
55		C		174.27		179.65		87.58		89.98		-138.34		-78.34		-162.2		118.84		-147.78
56		A		-71.0		177.29		54.66		89.39		-143.15		-82.99		-154.38		175.75		-144.39
57		A		-75.25		-174.35		64.84		104.1		-128.08		-91.02		-145.08		-165.27		-133.88
58		G		165.16		179.6		84.03		100.99		-125.79		-77.95		-155.39		150.07		-120.27
59		U		-77.49		179.55		71.14		104.21		-128.93		-76.81		-151.01		175.78		-112.22
60		C		-84.19		-177.39		65.97		92.7		-141.17		-87.66		-154.32		163.36		-150.0
61		C		-74.48		176.45		58.18		82.36		-143.79		-71.68		-164.72		171.61		-148.77
62		U		-67.83		174.2		58.85		84.37		-145.49		-78.88		-159.42		168.71		-147.37
63		G		-74.53		173.91		59.55		86.37		-146.24		-78.66		-159.88		162.95		-143.52
64		G		-87.13		176.72		74.49		84.06		-142.6		-72.34		-170.84		170.33		-137.95
65		C		-74.85		174.75		68.8		79.25		-144.98		-77.12		-170.87		166.2		-146.52
66		G		-75.72		-178.8		75.0		78.64		-145.51		-76.97		-170.91		168.63		-145.19
67		G		-75.66		172.4		57.74		81.53		-145.5		-76.55		-165.2		165.78		-138.01
68		G		-78.81		170.26		62.57		84.66		-142.73		-74.64		-164.47		165.65		-137.99
69		G		-79.48		177.11		67.36		88.68		-141.91		-81.4		-159.27		171.36		-145.98
70		A		-106.39		179.63		72.51		96.09		-138.39		-84.11		-153.82		171.41		-146.64
71		A		-85.07		173.8		70.82		88.8		-140.43		-73.41		-161.94		169.74		-136.56
72		G		-70.38		-179.52		68.98		87.62		-139.33		-80.38		-160.04		174.58		-144.56
73		C		-77.66		178.39		59.21		85.22		-140.33		-71.78		-163.16		168.33		-134.3
74		C		-77.11		177.46		67.89		86.33		-142.12		-77.46		-158.6		169.14		-147.65
75		A		-81.58		-179.85		66.91		92.35		-140.6		-80.39		-157.7		173.76		-144.91
