No.	   Seq		 Alpha		 Beta		Gamma		Delta		 Epsilon	 Zeta		  Chi		  Eta		 Theta

0		G		-67.38		170.57		68.3		93.6		-137.64		-72.44		-161.56		-175.77		-136.08
1		G		-79.37		171.77		68.93		85.07		-142.95		-78.56		-167.12		173.93		-144.29
2		C		-73.3		178.93		70.59		88.81		-146.28		-80.21		-156.38		174.31		-155.83
3		G		-68.77		171.48		60.4		82.45		-145.38		-75.99		-161.49		173.53		-140.4
4		U		-68.03		168.68		57.33		91.36		-144.16		-79.86		-155.88		175.06		-145.56
5		G		-75.87		177.96		76.79		90.81		-138.53		-80.13		-160.96		176.73		-147.2
6		U		-64.23		177.63		60.77		94.85		-139.13		-85.25		-153.31		179.12		-154.1
7		A		-79.75		179.57		69.82		91.01		-138.17		-81.53		-159.74		172.51		-143.29
8		G		-74.0		177.64		67.59		91.41		-136.84		-75.94		-154.98		-170.67		-134.55
9		G		-80.16		-179.95		69.71		86.69		-139.1		-80.9		-160.23		171.15		-141.61
10		A		-62.74		174.19		53.95		95.17		-134.98		-71.25		-150.54		-174.07		-137.99
11		U		-75.55		175.38		69.5		93.65		-132.92		-91.84		-153.62		175.19		-150.69
12		A		-71.69		176.42		62.62		104.45		-125.72		-82.02		-141.2		-162.11		-130.54
13		U		-115.24		177.49		75.94		92.91		-133.95		-78.07		-155.67		151.7		-129.93
14		G		-68.24		-178.51		71.42		99.63		-130.67		-81.57		-147.14		-170.73		-138.95
15		C		-110.84		178.53		70.5		93.11		-133.97		-80.9		-158.43		177.93		-142.13
16		U		-56.88		174.32		62.22		100.68		-136.07		-83.72		-145.17		-170.21		-150.83
17		U		-74.16		-179.72		69.02		109.58		-126.36		-104.9		-139.16		-171.5		-136.16
18		C		-96.63		174.75		72.41		88.39		-143.26		-74.22		-160.15		147.23		-146.72
19		G		-80.0		177.31		83.42		89.58		-138.33		-81.58		-164.0		178.22		-144.09
20		G		-65.47		-178.21		64.69		90.21		-145.94		-81.44		-156.83		-177.83		-156.96
21		C		-73.52		174.36		70.86		88.27		-140.1		-79.13		-158.72		174.58		-150.43
22		A		-69.48		175.94		61.57		95.67		-139.27		-75.16		-155.54		-174.38		-133.33
23		G		-82.01		178.88		71.92		95.48		-135.71		-84.18		-155.83		169.2		-155.59
24		A		-66.12		173.17		56.27		94.84		-134.29		-76.2		-150.61		-174.11		-150.25
25		A		-65.23		172.83		61.33		88.79		-138.83		-75.76		-159.24		168.3		-140.5
26		G		-62.81		176.24		60.06		92.61		-141.25		-73.71		-156.33		177.95		-142.8
27		G		-75.71		176.37		65.51		88.7		-142.32		-77.22		-161.85		172.99		-148.35
28		A		-76.4		-175.66		67.68		95.69		-139.28		-73.01		-153.16		175.8		-148.88
29		C		-69.04		174.46		64.12		78.62		-145.18		-76.84		-165.57		168.53		-146.82
30		A		-62.47		171.83		55.26		88.89		-142.97		-76.33		-152.97		179.64		-152.32
31		C		-74.47		172.44		60.93		80.3		-146.57		-76.21		-165.26		165.55		-148.7
32		G		-64.72		179.73		66.14		89.71		-144.39		-77.56		-158.36		177.52		-153.58
33		C		-77.04		176.75		58.48		88.25		-140.68		-72.14		-162.69		170.94		-138.09
34		C		-68.05		174.29		64.14		88.9		-144.66		-78.29		-159.95		178.26		-152.46
