No.	   Seq		 Alpha		 Beta		Gamma		Delta		 Epsilon	 Zeta		  Chi		  Eta		 Theta

0		A		-91.1		-174.41		88.99		90.24		-134.68		-84.13		-163.09		174.16		-144.88
1		C		-71.84		168.53		61.05		88.92		-141.05		-77.57		-162.69		169.23		-150.07
2		G		-83.45		179.82		72.6		89.52		-140.56		-77.49		-164.02		170.84		-149.93
3		C		-63.0		170.97		55.19		80.58		-146.4		-72.93		-160.77		172.76		-146.87
4		C		-81.56		169.02		72.55		83.24		-141.13		-71.96		-162.56		168.97		-146.37
5		G		-69.65		174.44		85.97		89.16		-139.74		-82.72		-164.25		-177.46		-157.01
6		A		-88.25		179.35		80.88		104.94		-128.45		-101.56		-145.87		-169.07		-169.79
7		U		-69.08		173.51		67.45		97.46		-133.1		-92.67		-151.56		173.71		-152.27
8		G		-93.23		176.46		92.32		103.98		-130.25		-83.69		-152.27		-168.96		-139.88
9		G		-112.51		-175.72		83.86		91.15		-139.77		-77.71		-162.07		173.93		-147.87
10		C		-69.51		172.71		53.86		87.69		-141.32		-71.33		-153.07		176.83		-150.73
11		G		-81.83		174.5		67.34		89.57		-138.49		-87.79		-161.23		172.71		-168.98
12		A		-69.13		173.84		67.76		98.3		-139.58		-80.8		-151.5		-163.3		-172.46
13		A		-81.6		169.84		68.6		92.14		-136.98		-73.75		-157.58		169.05		-144.73
14		G		-68.46		173.67		75.6		99.29		-131.17		-69.3		-150.08		179.4		-149.01
15		G		-83.09		178.6		68.09		95.19		-132.58		-76.51		-155.22		177.3		-146.18
16		C		-56.82		171.16		58.17		98.12		-135.47		-72.4		-149.45		-169.4		-151.45
17		A		-82.94		172.17		62.56		94.75		-137.24		-80.0		-155.22		169.28		-153.2
18		G		-60.56		173.52		59.24		96.69		-134.88		-74.89		-152.36		-178.39		-144.26
19		C		-71.47		170.72		58.07		89.01		-140.5		-69.02		-154.21		170.85		-137.48
20		C		-75.41		172.32		64.43		87.72		-142.43		-84.61		-155.72		174.63		-162.12
21		A		-66.57		175.02		65.92		91.8		-139.12		-76.54		-159.04		-178.08		-148.63
22		C		-67.23		172.45		58.42		89.25		-143.98		-67.08		-159.44		171.77		-143.31
23		C		-63.55		170.56		57.34		90.21		-139.58		-68.83		-152.82		173.8		-137.8
24		U		-59.42		-174.35		54.02		93.99		-138.64		-74.13		-146.8		172.17		-142.33
25		G		-63.2		170.92		66.62		91.46		-138.81		-70.87		-161.76		177.32		-146.98
26		G		-62.54		169.98		52.25		95.08		-139.57		-68.74		-148.84		177.44		-138.03
27		U		-60.82		176.66		57.79		89.69		-143.45		-70.16		-152.51		172.98		-144.71
28		C		-63.17		175.16		53.63		85.96		-141.88		-69.5		-155.19		172.09		-145.75
29		C		-68.7		166.25		61.71		85.62		-145.88		-68.85		-160.28		166.89		-157.75
30		A		-64.83		172.27		55.74		84.79		-147.09		-75.65		-157.13		170.04		-146.28
31		C		-60.88		173.39		54.09		82.07		-147.71		-71.53		-158.33		172.29		-153.1
32		C		-60.2		172.48		52.71		84.4		-148.19		-66.12		-157.02		168.89		-146.57
33		C		-66.83		-173.93		71.24		88.23		-147.56		-82.01		-159.33		178.1		-162.15
34		G		-55.74		170.22		54.31		86.95		-148.03		-73.22		-155.64		-179.58		-155.22
35		U		-60.56		168.78		59.29		97.04		-134.26		-76.69		-148.62		-173.05		-162.1
36		G		-60.03		165.83		62.03		89.7		-148.33		-78.97		-159.34		176.75		-160.06
37		A		-64.12		171.71		56.76		89.02		-145.08		-71.81		-157.6		179.13		-146.33
38		C		-65.68		161.64		62.77		84.71		-148.63		-65.8		-161.83		176.07		-151.54
39		G		-65.35		174.52		71.89		90.81		-141.69		-79.9		-158.95		-173.07		-158.74
40		C		-60.81		171.29		53.36		93.46		-143.72		-72.34		-152.49		-170.31		-154.26
41		U		-63.43		173.69		57.63		101.73		-135.62		-89.51		-139.86		-175.61		-164.74
42		U		-63.95		176.45		74.24		99.85		-135.81		-81.83		-143.95		178.25		-169.03
43		U		-62.3		168.39		61.05		96.12		-137.43		-80.22		-146.2		169.88		-160.18
