No.	   Seq		 Alpha		 Beta		Gamma		Delta		 Epsilon	 Zeta		  Chi		  Eta		 Theta

0		G		-74.71		177.04		79.41		86.56		-144.17		-74.8		-169.57		170.0		-150.66
1		G		-69.42		170.3		62.25		86.23		-142.93		-79.05		-164.93		171.03		-142.2
2		G		-77.63		177.07		76.47		85.48		-142.05		-79.7		-165.17		169.22		-156.59
3		C		-66.85		175.15		65.61		83.61		-144.73		-77.07		-163.52		171.53		-141.2
4		G		-77.61		173.71		70.86		83.39		-145.35		-73.6		-167.11		172.48		-150.75
5		G		-69.16		177.38		64.35		86.07		-141.3		-80.93		-162.99		170.75		-144.76
6		C		-65.35		173.27		60.3		93.25		-133.46		-71.81		-154.68		179.84		-138.49
7		U		-76.17		179.19		68.09		93.42		-137.17		-90.29		-154.38		170.32		-155.88
8		A		-89.9		175.48		72.56		102.01		-133.46		-72.05		-154.73		-166.79		-141.6
9		G		-106.74		172.75		77.62		89.54		-136.95		-82.99		-162.07		169.73		-148.31
10		C		-64.53		172.79		61.99		85.58		-143.85		-67.23		-159.64		175.8		-143.43
11		U		-77.55		173.5		71.08		90.71		-137.73		-79.86		-155.02		179.62		-150.9
12		C		-104.44		175.56		104.21		94.81		-138.19		-82.89		-155.3		-175.22		-166.55
13		A		-100.73		173.36		86.59		93.24		-135.34		-79.68		-160.06		177.08		-152.27
14		G		-66.51		173.41		64.8		91.91		-137.56		-88.14		-153.91		174.88		-148.52
15		C		-74.73		174.47		74.87		94.96		-133.56		-72.94		-158.8		-175.55		-152.76
16		G		-79.22		171.63		85.99		97.7		-135.78		-90.51		-152.62		-171.12		-150.93
17		G		-95.84		175.07		90.41		104.15		-131.39		-103.5		-144.83		-170.44		-179.66
18		A		-80.28		172.51		74.96		103.38		-127.55		-93.83		-145.1		-177.26		-150.78
19		A		-88.83		176.01		90.95		107.16		-125.0		-93.51		-145.63		-166.93		170.6
20		G		-72.48		175.74		86.12		89.01		-138.65		-87.13		-161.91		169.6		-163.09
21		A		-64.97		168.17		61.95		92.18		-139.02		-64.67		-159.49		177.11		-142.02
22		G		-74.71		175.41		65.9		83.51		-142.67		-79.95		-164.05		167.8		-146.26
23		C		-67.62		172.89		63.11		82.86		-146.36		-67.35		-166.41		171.22		-141.39
24		G		-76.74		175.08		69.0		80.8		-146.37		-72.06		-169.23		168.05		-152.47
25		C		-66.96		167.96		61.05		81.64		-147.88		-65.6		-164.36		173.8		-143.67
26		U		-67.01		172.49		56.22		76.19		-145.95		-72.19		-165.72		165.43		-142.81
27		C		-71.71		172.2		58.46		84.53		-143.68		-70.35		-162.22		162.96		-148.59
28		G		-87.49		177.67		71.62		84.77		-140.76		-75.63		-171.32		161.54		-141.18
29		C		-68.33		176.96		60.54		82.53		-143.6		-71.4		-162.3		170.19		-145.6
30		C		-67.34		173.9		64.07		80.02		-141.02		-70.14		-169.25		171.0		-133.93
31		U		-60.41		174.24		50.84		90.57		-137.52		-74.28		-150.85		-179.82		-138.88
32		C		-100.76		173.04		67.43		95.07		-136.56		-83.91		-154.86		154.2		-154.24
33		A		-61.84		176.57		59.69		94.3		-135.61		-74.88		-151.66		-179.9		-142.36
34		C		-109.52		-180.0		102.13		96.14		-133.03		-78.17		-158.21		164.59		-173.93
35		A		-56.23		170.33		55.83		90.95		-136.65		-70.84		-155.62		177.31		-141.58
36		C		-67.24		167.01		56.9		86.06		-140.82		-74.98		-164.39		168.39		-140.58
37		G		-57.84		176.22		61.1		86.8		-142.93		-75.24		-162.81		174.85		-146.69
38		C		-76.21		170.3		63.14		84.15		-146.18		-75.96		-158.6		169.36		-155.09
39		G		-61.92		172.37		65.3		89.97		-143.49		-83.56		-157.41		-178.54		-168.64
40		A		-62.19		167.71		64.06		89.79		-139.52		-74.27		-157.69		-176.81		-151.48
41		G		-61.77		169.13		58.67		87.13		-147.91		-84.42		-156.01		170.74		-165.23
42		A		-60.87		163.98		63.11		95.51		-133.66		-67.04		-153.84		-175.91		-145.07
43		G		-59.6		167.33		72.23		87.92		-143.66		-77.27		-162.79		176.22		-154.82
44		G		-57.26		170.37		57.55		97.88		-133.66		-78.91		-141.29		-169.25		-147.88
45		U		-59.35		170.29		60.81		97.07		-135.43		-79.57		-149.21		-151.68		-142.03
46		C		-61.11		177.58		85.34		107.87		-129.26		-134.69		-141.82		-150.66		141.71
47		G		-48.81		174.28		66.19		94.5		-136.39		-69.65		-157.52		-125.2		-153.14
48		U		-63.41		170.47		54.72		95.15		-138.6		-84.24		-144.4		178.84		-162.05
49		A		-72.2		174.32		77.76		97.46		-131.82		-72.58		-151.96		-160.35		-138.64
50		G		-73.75		174.82		88.0		83.64		-143.52		-73.43		-164.46		169.88		-146.33
51		G		-74.49		178.33		75.82		92.61		-138.52		-72.28		-161.58		-177.1		-148.78
52		U		-57.6		173.58		50.11		88.27		-140.95		-70.34		-154.86		179.95		-134.52
53		U		-64.76		178.85		57.98		92.26		-137.58		-69.38		-147.92		177.19		-134.85
54		C		-115.08		170.5		57.52		88.19		-139.88		-71.67		-159.83		85.4		-142.17
55		A		-64.15		175.5		61.34		89.97		-142.35		-72.92		-153.56		174.3		-151.6
56		A		-60.2		-173.91		60.14		104.66		-124.52		-90.85		-140.46		-156.85		-138.59
57		G		-48.96		171.47		64.09		93.98		-134.46		-68.48		-154.74		165.43		-135.55
58		U		-58.87		177.32		56.47		105.97		-126.74		-72.69		-144.36		-174.37		-112.66
59		C		-66.67		177.91		56.5		87.14		-145.34		-74.18		-154.92		160.73		-150.26
60		C		-63.22		174.66		49.91		84.8		-146.69		-71.91		-157.14		169.03		-151.68
61		U		-59.57		175.29		56.54		87.27		-146.0		-77.06		-154.77		168.72		-163.53
62		A		-59.44		172.55		53.11		89.44		-144.7		-75.32		-153.95		-179.39		-146.86
63		C		-62.98		171.11		58.46		83.5		-147.14		-66.53		-163.53		157.49		-147.85
64		G		-62.26		177.39		66.13		86.88		-145.05		-78.24		-164.36		179.82		-151.33
65		C		-61.44		176.57		58.24		81.18		-148.64		-74.25		-161.84		170.66		-152.45
66		C		-62.72		165.59		57.11		81.77		-149.95		-71.87		-161.26		171.96		-148.89
67		G		-66.02		174.86		61.43		89.35		-143.78		-82.13		-156.1		-179.63		-160.82
68		C		-62.73		169.57		56.45		83.22		-149.23		-69.17		-162.88		172.12		-151.78
69		C		-67.26		170.92		58.17		88.7		-143.56		-77.55		-153.37		174.83		-153.41
70		C		-65.77		172.75		62.98		88.53		-144.91		-76.74		-159.62		176.81		-148.97
71		A		-58.88		172.88		59.79		97.04		-135.85		-84.54		-148.98		-175.0		-161.98
72		C		-62.23		169.03		58.65		95.07		-135.6		-72.05		-151.54		-171.64		-148.7
73		C		-65.09		175.27		60.97		99.14		-133.9		-84.03		-146.83		177.29		-159.05
74		A		-64.26		174.95		66.81		101.01		-134.39		-79.83		-147.95		-172.4		-156.06
