No.	   Seq		 Alpha		 Beta		Gamma		Delta		 Epsilon	 Zeta		  Chi		  Eta		 Theta

0		G		-66.43		171.6		72.89		77.11		-146.71		-76.25		-178.88		169.05		-155.47
1		A		-83.11		165.3		67.55		85.01		-145.92		-68.69		-170.28		170.04		-137.16
2		G		-69.2		176.08		59.26		76.57		-148.18		-72.86		-169.47		159.38		-137.82
3		C		-88.36		170.97		72.36		87.42		-139.52		-95.96		-158.99		171.53		-175.12
4		G		-75.37		173.86		76.58		75.6		-147.13		-78.53		179.68		161.02		-156.62
5		A		-77.63		165.67		59.97		89.4		-143.43		-69.47		-164.92		173.71		-136.94
6		G		-69.31		178.39		59.59		81.89		-141.51		-71.72		-165.9		157.96		-135.96
7		C		-84.14		174.14		66.88		91.13		-136.61		-99.39		-153.73		173.36		-175.59
8		G		-131.34		177.78		83.96		82.67		-142.12		-83.2		-174.23		165.13		-160.12
9		A		-80.55		164.58		56.87		100.16		-136.73		-70.13		-154.8		-165.35		-134.79
10		G		-76.81		179.82		60.36		83.34		-139.65		-68.53		-165.24		154.82		-133.76
11		C		-81.29		177.12		64.81		89.78		-137.78		-92.62		-151.42		173.09		-165.25
12		G		-122.49		178.43		84.29		81.92		-142.22		-80.45		-173.0		165.18		-161.85
13		A		-80.55		166.23		60.95		102.97		-135.55		-71.62		-150.81		-168.85		-137.83
14		G		-80.76		178.6		62.09		83.58		-139.08		-65.93		-165.09		150.32		-129.69
15		C		-84.8		176.0		69.01		94.11		-133.27		-90.95		-147.15		175.27		-157.0
16		G		-173.21		177.0		97.28		85.58		-138.06		-82.0		-171.18		155.97		-159.4
17		A		-94.42		167.97		67.39		102.57		-130.04		-75.01		-148.39		-168.38		-135.86
18		G		-77.65		176.71		70.84		88.2		-136.66		-67.83		-161.19		158.2		-130.39
19		C		-83.26		176.8		72.07		95.9		-131.14		-87.43		-147.66		179.61		-150.49
20		G		173.07		178.92		111.04		82.81		-140.34		-78.82		-175.03		150.68		-157.86
21		A		-97.28		172.45		72.68		93.13		-136.12		-71.4		-159.44		179.19		-136.12
22		G		-66.77		172.69		70.86		81.3		-140.8		-68.05		-166.72		153.52		-131.47
23		C		-68.17		172.73		63.56		87.55		-137.22		-77.06		-157.19		174.83		-142.08
24		G		-114.49		178.58		84.74		82.99		-143.04		-77.39		-172.77		152.59		-152.34
25		A		-71.39		171.1		56.42		94.51		-137.28		-68.1		-156.64		-178.1		-130.73
26		G		-70.17		173.4		68.19		80.92		-141.17		-70.99		-166.22		150.9		-133.65
27		C		-64.21		172.78		55.89		90.27		-135.81		-74.11		-157.63		-178.81		-135.1
28		G		-84.84		-179.15		67.01		83.37		-145.93		-78.7		-166.5		158.67		-157.33
29		A		-69.01		172.08		52.92		93.33		-141.87		-63.39		-157.77		-176.64		-136.44
30		G		-75.73		174.09		71.07		79.31		-141.56		-68.15		-166.35		152.15		-139.29
31		C		-61.33		169.57		53.65		84.59		-141.52		-67.69		-164.8		178.66		-137.92
32		G		-76.86		-177.75		61.78		88.16		-143.73		-79.84		-161.04		166.79		-162.64
33		A		-67.11		172.76		51.9		95.0		-141.77		-63.55		-157.64		-169.59		-140.35
34		G		-76.99		174.16		74.54		80.17		-141.49		-64.18		-167.99		152.0		-139.85
35		C		-63.32		168.24		55.39		83.22		-143.33		-68.0		-165.61		176.41		-140.21
36		G		-77.29		-178.57		61.9		86.64		-145.73		-77.07		-161.93		165.58		-160.77
37		A		-68.49		172.26		54.65		90.54		-142.58		-65.56		-160.65		-171.98		-142.69
38		G		-82.04		172.11		75.33		78.42		-144.27		-67.1		-168.5		149.69		-143.2
39		C		-62.37		166.94		57.27		83.5		-142.13		-68.4		-164.63		173.06		-138.85
40		G		-77.99		178.77		57.11		90.63		-144.06		-78.37		-156.92		166.51		-161.36
41		A		-65.47		171.91		54.63		85.5		-145.28		-67.84		-162.59		178.76		-141.23
42		G		-93.1		172.31		76.51		81.79		-142.49		-70.15		-163.53		152.39		-141.94
43		C		-62.28		165.55		58.85		84.95		-140.87		-69.67		-165.74		176.76		-138.67
