No.	   Seq		 Alpha		 Beta		Gamma		Delta		 Epsilon	 Zeta		  Chi		  Eta		 Theta

0		G		-85.45		173.25		78.59		83.7		-142.6		-76.26		-166.07		174.01		-147.64
1		G		-73.78		169.16		70.64		88.84		-144.18		-70.63		-159.78		-179.0		-138.4
2		G		-84.98		178.85		71.91		85.12		-143.33		-83.64		-162.77		167.7		-150.35
3		C		-70.65		179.15		65.37		93.83		-141.29		-77.75		-151.33		179.19		-150.15
4		C		-85.47		176.73		64.86		83.58		-145.28		-81.32		-163.61		162.35		-145.68
5		C		-66.21		178.81		53.99		87.11		-152.78		-73.36		-152.57		176.05		-145.28
6		G		-77.49		177.98		65.56		79.69		-146.85		-76.91		-168.24		166.85		-143.8
7		G		-62.71		173.66		49.67		94.96		-141.97		-73.71		-146.82		-175.38		-143.07
8		U		-84.83		176.41		64.39		93.48		-135.71		-80.35		-153.12		171.05		-144.2
9		A		-70.22		178.51		63.27		104.28		-130.78		-86.23		-137.17		-169.3		-142.2
10		A		-144.6		178.77		80.68		95.69		-132.03		-82.65		-158.05		162.14		-145.43
11		G		-56.45		173.75		62.66		92.26		-136.13		-66.43		-154.66		-170.55		-130.86
12		U		-91.21		176.54		65.23		93.12		-133.11		-80.86		-152.78		178.58		-134.95
13		C		-68.93		177.97		62.42		93.2		-141.46		-65.72		-147.32		-179.5		-140.39
14		U		-110.58		177.96		85.69		90.67		-136.77		-79.7		-158.93		173.42		-135.37
15		C		-71.18		175.62		64.17		93.21		-142.45		-80.22		-149.1		173.2		-161.29
16		U		-76.55		175.84		73.21		90.66		-135.13		-81.25		-154.35		170.92		-139.43
17		U		-65.47		179.57		64.75		104.56		-130.26		-85.72		-138.38		-174.05		-159.24
18		C		-111.26		175.18		81.88		94.41		-135.32		-88.5		-155.94		157.48		-145.05
19		G		-73.73		-175.75		71.0		92.41		-143.28		-77.29		-154.67		-171.87		-147.24
20		G		-87.78		-176.5		82.79		92.19		-136.58		-88.97		-158.07		177.04		-148.14
21		A		-58.0		-179.48		59.07		92.11		-139.92		-62.59		-152.74		-166.71		-142.32
22		G		-78.15		176.03		85.47		87.01		-139.49		-83.24		-162.74		175.26		-144.92
23		A		-67.0		173.6		51.25		99.58		-136.1		-64.51		-143.66		179.62		-132.2
24		U		-73.73		170.69		63.84		87.79		-138.15		-75.79		-158.54		161.87		-138.13
25		A		-67.31		-178.75		58.86		102.13		-133.58		-73.06		-139.38		-175.65		-140.17
26		C		-72.58		176.32		61.21		81.98		-143.83		-71.94		-165.61		163.13		-141.24
27		U		-59.63		177.78		54.9		91.38		-144.04		-75.42		-146.68		178.17		-151.64
28		G		-77.49		-176.05		63.77		83.02		-143.62		-80.12		-163.25		168.08		-149.2
29		C		-60.45		-179.31		55.59		85.37		-152.16		-72.84		-153.66		168.1		-155.27
30		C		-78.89		180.0		70.29		81.47		-142.49		-80.21		-165.55		170.17		-147.17
31		G		-67.88		-177.79		67.98		84.65		-148.24		-76.51		-159.88		172.62		-158.12
32		G		-77.39		169.38		61.47		80.12		-143.8		-74.12		-167.29		167.02		-144.49
33		G		-60.72		169.58		50.84		87.37		-147.19		-71.03		-156.33		173.99		-135.95
34		C		-81.58		177.36		62.12		89.67		-138.28		-78.63		-159.2		167.94		-136.91
35		C		-72.85		176.91		67.22		94.66		-137.88		-75.33		-152.65		-175.21		-148.0
36		C		-94.75		179.49		76.01		96.22		-135.33		-86.53		-153.12		177.94		-151.21
