No.	   Seq		 Alpha		 Beta		Gamma		Delta		 Epsilon	 Zeta		  Chi		  Eta		 Theta

0		G		-73.78		172.2		68.88		84.08		-146.25		-77.95		-165.53		170.28		-150.41
1		G		-66.77		170.99		63.5		86.73		-148.59		-72.81		-160.23		175.01		-150.94
2		G		-74.38		173.72		66.7		86.15		-144.06		-79.38		-161.44		168.97		-146.02
3		C		-66.77		172.78		61.15		91.09		-144.91		-68.09		-156.05		175.01		-140.46
4		C		-69.23		174.33		64.7		85.55		-145.44		-79.42		-163.01		173.08		-150.2
5		C		-63.83		172.59		61.41		89.94		-145.22		-70.62		-157.25		176.08		-153.34
6		G		-69.26		170.81		64.81		87.27		-141.79		-71.98		-161.4		174.78		-140.14
7		U		-63.58		172.03		62.75		95.64		-138.39		-72.43		-146.01		-176.14		-150.72
8		G		-84.78		-180.0		91.68		92.0		-135.76		-83.26		-159.24		174.89		-147.77
9		G		-75.1		173.02		77.6		92.95		-139.08		-71.08		-158.62		-179.4		-148.85
10		U		-81.21		174.7		73.35		89.52		-140.24		-77.09		-161.02		175.23		-148.4
11		C		-60.7		174.73		62.23		87.86		-144.74		-68.33		-152.01		179.87		-148.91
12		U		-89.84		173.94		75.2		86.15		-141.9		-77.11		-158.87		174.96		-151.26
13		A		-69.35		169.54		70.27		96.47		-140.63		-64.99		-151.78		-166.07		-159.62
14		G		-86.46		174.42		83.54		90.99		-137.17		-76.53		-159.86		176.16		-151.21
15		U		-56.5		174.89		61.77		102.65		-132.6		-80.11		-138.36		-167.29		-176.11
16		U		-82.16		174.8		82.35		105.21		-127.7		-94.97		-148.43		175.86		-144.88
17		G		-74.82		173.62		76.73		100.6		-135.42		-79.03		-148.49		-166.04		-158.52
18		G		-106.15		175.89		80.33		95.61		-132.99		-85.3		-157.07		-172.77		-150.22
19		U		-55.36		170.71		53.89		99.02		-133.78		-66.31		-139.54		-170.28		-148.42
20		C		-100.6		176.76		82.56		91.9		-135.95		-86.11		-153.5		172.43		-164.48
21		A		-63.71		176.56		68.38		93.25		-140.53		-71.95		-155.23		-163.95		-157.01
22		U		-70.66		173.67		76.24		81.46		-142.91		-75.92		-166.47		164.79		-150.78
23		G		-60.01		177.22		59.3		86.51		-144.88		-74.09		-154.35		170.06		-155.25
24		A		-91.62		174.01		69.08		84.43		-139.84		-72.78		-166.57		159.52		-139.22
25		C		-60.5		173.57		60.24		84.52		-149.65		-71.5		-160.29		162.92		-150.54
26		G		-69.66		175.7		66.17		80.88		-146.24		-73.62		-166.63		173.72		-145.79
27		C		-62.87		170.34		53.38		82.91		-149.72		-66.43		-160.94		166.5		-143.95
28		C		-69.43		173.87		71.05		77.78		-145.8		-69.29		-169.76		168.39		-148.96
29		G		-60.61		178.88		60.89		83.55		-146.24		-72.25		-162.08		175.9		-153.64
30		C		-79.72		168.39		65.68		80.53		-142.78		-71.2		-169.72		160.05		-147.63
31		C		-64.42		173.34		65.75		81.51		-144.47		-70.87		-164.32		168.84		-142.92
32		C		-71.19		178.79		64.04		86.01		-136.91		-79.75		-159.81		174.25		-141.02
33		U		-61.73		174.85		53.54		97.9		-132.2		-77.52		-144.45		178.78		-144.82
34		U		-87.79		170.29		70.85		98.11		-134.17		-92.05		-150.55		168.88		-162.4
35		A		-67.91		173.57		59.96		100.63		-131.64		-74.1		-143.66		-179.71		-152.42
36		C		-152.77		178.84		91.45		87.48		-139.41		-73.39		-167.8		161.41		-154.71
37		G		-61.35		175.85		69.12		93.71		-135.94		-82.22		-154.55		-177.9		-162.97
38		A		-78.3		172.0		73.58		85.55		-137.14		-78.28		-168.75		171.21		-147.33
39		G		-60.56		167.14		69.36		86.13		-143.25		-71.82		-162.92		170.1		-149.82
40		G		-67.59		174.88		57.65		86.44		-143.38		-83.09		-159.66		176.69		-148.63
41		C		-59.58		173.67		57.13		87.48		-144.79		-71.68		-155.78		174.09		-147.04
42		G		-82.88		172.87		78.4		85.56		-139.83		-79.46		-164.31		174.2		-146.14
43		G		-63.54		170.36		61.42		86.4		-145.27		-80.85		-157.87		175.12		-169.59
44		A		-60.46		166.42		56.04		84.6		-141.02		-73.16		-161.88		174.82		-144.64
45		G		-56.94		168.94		65.69		89.59		-137.7		-77.01		-157.2		177.07		-148.52
46		G		-65.39		175.6		69.7		91.71		-135.9		-79.21		-154.45		177.83		-140.83
47		U		-59.24		166.41		67.45		96.14		-133.84		-74.86		-151.11		-171.19		-150.97
48		C		-66.74		177.86		68.1		101.51		-135.97		-95.9		-151.92		-163.23		173.87
49		C		-50.25		176.78		59.08		88.33		-141.07		-67.43		-161.31		-161.72		-147.28
50		G		-80.28		176.95		74.32		82.3		-144.15		-74.38		-165.58		171.09		-145.88
51		G		-80.93		178.02		80.32		88.87		-140.37		-74.54		-160.85		173.86		-153.17
52		G		-81.13		172.28		89.89		79.38		-141.9		-74.81		-172.45		170.17		-144.18
53		G		-73.18		176.04		75.7		85.41		-141.38		-76.59		-165.34		173.82		-147.41
54		U		-74.26		177.91		65.71		85.49		-138.5		-74.31		-163.79		167.1		-136.75
55		U		-69.3		169.64		54.78		84.0		-138.05		-69.17		-160.03		157.68		-131.2
56		C		-149.96		174.43		65.46		85.94		-137.24		-73.45		-163.53		96.81		-142.3
57		A		-63.09		177.37		55.04		90.27		-138.4		-80.9		-154.92		173.21		-147.65
58		A		-67.22		-178.61		64.54		102.74		-125.96		-93.14		-144.99		-170.01		-145.15
59		G		-39.88		-179.77		70.21		93.4		-131.75		-75.63		-158.1		153.51		-135.66
60		U		-56.67		174.99		63.48		96.85		-128.81		-74.74		-156.25		173.58		-122.0
61		C		-63.84		172.74		55.24		85.27		-141.7		-74.65		-159.61		156.36		-141.31
62		C		-69.24		176.76		58.95		81.37		-146.05		-74.02		-165.11		168.33		-155.48
63		C		-64.18		172.64		56.31		77.33		-149.48		-72.96		-168.7		166.59		-146.57
64		C		-64.68		172.52		57.69		75.56		-151.27		-71.56		-169.46		168.4		-148.77
65		G		-68.14		176.91		63.19		81.5		-146.04		-77.28		-168.48		174.89		-152.58
66		C		-64.88		172.67		61.78		77.39		-147.36		-73.58		-170.89		167.6		-151.06
67		G		-67.3		175.48		70.1		79.97		-146.69		-78.17		-168.02		172.54		-154.78
68		G		-71.53		171.44		66.79		82.73		-144.6		-78.51		-164.33		170.16		-149.55
69		G		-72.65		169.58		65.27		87.53		-142.6		-73.82		-161.81		172.09		-154.76
70		C		-67.94		172.55		61.99		84.84		-143.42		-73.87		-161.6		174.93		-148.98
71		C		-69.63		172.54		59.79		86.11		-142.56		-74.78		-158.6		172.7		-148.23
72		C		-74.46		173.39		64.4		88.24		-140.34		-78.38		-158.11		174.99		-153.58
73		A		-66.87		176.47		70.68		96.67		-132.75		-83.1		-151.47		-176.04		-158.84
74		C		-67.28		174.63		64.31		94.13		-132.95		-73.6		-154.23		175.91		-145.46
75		C		-81.37		178.87		81.01		99.01		-130.89		-85.69		-152.04		177.92		-156.23
76		A		-82.44		177.22		77.16		99.9		-132.18		-84.79		-152.6		176.77		-152.06
