No.	   Seq		 Alpha		 Beta		Gamma		Delta		 Epsilon	 Zeta		  Chi		  Eta		 Theta

0		G		-95.72		172.77		77.34		85.04		-141.86		-77.92		-166.5		164.64		-143.07
1		G		-72.78		173.32		70.84		82.99		-147.3		-77.89		-168.81		168.86		-151.24
2		C		-69.89		175.38		62.63		77.54		-146.58		-74.61		-168.64		166.87		-139.41
3		C		-69.94		176.13		60.87		78.13		-148.51		-77.21		-168.46		166.15		-145.33
4		U		-68.76		175.38		54.54		86.88		-141.88		-80.46		-155.14		166.55		-139.16
5		G		-83.98		178.55		69.91		82.28		-144.45		-80.3		-167.74		161.73		-151.46
6		A		-70.11		178.94		57.27		94.19		-134.65		-71.19		-158.22		174.82		-132.34
7		G		-101.4		-178.22		75.95		94.66		-136.24		-80.83		-160.35		163.01		-149.57
8		G		-113.2		-174.81		94.9		101.58		-129.84		-92.97		-153.8		-164.2		-150.6
9		A		-167.12		176.18		76.5		105.13		-129.41		-75.06		-152.16		-157.91		-135.55
10		G		-81.8		172.9		75.32		87.84		-141.43		-78.09		-158.63		169.77		-146.0
11		A		-90.89		-179.87		68.42		93.14		-136.27		-76.58		-157.32		179.94		-140.25
12		C		-72.19		169.63		62.69		81.9		-144.72		-68.91		-164.1		167.52		-146.62
13		U		-69.76		179.45		62.57		87.9		-141.39		-74.24		-156.06		178.88		-139.39
14		C		-80.02		177.0		57.7		87.31		-142.66		-77.47		-158.17		160.57		-148.97
15		A		-84.35		177.05		65.49		91.02		-136.89		-73.78		-158.59		167.5		-142.53
16		G		-80.49		178.42		92.82		98.27		-133.01		-97.34		-148.9		177.56		-170.09
17		A		-71.93		175.42		74.29		97.86		-133.46		-89.53		-145.89		168.62		-156.36
18		A		-85.95		174.72		92.24		98.31		-134.95		-82.3		-153.87		177.38		-143.18
19		G		-77.28		178.05		83.97		99.15		-137.51		-88.64		-150.92		176.04		-157.31
20		C		-73.59		179.23		64.86		82.44		-145.84		-70.05		-166.37		174.0		-146.91
21		C		-65.33		173.71		65.72		81.8		-148.5		-73.24		-164.52		175.76		-147.9
