No.	   Seq		 Alpha		 Beta		Gamma		Delta		 Epsilon	 Zeta		  Chi		  Eta		 Theta

0		G		-81.42		175.67		63.77		81.31		-146.22		-72.13		-169.28		165.26		-142.22
1		G		-69.23		172.88		61.06		74.74		-147.31		-72.65		-171.68		163.96		-141.79
2		A		-75.57		174.24		63.19		88.95		-140.5		-79.84		-156.08		172.73		-143.76
3		A		-140.98		178.57		94.06		85.68		-139.21		-80.37		-165.84		151.1		-143.66
4		G		-101.02		178.82		97.1		93.39		-138.07		-78.08		-165.16		-178.07		-140.19
5		G		-92.07		-176.16		70.51		91.58		-137.97		-77.83		-162.41		-177.72		-136.68
6		C		-66.47		-177.63		55.47		88.19		-142.4		-68.6		-157.59		170.59		-125.31
7		C		-79.18		179.69		60.25		85.05		-140.96		-73.18		-162.2		161.16		-126.02
8		C		-80.44		177.09		57.27		76.61		-152.58		-71.59		-167.51		161.72		-143.23
9		U		-64.45		174.43		52.44		83.62		-144.6		-76.31		-153.98		173.3		-135.21
10		U		-66.49		177.36		53.04		94.41		-138.03		-78.65		-146.51		168.45		-134.49
11		U		-60.88		179.12		51.07		96.88		-132.97		-72.19		-150.65		170.07		-112.89
12		U		-106.26		-174.22		66.69		105.06		-128.77		-80.54		-144.38		165.03		-124.92
13		C		-142.44		-169.97		79.63		90.42		-138.41		-89.65		-156.45		144.86		-162.01
14		A		-65.37		-175.67		59.03		86.83		-141.93		-79.3		-158.4		-172.22		-151.85
15		G		-64.34		175.33		59.0		76.99		-147.51		-76.05		-167.28		171.54		-144.97
16		G		-78.54		175.71		66.58		90.28		-141.24		-78.04		-156.88		169.77		-142.62
17		G		-87.92		178.42		84.6		86.64		-141.47		-76.53		-164.77		167.24		-138.11
18		C		-80.58		176.16		64.65		86.4		-145.3		-74.4		-158.83		166.33		-142.46
19		C		-76.17		171.52		64.18		85.8		-142.12		-79.74		-158.64		168.7		-153.86
20		A		-71.95		173.74		62.11		92.66		-137.57		-86.59		-149.4		179.09		-153.8
21		C		-67.25		171.64		60.75		82.6		-143.77		-73.37		-161.78		161.59		-148.43
22		C		-62.76		172.98		56.63		88.02		-142.11		-78.43		-151.24		174.09		-146.49
23		C		-76.11		-178.28		71.49		93.2		-138.14		-91.07		-151.94		176.18		-158.36
