No.	   Seq		 Alpha		 Beta		Gamma		Delta		 Epsilon	 Zeta		  Chi		  Eta		 Theta

0		G		-82.28		177.31		76.37		85.79		-143.25		-77.62		-162.69		171.91		-146.98
1		G		-78.65		174.75		68.69		85.48		-143.44		-75.91		-162.09		169.74		-148.79
2		G		-84.84		178.06		78.23		91.82		-138.0		-83.25		-160.5		174.53		-148.84
3		C		-80.92		177.19		71.0		84.15		-144.5		-74.84		-165.52		166.85		-146.19
4		G		-94.62		177.66		78.08		83.39		-144.26		-76.82		-168.5		165.06		-142.31
5		G		-84.25		175.76		66.47		82.42		-144.2		-76.27		-164.5		164.27		-142.52
6		C		-85.66		178.53		67.74		80.5		-145.0		-74.54		-165.31		161.26		-141.7
7		C		-75.02		176.31		64.49		84.37		-143.9		-73.75		-164.93		167.58		-141.98
8		U		-97.4		-179.54		73.29		91.57		-139.68		-79.92		-161.4		171.77		-150.83
9		U		-92.07		176.18		72.84		90.17		-137.36		-75.79		-158.88		164.52		-141.72
10		C		-82.15		176.42		62.37		84.71		-141.58		-76.73		-161.16		163.0		-140.06
11		G		-92.83		-177.8		78.71		82.31		-143.57		-76.49		-168.91		162.42		-143.33
12		G		-93.77		178.66		75.81		84.75		-143.02		-77.93		-165.25		168.56		-142.67
13		G		-82.98		175.36		72.57		83.42		-142.69		-76.0		-163.82		168.62		-142.19
14		C		-88.3		179.53		71.36		87.02		-139.17		-75.35		-159.09		167.5		-134.0
15		U		-80.86		174.68		62.24		87.81		-138.28		-84.57		-156.32		165.37		-150.0
16		A		-152.43		175.3		87.42		98.54		-129.11		-81.92		-156.19		171.59		-141.06
17		G		-112.82		168.88		74.32		89.45		-137.38		-78.42		-160.54		156.37		-146.21
18		A		-89.51		-177.88		79.86		96.88		-133.78		-83.22		-150.26		178.64		-142.01
19		C		-81.66		179.44		82.22		93.85		-133.17		-79.29		-154.37		175.7		-141.71
20		G		-141.46		-178.56		121.98		94.99		-135.87		-90.29		-160.46		175.61		-164.91
21		G		-68.71		178.88		72.65		87.97		-141.0		-78.85		-162.13		174.35		-143.83
22		U		-67.55		172.01		69.26		82.23		-141.74		-74.91		-164.36		169.49		-142.86
23		G		-78.84		176.63		78.27		85.3		-142.18		-78.18		-162.98		169.7		-149.93
24		G		-84.75		176.64		66.93		79.99		-146.77		-75.14		-166.08		165.78		-149.86
25		G		-73.63		174.02		68.02		79.72		-144.81		-74.78		-169.71		167.62		-141.92
26		A		-74.12		175.35		69.08		90.21		-137.07		-77.92		-158.87		-178.16		-151.22
27		G		-77.66		177.6		76.58		83.82		-139.98		-81.17		-165.17		168.1		-152.77
28		A		-81.22		176.74		71.62		92.25		-135.02		-72.17		-157.92		179.89		-136.62
29		G		-102.27		178.71		80.64		86.4		-139.06		-76.39		-161.97		158.36		-139.39
30		G		-74.68		-177.78		75.99		87.33		-138.39		-73.47		-164.48		179.96		-137.56
31		C		-81.02		175.76		63.14		84.71		-141.19		-70.98		-166.3		164.79		-143.09
32		U		-66.8		178.92		60.98		92.2		-138.76		-75.79		-156.66		179.37		-143.18
33		U		-78.34		179.85		63.79		89.2		-137.53		-79.19		-156.59		169.07		-141.89
34		C		-90.58		173.83		63.65		81.89		-142.92		-72.11		-166.99		149.34		-146.04
35		G		-74.65		-179.7		71.85		84.3		-139.98		-75.32		-167.76		170.93		-142.29
36		G		-72.39		-176.18		66.03		85.07		-143.38		-77.77		-165.66		171.79		-141.4
37		C		-78.8		178.78		65.74		84.88		-140.71		-68.9		-165.22		164.79		-137.36
38		U		-69.88		179.37		64.77		86.86		-139.89		-76.58		-162.32		168.69		-135.3
39		G		-88.35		176.24		65.09		86.3		-140.26		-75.44		-165.02		158.86		-142.2
40		G		-72.98		173.74		56.42		86.83		-140.44		-74.16		-163.21		172.61		-138.81
41		U		-69.28		174.76		60.03		85.14		-140.62		-73.57		-161.49		166.5		-138.85
42		C		-76.39		179.07		63.59		83.46		-141.79		-72.96		-163.38		163.83		-140.0
43		C		-79.46		173.17		62.97		85.26		-143.12		-75.98		-163.27		161.55		-147.7
44		A		-68.9		-179.48		59.17		86.24		-142.15		-74.58		-162.1		168.68		-138.88
45		C		-68.07		177.38		61.65		80.17		-144.22		-73.91		-163.25		162.9		-142.85
46		C		-69.43		173.4		62.08		80.46		-144.63		-71.57		-164.97		164.28		-137.85
47		C		-79.87		178.34		70.4		82.79		-145.92		-78.05		-165.94		166.84		-151.11
48		G		-66.88		179.13		60.43		83.7		-145.37		-78.64		-164.49		175.27		-151.92
49		U		-74.06		176.01		60.76		86.13		-139.47		-73.04		-161.29		167.03		-138.73
50		G		-75.19		174.85		71.99		87.4		-140.98		-80.35		-161.49		170.12		-150.77
51		A		-74.15		174.3		66.19		84.31		-142.1		-74.9		-163.35		168.78		-145.15
52		C		-69.91		173.74		62.81		82.53		-145.37		-73.93		-162.66		168.19		-146.47
53		G		-80.95		178.24		75.36		87.83		-138.9		-82.19		-162.16		175.82		-145.51
54		C		-74.41		177.01		70.03		87.28		-141.24		-73.17		-161.74		172.55		-144.47
55		U		-80.34		177.51		67.07		90.83		-138.07		-78.68		-157.24		175.31		-148.41
56		C		-74.09		178.63		66.46		87.96		-142.34		-76.72		-158.16		172.45		-148.63
