No.	   Seq		 Alpha		 Beta		Gamma		Delta		 Epsilon	 Zeta		  Chi		  Eta		 Theta

0		G		-66.23		170.21		61.52		88.72		-145.44		-69.11		-154.95		176.5		-146.39
1		U		-71.6		174.92		63.83		88.12		-141.2		-77.69		-159.86		172.67		-145.54
2		C		-64.48		169.44		59.07		90.15		-142.76		-70.06		-151.73		178.67		-151.23
3		U		-81.38		175.68		77.47		89.84		-140.42		-83.86		-161.85		173.51		-154.82
4		A		-60.27		173.07		55.26		91.22		-140.68		-64.77		-151.53		-179.74		-144.38
5		C		-75.39		175.46		68.4		86.36		-139.52		-77.15		-163.12		170.43		-143.31
6		C		-59.13		170.91		52.94		93.11		-139.85		-62.46		-145.18		-175.86		-151.34
7		U		-76.22		173.01		69.59		88.35		-140.58		-82.94		-161.03		170.08		-149.48
8		A		-56.25		174.35		61.27		102.15		-132.69		-61.97		-145.21		-166.79		-152.63
9		U		-82.12		173.02		72.72		91.97		-136.71		-83.52		-158.51		168.57		-148.97
10		C		-55.63		178.35		62.32		96.33		-136.85		-79.27		-146.37		-177.49		-157.08
11		G		-85.98		172.22		74.96		91.78		-138.1		-84.36		-161.3		176.56		-154.51
12		G		-60.39		172.79		67.53		98.33		-142.57		-72.55		-152.52		-165.24		-154.84
13		G		-73.01		173.75		70.82		88.02		-139.66		-81.85		-160.57		178.48		-147.23
14		C		-57.07		173.61		57.96		94.12		-138.44		-70.41		-152.12		-172.68		-144.89
15		U		-84.88		170.64		72.72		94.32		-134.98		-86.85		-157.27		176.71		-154.26
16		A		-65.75		175.56		55.64		100.02		-139.16		-74.7		-144.66		-166.96		-169.74
17		A		-79.76		169.26		73.88		93.34		-135.85		-79.56		-158.65		175.75		-145.72
18		G		-58.66		176.26		56.59		101.75		-133.79		-75.74		-140.12		-165.58		-159.15
19		G		-90.24		-179.78		101.11		93.73		-135.56		-82.2		-158.5		177.29		-151.19
20		A		-62.67		177.4		57.65		97.55		-140.03		-65.59		-149.76		-173.11		-155.56
21		G		-71.3		169.21		74.49		85.3		-141.98		-78.98		-165.62		170.7		-153.2
22		C		-58.81		171.58		50.03		87.46		-145.78		-59.41		-153.57		-178.56		-143.25
23		C		-77.79		171.38		70.26		80.52		-144.31		-73.83		-165.44		168.39		-141.72
24		G		-63.97		178.31		60.47		92.35		-141.15		-60.92		-149.56		-177.65		-151.69
25		U		-75.2		166.2		65.99		86.08		-139.49		-81.49		-163.27		168.98		-153.84
26		A		-57.73		171.17		56.93		100.85		-133.72		-60.29		-141.77		-174.74		-156.66
27		U		-77.76		173.21		68.82		91.41		-138.41		-77.66		-157.92		165.58		-142.75
28		G		-64.8		174.59		57.6		94.61		-140.2		-69.58		-145.86		177.85		-153.2
29		C		-88.4		169.22		76.0		81.98		-139.5		-74.95		-167.56		164.32		-144.27
30		G		-61.36		168.72		56.92		89.76		-146.62		-75.27		-152.86		-179.63		-158.82
31		A		-71.53		176.68		60.47		89.37		-141.18		-77.2		-160.06		179.39		-150.5
32		U		-59.59		167.68		52.2		91.68		-144.76		-61.36		-151.42		172.38		-144.46
33		G		-84.22		172.99		75.43		87.76		-137.82		-82.1		-160.86		166.87		-148.36
34		A		-59.69		169.57		51.43		94.57		-138.77		-68.84		-146.55		-179.74		-149.43
35		A		-76.12		173.5		72.09		93.58		-135.38		-80.24		-158.84		174.03		-150.25
36		A		-61.66		176.31		58.93		102.42		-133.74		-78.29		-141.47		-165.78		-152.77
37		G		-74.87		171.82		76.6		92.11		-135.62		-74.45		-157.95		170.86		-144.5
38		U		-57.83		168.56		55.07		99.09		-134.23		-73.98		-143.25		-172.31		-145.44
39		C		-64.05		171.89		59.42		88.5		-141.11		-78.58		-157.79		174.62		-153.25
40		G		-58.66		170.46		58.18		90.42		-142.06		-73.41		-154.29		-175.13		-153.91
41		C		-75.06		172.38		69.67		85.53		-142.16		-80.42		-161.8		171.36		-157.04
42		A		-57.47		172.89		64.58		89.4		-141.57		-65.64		-153.69		177.78		-147.46
43		C		-74.19		173.66		68.97		86.32		-141.28		-79.51		-162.85		175.25		-146.77
44		G		-55.68		170.98		59.43		92.54		-142.98		-70.46		-153.29		-178.34		-155.45
45		U		-75.0		174.87		72.94		88.83		-138.81		-82.09		-158.92		177.08		-147.29
46		A		-61.39		173.56		61.14		96.16		-139.77		-68.21		-147.35		177.4		-153.78
47		C		-79.66		173.88		69.2		89.37		-138.84		-73.7		-163.5		168.9		-141.44
48		G		-60.71		173.23		62.5		88.44		-144.28		-71.71		-159.78		-179.14		-149.43
49		G		-78.8		176.85		74.47		92.45		-136.16		-83.47		-158.89		179.64		-143.77
50		U		-58.04		173.13		57.27		91.24		-143.74		-66.61		-151.84		177.26		-143.28
51		U		-69.03		173.46		61.41		95.38		-133.4		-83.33		-152.86		177.14		-139.13
52		C		-62.22		174.31		55.24		93.44		-140.43		-65.38		-147.04		169.05		-149.18
53		U		-75.83		176.98		67.15		95.56		-133.09		-88.6		-153.72		175.73		-153.08
54		A		-54.18		175.12		53.91		97.71		-136.02		-70.18		-143.43		-177.88		-149.55
55		U		-67.78		171.03		65.86		90.65		-137.13		-75.18		-159.56		164.95		-140.94
56		G		-58.33		172.15		61.37		94.22		-141.24		-74.37		-151.67		179.17		-151.5
57		C		-72.32		175.42		66.37		83.17		-143.87		-76.39		-165.16		166.78		-145.66
58		C		-56.2		172.14		59.01		88.81		-144.61		-71.31		-154.74		-178.93		-155.87
59		C		-70.48		170.21		63.67		82.85		-143.78		-78.27		-165.51		172.71		-146.65
60		G		-61.2		171.97		63.16		90.47		-147.02		-74.12		-155.41		177.14		-164.11
61		G		-75.89		172.75		71.09		84.48		-142.67		-78.08		-166.16		171.3		-147.62
62		G		-58.51		172.75		59.68		89.98		-144.58		-71.78		-154.88		174.23		-151.2
63		G		-74.0		170.23		71.74		86.12		-138.89		-77.73		-164.46		174.24		-142.52
64		G		-61.82		174.84		66.81		94.73		-139.61		-78.73		-149.73		-176.74		-160.5
65		A		-76.24		171.88		68.31		91.63		-137.53		-77.37		-158.25		178.22		-148.49
66		A		-62.73		173.42		60.41		96.81		-137.27		-76.8		-145.08		179.0		-156.82
67		A		-76.76		173.3		72.38		95.69		-135.99		-79.85		-154.65		175.53		-148.13
68		A		-62.44		177.23		63.66		96.26		-139.25		-76.26		-148.51		-179.1		-154.18
69		C		-72.47		175.06		74.07		90.3		-139.86		-77.92		-159.85		177.36		-150.07
