No.	   Seq		 Alpha		 Beta		Gamma		Delta		 Epsilon	 Zeta		  Chi		  Eta		 Theta

0		G		-85.14		179.27		71.48		86.16		-142.42		-80.79		-165.41		168.4		-145.37
1		G		-93.54		174.89		77.16		90.54		-141.75		-79.81		-163.77		174.6		-149.54
2		A		-83.72		177.86		67.44		89.48		-143.78		-81.04		-156.85		176.17		-145.53
3		A		-76.32		180.0		66.01		98.85		-137.38		-86.37		-147.98		-177.53		-150.66
4		G		-80.41		177.35		68.4		95.04		-134.88		-86.18		-155.9		172.7		-151.65
5		C		-79.28		177.61		66.83		93.76		-138.98		-82.34		-157.28		178.54		-148.0
6		A		-73.98		178.91		61.02		92.51		-138.98		-79.14		-154.35		177.87		-137.45
7		G		-79.39		-178.96		72.79		92.75		-141.24		-79.32		-153.64		175.51		-142.88
8		G		-82.27		-177.75		74.7		93.97		-137.8		-78.51		-155.53		-178.15		-136.93
9		C		-77.75		179.23		65.46		91.88		-142.92		-77.44		-155.82		176.91		-142.07
10		U		-74.17		179.68		67.48		99.64		-137.92		-85.89		-150.29		-177.04		-157.22
11		U		-73.83		178.9		60.98		102.52		-136.1		-87.66		-147.61		-170.37		-157.23
12		C		-86.9		174.56		63.73		88.21		-145.22		-75.42		-160.01		167.34		-144.73
13		G		-78.38		-179.96		63.34		83.85		-148.32		-77.99		-161.33		174.23		-142.73
14		G		-77.58		-178.46		67.35		86.1		-145.81		-77.59		-161.93		178.04		-146.21
15		C		-76.02		177.07		67.43		83.45		-147.21		-75.35		-163.68		175.42		-143.34
16		C		-73.59		177.26		63.95		87.79		-145.02		-82.2		-157.51		178.78		-144.5
17		U		-76.87		179.86		55.11		100.6		-133.97		-92.76		-143.34		179.69		-140.61
18		U		-94.3		176.29		63.52		103.46		-131.28		-86.92		-143.82		179.09		-144.72
19		G		-90.75		177.11		68.26		102.1		-133.71		-88.29		-146.57		-179.4		-141.12
20		U		-67.86		-179.69		62.81		97.57		-136.1		-82.21		-150.67		-178.44		-139.24
21		U		-70.98		-178.11		65.97		106.13		-129.3		-91.0		-143.25		-174.28		-144.05
22		U		-84.96		-175.11		76.21		101.87		-131.38		-80.91		-147.69		177.94		-139.97
23		C		-76.66		178.64		65.13		89.84		-140.86		-77.66		-155.08		166.72		-139.15
24		C		-72.81		178.26		65.0		88.59		-138.26		-83.68		-155.46		175.89		-148.07
