No.	   Seq		 Alpha		 Beta		Gamma		Delta		 Epsilon	 Zeta		  Chi		  Eta		 Theta

0		G		-74.19		165.47		67.5		68.93		-159.2		-75.31		-178.21		156.03		-149.52
1		G		-63.89		171.46		65.59		72.81		-153.53		-67.32		-176.84		165.54		-138.57
2		G		-58.61		167.27		58.3		74.19		-153.37		-70.12		-177.39		173.43		-144.14
3		U		-74.6		166.58		71.27		85.9		-138.84		-62.08		-174.43		161.8		-130.77
4		G		-77.1		169.41		62.79		81.91		-145.19		-88.51		-163.98		168.89		-159.0
5		A		-72.02		-174.16		64.34		81.62		-144.31		-65.25		-173.24		173.74		-160.7
6		C		-54.05		160.81		48.5		77.63		-146.66		-67.47		-159.88		164.08		-141.06
7		G		-61.0		179.83		63.12		86.83		-140.4		-96.32		-159.53		177.43		-177.18
8		A		-73.98		173.66		57.97		108.19		-113.71		-87.54		-141.98		-146.11		-87.04
9		U		-47.21		162.39		63.85		88.75		-133.74		-78.17		-157.07		134.68		-141.2
10		A		-113.15		-175.05		82.23		101.89		-122.6		-98.18		-148.08		-170.03		-92.27
11		C		121.89		167.78		55.12		89.17		-136.13		-68.84		-158.34		45.39		-124.51
12		U		-90.05		-174.83		114.98		101.64		-122.44		-131.95		-143.82		-170.64		-178.54
13		G		44.19		170.56		62.42		124.19		-106.74		145.29		-123.27		-87.97		78.61
14		U		177.46		172.62		101.95		107.61		-122.35		-139.04		-148.05		174.09		145.65
15		A		-49.57		175.16		83.84		111.12		-118.8		-90.78		-134.54		-160.34		-115.88
16		G		179.07		-178.18		149.78		96.75		-126.4		-99.98		-163.02		155.47		-169.93
17		G		-55.93		173.46		63.24		88.64		-146.27		-79.86		-163.58		-177.33		-141.75
18		C		-62.77		168.26		58.67		97.06		-132.0		-78.45		-149.67		-169.37		-140.13
19		G		-61.39		176.61		51.63		93.3		-140.01		-115.3		-149.69		-175.88		-177.67
20		A		151.04		171.04		66.53		114.01		-121.55		-71.7		-148.34		-60.54		179.72
21		G		-50.44		158.92		51.88		88.78		-136.37		-93.91		-156.11		172.36		-166.37
22		A		-59.36		171.28		56.41		92.46		-132.79		-64.75		-156.54		-172.47		-118.03
23		G		-57.86		170.09		80.14		92.2		-136.05		-69.3		-159.92		93.66		-133.16
24		C		-65.77		175.63		66.55		81.57		-150.38		-65.13		-168.16		177.18		-145.94
25		C		-60.79		170.65		57.35		78.31		-150.03		-60.74		-166.13		165.71		-132.74
26		U		-67.37		167.94		53.94		83.59		-147.36		-66.04		-161.18		162.08		-142.81
27		G		-69.89		177.61		62.23		89.33		-143.43		-72.5		-163.04		-179.79		-162.29
28		C		-67.18		167.14		45.75		79.37		-149.59		-69.27		-161.35		165.26		-142.22
29		G		-89.47		-166.58		102.32		76.58		-148.49		-74.77		-178.91		167.55		-150.89
30		G		-76.76		172.75		76.75		95.04		-131.88		-94.11		-159.65		-178.85		-159.21
31		A		-114.51		167.78		78.36		86.68		-136.66		-51.7		-170.21		154.11		-146.75
32		A		-61.27		166.15		48.79		89.17		-134.62		-72.88		-158.98		176.6		-125.96
33		A		-75.17		162.15		50.13		91.16		-134.92		-64.76		-149.01		146.54		-135.67
34		A		-67.62		163.05		60.22		92.54		-137.12		-66.17		-158.39		162.48		-149.4
35		A		-61.39		174.85		55.97		102.01		-142.22		-75.34		-146.91		171.16		-148.25
36		U		-50.75		169.01		47.29		83.84		-145.37		-60.38		-166.18		164.77		-129.38
37		A		-65.46		177.0		77.62		105.98		-132.1		-78.51		-142.97		-173.31		-165.16
38		G		-74.05		172.47		66.42		75.3		-152.89		-71.56		-174.31		155.31		-148.69
39		C		-60.8		170.04		54.35		70.2		-162.34		-70.2		-164.44		165.64		-147.17
40		C		-70.0		168.42		56.59		74.93		-154.68		-79.98		-169.69		175.91		-147.33
41		C		-70.52		179.94		86.4		78.21		-161.57		-71.57		-169.55		173.75		-168.15
