No.	   Seq		 Alpha		 Beta		Gamma		Delta		 Epsilon	 Zeta		  Chi		  Eta		 Theta

0		G		-69.08		173.02		65.94		84.09		-145.19		-75.83		-168.11		174.02		-143.76
1		G		-63.58		165.97		51.74		87.58		-146.62		-68.6		-157.83		174.2		-140.23
2		C		-69.96		171.79		63.45		74.38		-149.54		-73.85		-171.38		165.97		-142.53
3		G		-59.58		168.43		53.57		84.19		-145.25		-67.38		-161.09		-176.51		-143.35
4		U		-85.42		168.13		63.14		85.56		-143.9		-84.7		-157.05		152.09		-158.27
5		A		-78.38		170.05		75.21		97.58		-138.49		-76.82		-146.56		-173.71		-151.98
6		A		-74.77		175.37		62.44		96.45		-132.79		-75.93		-150.38		169.33		-132.61
7		C		-78.61		175.17		81.39		87.83		-140.18		-67.42		-160.97		157.12		-142.6
8		G		-82.09		179.62		79.24		102.86		-129.02		-90.74		-153.13		-155.99		-144.16
9		U		-58.72		176.35		51.88		101.26		-137.63		-76.13		-142.89		-171.06		-148.44
10		U		-63.69		170.93		53.85		86.64		-138.96		-72.91		-151.54		172.07		-133.95
11		G		-81.03		175.27		62.02		89.81		-142.57		-80.42		-154.57		161.73		-153.37
12		A		-159.41		179.9		109.73		99.54		-131.79		-84.14		-157.0		-174.74		-156.21
13		A		-70.8		175.31		88.14		98.42		-129.81		-86.46		-146.8		-154.7		-166.14
14		A		-78.92		172.04		75.74		96.13		-128.61		-82.34		-152.21		175.8		-135.16
15		A		-68.0		174.07		72.81		100.13		-132.52		-72.98		-150.71		-168.26		-132.88
16		G		-65.18		173.28		72.64		97.48		-137.45		-83.06		-150.31		178.81		-155.81
17		U		-57.32		172.74		48.95		100.52		-137.09		-67.01		-141.1		178.6		-142.9
18		U		-65.27		171.25		66.66		103.42		-138.01		-99.68		-145.49		-177.84		-166.15
19		A		-62.27		175.07		60.04		106.21		-140.1		-83.8		-141.41		-167.65		-160.43
20		C		-67.94		175.58		63.37		80.06		-150.74		-73.51		-164.99		166.16		-151.09
21		G		-62.28		179.57		68.18		84.73		-148.45		-77.44		-161.24		175.62		-154.11
22		C		-63.61		170.82		61.63		80.01		-148.76		-72.69		-165.5		177.03		-148.28
23		C		-62.67		171.02		61.03		90.09		-149.59		-76.98		-152.46		-177.16		-172.07
