No.	   Seq		 Alpha		 Beta		Gamma		Delta		 Epsilon	 Zeta		  Chi		  Eta		 Theta

0		G		-60.75		168.54		58.68		84.48		-140.53		-73.05		-161.51		175.19		-136.6
1		G		-66.69		167.35		60.9		83.39		-145.3		-78.72		-164.7		169.49		-144.94
2		G		-78.03		170.69		79.14		87.6		-140.07		-81.56		-167.57		174.97		-155.24
3		A		-77.59		170.4		64.75		85.16		-144.43		-80.73		-162.29		176.93		-155.91
4		U		-79.31		169.09		82.39		81.67		-145.35		-78.79		-165.88		165.53		-147.3
5		G		-70.81		171.42		64.64		81.15		-145.16		-79.93		-160.38		173.79		-145.63
6		C		-91.14		176.57		76.58		78.36		-145.73		-75.68		-173.72		156.18		-150.19
7		G		-59.24		170.18		58.59		88.1		-138.55		-80.24		-161.42		176.22		-146.98
8		U		-70.31		173.39		60.95		96.96		-135.24		-100.3		-152.09		176.7		-165.78
9		A		-78.82		176.92		87.86		103.37		-127.51		-76.02		-154.13		-177.32		-125.8
10		G		-97.6		174.56		78.39		86.97		-136.99		-73.03		-163.54		166.38		-135.61
11		G		-80.16		-179.52		102.47		89.24		-134.02		-84.29		-166.89		176.8		-161.98
12		A		-59.35		169.13		63.89		96.54		-126.66		-81.69		-153.63		-165.53		-140.47
13		U		-81.52		176.08		79.87		97.42		-134.11		-106.19		-150.14		172.56		175.81
14		A		-70.48		175.56		72.6		96.18		-130.22		-73.83		-154.44		-177.59		-128.05
15		G		-73.92		173.89		73.86		82.27		-140.44		-75.65		-169.94		160.22		-149.63
16		G		-58.15		177.34		70.82		93.29		-132.34		-76.8		-158.17		-178.11		-149.59
17		U		-58.1		170.77		59.3		89.52		-137.4		-80.64		-160.4		179.37		-147.44
18		G		-76.37		178.48		110.95		93.58		-139.63		-82.17		-163.29		-179.82		-164.74
19		G		-101.28		175.64		76.39		97.57		-134.94		-77.61		-157.82		-170.42		-145.83
20		G		-71.22		177.81		65.54		88.55		-135.95		-86.26		-159.04		165.61		-158.31
21		A		-59.45		175.21		67.55		97.76		-128.06		-78.02		-153.84		-171.12		-146.73
22		G		-57.56		168.97		74.01		95.21		-138.33		-87.82		-159.64		178.33		-164.66
23		C		-63.75		174.67		57.29		100.14		-135.94		-73.25		-148.08		-174.86		-149.51
24		C		-59.83		179.84		58.85		80.11		-142.3		-67.5		-167.83		162.28		-129.82
25		G		-59.94		176.45		51.83		95.17		-134.11		-78.45		-148.8		-177.32		-152.63
26		C		-55.85		165.03		50.44		87.55		-138.58		-69.03		-159.76		178.83		-164.44
27		A		-55.56		165.91		49.97		94.85		-135.73		-81.58		-149.29		-176.01		-152.28
28		A		-70.54		175.19		58.25		98.96		-127.19		-78.81		-146.94		174.64		-138.82
29		G		-61.53		166.62		64.87		91.11		-137.61		-74.1		-156.31		166.69		-154.43
30		G		-58.35		174.56		66.8		95.12		-131.85		-73.74		-161.84		-165.55		-148.33
31		C		-60.67		163.98		54.85		81.28		-149.14		-63.83		-168.31		168.35		-141.17
32		G		-63.3		168.58		56.05		86.25		-145.23		-66.56		-162.37		-178.1		-150.89
33		C		-69.22		167.79		52.31		85.61		-144.76		-64.86		-162.27		166.5		-148.28
34		C		-66.41		166.43		58.7		78.24		-148.8		-68.0		-169.88		163.79		-140.61
35		G		-71.44		177.48		70.43		95.37		-137.09		-78.68		-157.55		-171.47		-153.57
36		G		-59.31		168.69		59.17		90.06		-140.36		-69.93		-161.4		179.3		-155.83
37		U		-59.13		170.44		53.99		94.11		-135.12		-60.4		-149.36		-176.83		-133.84
38		G		-77.31		176.4		64.68		93.88		-138.07		-78.48		-149.69		160.05		-137.89
39		A		-86.79		177.46		61.73		96.74		-135.59		-67.4		-153.06		168.03		-153.47
40		A		-61.71		174.17		69.51		88.02		-138.77		-74.67		-160.32		178.18		-159.16
41		A		-56.24		172.26		49.1		95.2		-137.21		-61.73		-143.79		-174.21		-140.17
42		U		-62.97		176.77		59.25		90.58		-141.15		-69.57		-156.8		160.87		-134.96
43		A		-62.77		176.13		61.72		98.09		-139.54		-71.25		-149.65		-177.58		-138.77
44		C		-69.11		175.55		58.49		79.9		-150.49		-67.94		-164.83		163.35		-146.82
45		C		-60.79		173.02		57.12		79.06		-153.81		-73.97		-161.38		173.64		-153.59
46		A		-66.43		176.92		59.92		82.64		-148.99		-73.92		-162.67		179.94		-147.87
47		C		-62.82		172.02		55.48		82.55		-154.93		-71.22		-158.78		167.8		-156.39
48		C		-68.69		170.5		60.83		84.24		-147.83		-76.54		-160.43		170.2		-155.32
49		C		-58.38		172.75		56.31		86.32		-151.53		-74.25		-159.21		175.45		-156.06
50		U		-60.88		168.6		57.76		91.39		-142.28		-79.72		-153.43		-176.8		-163.89
51		U		-57.83		166.77		53.68		90.4		-146.0		-71.27		-154.97		-179.93		-148.55
52		C		-66.65		173.0		60.3		94.08		-142.61		-73.47		-152.3		172.72		-156.48
53		C		-59.64		170.11		60.5		96.18		-137.97		-76.09		-149.97		-171.58		-159.79
54		C		-66.9		179.6		71.7		103.54		-136.25		-96.84		-141.69		-168.86		178.43
