No.	   Seq		 Alpha		 Beta		Gamma		Delta		 Epsilon	 Zeta		  Chi		  Eta		 Theta

0		G		-72.42		179.53		74.71		78.89		-145.45		-79.99		-171.0		168.83		-154.82
1		G		-65.85		163.44		61.12		82.21		-151.39		-74.95		-163.23		163.95		-153.38
2		G		-77.41		174.56		68.56		75.84		-148.98		-77.68		-170.71		159.18		-143.08
3		A		-70.81		174.0		64.16		85.56		-148.81		-62.16		-160.21		176.19		-133.61
4		G		-69.69		-176.15		70.89		79.46		-142.78		-78.87		-170.84		164.31		-145.24
5		C		-57.56		169.23		41.95		100.99		-126.82		-68.59		-142.54		-167.56		-119.85
6		U		-65.95		179.59		50.59		89.11		-133.12		-67.8		-161.73		168.43		-120.14
7		U		-69.67		173.56		53.5		107.17		-127.83		-64.64		-133.56		-165.44		-123.09
8		G		-179.63		176.91		96.15		84.63		-138.23		-88.67		-169.53		127.52		-167.62
9		A		-56.04		171.84		59.01		112.15		-110.48		-65.77		-127.41		-149.87		-95.14
10		U		-114.12		-179.2		84.14		92.67		-131.1		-78.77		-156.3		154.26		-130.39
11		C		-65.89		-177.78		66.17		100.95		-131.74		-81.67		-140.73		-173.73		-139.96
12		C		-117.28		175.08		65.72		74.35		-147.1		-73.84		-176.63		147.68		-144.26
13		C		-62.36		173.74		52.3		75.8		-150.79		-73.4		-156.08		172.41		-137.71
14		G		-86.66		177.45		64.37		87.48		-136.05		-82.79		-156.17		179.93		-144.27
15		G		-57.99		173.78		75.63		97.15		-135.19		-77.39		-148.69		-163.56		-158.66
16		A		-169.95		168.16		93.5		100.3		-129.06		-86.14		-158.62		164.39		-134.29
17		A		-74.38		176.2		88.52		118.2		-113.72		-99.28		-117.75		-173.56		-126.93
18		A		-144.28		175.74		102.92		113.01		-119.93		-92.21		-138.06		174.33		-132.84
19		C		-55.12		168.19		61.21		92.3		-144.51		-60.39		-152.36		179.84		-160.04
20		G		-64.08		169.73		69.63		85.77		-143.74		-79.79		-166.29		-179.81		-151.51
21		G		-57.74		-179.28		47.78		93.83		-152.46		-67.51		-154.82		-160.35		-156.24
22		U		-58.65		172.05		55.1		79.17		-150.22		-65.33		-162.55		170.48		-144.18
23		C		-65.48		177.86		56.25		80.93		-155.24		-65.67		-158.05		171.18		-145.03
24		G		-104.11		173.6		92.67		74.28		-148.43		-82.59		-178.25		155.58		-164.35
25		A		-54.9		168.51		49.2		85.37		-147.68		-59.39		-159.69		-173.21		-155.8
26		U		-58.85		160.18		53.6		73.16		-147.17		-68.92		-164.6		157.37		-139.1
27		C		-61.64		169.44		48.86		83.92		-153.86		-65.8		-155.18		161.65		-129.56
28		G		-95.94		-178.28		87.51		76.66		-148.33		-72.65		-176.27		163.76		-148.0
29		C		-58.84		178.27		45.44		85.16		-151.25		-68.81		-152.56		-177.53		-152.8
30		U		-66.44		177.83		60.34		79.55		-140.72		-71.68		-165.83		164.09		-144.13
31		C		-58.04		163.35		51.19		90.8		-142.1		-73.99		-151.57		176.92		-133.12
32		C		-98.11		176.3		69.86		91.43		-135.72		-78.64		-160.32		163.12		-147.86
33		C		-66.8		176.45		52.47		104.26		-132.78		-75.48		-138.4		-165.87		-159.0
