No.	   Seq		 Alpha		 Beta		Gamma		Delta		 Epsilon	 Zeta		  Chi		  Eta		 Theta

0		G		-88.57		179.66		76.68		90.12		-140.79		-82.39		-161.61		174.06		-144.42
1		C		-82.39		177.6		65.89		94.27		-137.57		-83.48		-155.96		178.66		-143.02
2		G		-99.15		178.74		86.58		87.98		-140.86		-84.18		-164.52		169.51		-149.99
3		A		-84.93		178.23		71.29		91.35		-140.57		-81.29		-159.96		176.56		-142.02
4		G		-78.65		173.97		65.77		84.97		-142.95		-76.54		-162.17		167.9		-142.25
5		C		-80.13		178.87		71.5		84.31		-142.59		-79.66		-162.11		167.48		-143.58
6		C		-80.16		175.51		62.63		89.94		-138.99		-81.66		-156.43		171.46		-143.59
7		U		-81.09		175.94		68.22		83.66		-142.51		-81.1		-164.68		166.07		-146.46
8		A		-87.56		175.26		65.97		93.45		-137.68		-80.25		-157.62		178.75		-140.71
9		G		-88.6		178.48		67.56		85.58		-141.91		-82.16		-161.74		164.05		-148.87
10		C		-77.21		176.04		62.36		86.36		-142.32		-75.62		-159.62		172.15		-140.15
11		G		-87.21		173.94		68.35		88.52		-139.92		-84.35		-160.97		173.22		-150.24
12		A		-93.87		179.28		82.85		90.56		-140.79		-84.22		-160.57		175.19		-148.33
13		A		-95.65		174.01		71.26		85.6		-141.4		-79.86		-164.2		166.16		-141.73
14		G		-80.93		174.98		71.66		86.59		-141.69		-78.12		-163.25		170.26		-144.17
15		U		-80.23		175.95		66.02		89.14		-140.47		-76.89		-158.57		175.81		-137.85
16		C		-94.95		177.33		73.83		93.39		-138.63		-91.06		-154.57		167.82		-150.16
17		A		-85.42		178.57		71.51		96.64		-134.38		-84.06		-156.92		-179.51		-141.5
18		U		-94.92		178.41		75.11		106.06		-130.22		-98.99		-146.95		-178.7		-156.41
19		A		-86.1		176.04		76.0		100.06		-133.86		-92.82		-149.55		178.17		-155.66
20		A		-112.83		178.81		95.02		105.79		-128.7		-85.49		-149.8		-174.95		-147.25
21		G		-81.1		177.74		89.35		93.92		-136.06		-85.48		-161.56		175.65		-145.09
22		C		-71.43		178.29		65.57		90.24		-140.23		-74.38		-158.87		-177.19		-144.95
23		U		-87.85		176.57		80.47		91.76		-139.12		-86.82		-159.25		173.69		-160.4
24		A		-74.26		179.02		70.09		88.87		-139.78		-77.01		-158.21		179.06		-151.66
25		G		-73.6		169.43		67.18		80.56		-144.75		-77.55		-166.55		166.13		-143.25
26		G		-71.09		176.7		64.99		90.57		-141.3		-81.05		-159.27		176.52		-142.91
27		G		-94.01		-178.97		89.72		87.37		-140.69		-81.66		-165.71		175.91		-146.57
28		C		-80.4		177.74		67.87		89.67		-140.03		-86.51		-155.41		174.95		-151.27
29		A		-90.98		175.38		77.3		89.93		-137.56		-80.83		-163.86		173.93		-140.94
30		G		-75.23		177.42		58.41		103.26		-132.7		-93.13		-146.5		-171.35		-153.33
31		U		-85.74		179.6		69.49		92.84		-134.99		-80.86		-156.76		176.75		-138.95
32		C		-70.99		178.17		58.28		104.76		-130.88		-100.46		-143.54		-171.22		-149.35
33		U		-87.17		-177.33		81.14		97.43		-133.14		-84.36		-158.6		177.64		-143.06
34		U		-76.51		177.22		55.55		101.39		-131.8		-79.96		-147.23		-169.39		-135.68
35		G		-92.67		178.34		73.34		91.85		-136.81		-81.59		-159.75		170.41		-142.84
36		G		-69.18		178.12		60.19		92.7		-136.25		-74.5		-155.65		-178.16		-137.35
37		C		-77.17		174.36		63.33		85.51		-140.59		-79.45		-158.96		167.52		-141.55
38		U		-82.16		174.33		61.53		97.96		-134.45		-74.28		-151.29		-179.66		-150.64
39		G		-92.66		174.68		76.5		85.66		-142.51		-85.71		-165.06		167.07		-154.62
40		A		-72.25		170.62		50.94		91.77		-136.44		-67.23		-155.13		-178.61		-136.01
41		C		-83.04		170.86		69.16		79.61		-141.38		-73.2		-168.08		160.45		-132.32
42		G		-72.91		173.95		62.36		94.42		-136.73		-82.64		-150.38		-175.63		-152.59
43		G		-78.25		173.11		63.59		83.74		-145.19		-79.05		-163.09		165.92		-145.89
44		C		-72.44		169.85		54.22		95.83		-137.74		-79.4		-148.82		-180.0		-143.66
45		A		-94.75		-178.24		85.19		89.0		-137.69		-77.95		-164.07		168.96		-140.88
46		G		-75.41		170.29		65.19		91.12		-137.35		-74.49		-154.03		178.97		-150.14
47		G		-93.04		171.38		68.86		90.2		-138.53		-85.13		-161.83		170.89		-154.16
48		A		-75.82		172.81		57.0		95.46		-137.15		-72.17		-151.39		-167.69		-139.34
49		A		-95.8		-177.8		73.22		92.29		-136.39		-86.31		-154.66		173.26		-146.3
50		A		-79.26		176.3		60.45		101.81		-132.59		-72.81		-144.11		-177.32		-153.34
51		A		-108.27		176.58		84.71		93.36		-134.65		-84.48		-159.61		167.67		-151.2
52		A		-68.22		174.79		56.09		88.9		-142.21		-73.36		-152.9		-179.5		-140.75
53		A		-80.94		175.48		68.45		83.64		-143.66		-76.06		-163.44		165.31		-139.83
54		G		-74.68		174.53		59.65		88.45		-145.97		-74.64		-155.67		174.53		-143.9
55		C		-82.64		178.27		72.26		79.93		-146.69		-76.7		-164.97		166.42		-145.67
56		C		-66.14		170.44		51.69		87.87		-144.11		-69.43		-152.44		-176.95		-142.2
57		U		-84.6		177.4		69.51		93.85		-136.89		-92.1		-156.58		175.68		-165.46
58		A		-70.03		177.4		61.42		96.59		-134.62		-69.53		-150.33		-170.91		-141.52
59		C		-98.76		173.9		72.51		85.64		-142.05		-78.09		-164.73		164.33		-140.21
60		G		-72.13		-177.04		74.21		97.47		-140.08		-70.19		-151.47		-171.61		-147.82
61		U		-87.62		179.96		75.13		92.24		-137.68		-80.53		-157.34		176.66		-140.87
62		C		-72.59		178.45		62.29		97.24		-143.89		-74.53		-147.35		-173.75		-152.07
63		U		-75.31		174.07		62.76		98.27		-137.77		-88.43		-154.25		177.27		-144.79
64		U		-65.87		-179.33		57.61		97.36		-142.12		-75.89		-147.35		-175.09		-160.06
65		C		-91.2		175.71		70.31		91.0		-138.77		-78.0		-157.53		171.85		-145.83
66		G		-73.72		178.59		65.16		94.2		-144.17		-67.37		-151.38		-170.67		-141.99
67		G		-82.78		-179.64		77.91		89.97		-136.33		-89.82		-160.86		177.71		-151.37
68		A		-65.91		176.76		56.49		104.44		-128.55		-61.68		-143.7		-151.53		-127.77
69		U		-93.61		174.48		75.01		96.17		-134.43		-90.07		-153.36		160.36		-150.18
70		A		-62.76		-178.36		63.4		106.44		-133.73		-78.57		-135.76		-158.57		-161.05
71		U		-83.76		169.73		65.2		90.25		-135.85		-82.97		-157.34		165.57		-138.36
72		G		-66.2		179.18		64.95		101.65		-143.09		-69.22		-144.28		-165.35		-152.01
73		G		-74.44		176.68		70.67		84.74		-143.2		-78.05		-164.79		171.17		-144.13
74		C		-56.7		178.72		53.23		90.4		-149.69		-66.86		-152.2		-177.7		-152.5
75		U		-69.42		170.32		58.79		87.16		-138.05		-84.01		-159.74		175.07		-141.06
76		G		-63.87		178.09		58.16		93.99		-147.11		-76.1		-147.5		-178.93		-160.4
77		A		-80.98		172.22		63.35		83.32		-141.38		-77.55		-164.08		166.4		-136.94
78		G		-65.83		178.62		59.81		94.32		-145.07		-75.84		-150.34		-176.92		-152.38
79		U		-79.5		172.49		69.9		89.56		-138.59		-81.92		-162.23		171.0		-139.76
80		A		-65.4		179.13		54.15		101.16		-142.72		-68.08		-143.53		-162.41		-134.91
81		U		-87.68		174.65		69.27		88.39		-140.09		-78.53		-160.01		164.74		-135.16
82		C		-66.77		-177.1		54.38		93.36		-142.98		-72.3		-149.53		174.34		-140.91
83		C		-81.9		177.73		71.01		81.96		-141.87		-79.36		-166.14		167.05		-144.59
84		U		-63.66		-178.35		53.3		97.68		-143.4		-76.04		-145.42		-178.75		-150.32
85		U		-77.37		175.76		65.1		90.22		-138.06		-81.68		-160.43		171.07		-143.37
86		G		-75.76		-174.16		59.63		95.2		-141.93		-67.69		-148.56		173.49		-140.0
87		A		-94.38		173.88		73.33		86.84		-139.92		-81.18		-161.84		168.93		-145.08
88		A		-68.29		-178.35		62.45		100.1		-136.39		-77.46		-139.9		-179.11		-165.84
89		A		-98.04		175.06		89.54		86.66		-135.94		-77.68		-168.49		171.98		-141.88
90		G		-65.07		171.86		54.41		97.76		-141.14		-74.55		-145.92		178.18		-147.38
91		U		-84.15		176.29		69.87		88.39		-140.38		-77.06		-163.59		169.17		-143.53
92		G		-65.1		175.34		53.23		94.8		-143.34		-74.1		-147.68		-178.33		-141.61
93		C		-87.5		170.7		67.83		82.05		-145.46		-75.11		-165.86		166.48		-143.52
94		C		-66.6		172.65		60.13		92.52		-146.66		-81.6		-148.99		178.71		-158.02
95		A		-112.28		-175.81		111.33		92.06		-134.87		-87.85		-161.79		-173.8		-152.79
96		C		-69.42		174.43		60.85		92.62		-143.22		-71.54		-151.78		166.77		-153.87
97		A		-89.62		174.08		79.95		94.47		-134.81		-83.97		-160.7		175.11		-142.38
98		G		-64.65		177.87		59.27		101.78		-135.44		-80.29		-145.14		-176.93		-148.41
99		U		-93.72		172.28		77.68		91.7		-137.28		-77.37		-158.66		172.37		-147.33
100		G		-67.82		174.0		59.21		99.94		-142.06		-81.43		-145.42		-175.9		-148.2
101		A		-86.51		178.06		71.36		86.58		-140.98		-78.04		-165.15		173.46		-143.21
102		C		-67.35		170.09		59.87		89.27		-140.51		-74.52		-154.51		179.79		-140.42
103		G		-87.66		175.33		69.59		87.93		-141.02		-85.8		-161.22		172.72		-153.14
104		A		-70.5		176.82		57.55		97.68		-138.41		-81.93		-146.41		-179.91		-145.89
105		A		-93.88		174.23		73.35		85.5		-137.48		-78.07		-163.37		166.71		-137.79
106		G		-67.86		175.21		63.94		97.0		-136.46		-77.45		-148.34		172.58		-141.63
107		U		-92.28		175.84		76.75		87.54		-141.19		-78.19		-166.09		165.5		-144.68
108		C		-60.34		172.17		54.56		91.66		-144.59		-68.99		-151.97		175.84		-145.78
109		U		-86.34		175.82		77.18		85.21		-141.01		-78.0		-163.82		170.63		-139.64
110		C		-67.67		171.04		56.8		92.06		-142.48		-83.26		-149.8		170.52		-150.47
111		A		-76.37		176.43		68.65		86.96		-138.34		-77.23		-164.87		171.92		-136.94
112		C		-63.99		171.02		53.77		90.66		-141.08		-74.94		-152.67		175.35		-141.83
113		U		-85.26		179.06		78.65		89.37		-138.27		-87.11		-160.66		166.41		-145.23
114		A		-73.84		178.37		64.1		97.23		-137.78		-84.37		-147.49		179.61		-146.47
115		G		-112.76		174.6		82.87		86.89		-138.99		-85.34		-161.73		167.2		-148.06
116		A		-73.01		174.61		71.24		95.88		-136.88		-78.77		-151.89		-179.88		-150.73
117		A		-94.96		177.13		84.66		88.0		-139.16		-89.37		-160.89		172.69		-147.35
118		A		-68.67		172.27		65.64		99.41		-133.18		-77.75		-148.76		-175.57		-139.58
119		U		-75.71		174.39		75.27		90.16		-138.83		-78.17		-159.45		171.99		-132.86
120		G		-76.96		-178.44		68.64		97.7		-139.19		-86.39		-150.41		177.65		-148.45
121		G		-82.81		177.46		77.58		94.61		-136.79		-84.98		-159.84		179.23		-146.52
122		U		-72.28		175.17		69.62		97.17		-137.79		-84.25		-151.13		-174.64		-157.65
123		G		-88.24		179.21		92.48		91.3		-139.71		-91.97		-159.86		-179.99		-154.04
124		A		-79.25		176.88		63.38		101.17		-135.86		-85.95		-145.78		-176.67		-147.37
125		G		-123.0		-177.64		116.99		92.21		-135.26		-87.97		-160.65		172.84		-154.01
126		A		-69.35		-178.73		75.45		98.19		-135.19		-89.63		-152.11		-166.6		-147.24
127		G		-80.26		174.55		74.94		92.72		-136.48		-76.61		-162.01		176.85		-137.53
128		U		-71.38		179.4		62.86		99.92		-136.3		-80.8		-153.35		-166.82		-133.63
129		G		-102.92		-179.38		78.2		90.47		-137.49		-77.65		-161.53		168.37		-135.46
130		G		-101.17		179.71		76.35		95.14		-139.63		-82.71		-156.49		179.07		-145.76
131		A		-84.32		177.81		71.14		95.49		-138.9		-86.98		-156.07		179.89		-147.68
132		A		-71.42		175.59		66.32		96.21		-136.63		-80.56		-153.3		-179.38		-139.98
133		C		-111.89		-178.65		87.21		92.67		-137.64		-81.17		-158.91		167.25		-137.75
134		G		-81.05		179.66		69.44		94.35		-140.31		-80.52		-158.2		175.78		-142.32
135		C		-81.66		-178.9		66.97		84.64		-141.39		-76.64		-164.0		168.68		-140.34
136		G		-75.04		177.7		62.58		90.72		-141.85		-79.66		-159.77		177.67		-144.68
137		G		-78.69		178.75		58.12		90.04		-141.2		-79.96		-158.56		171.41		-140.78
138		U		-75.86		176.21		60.95		94.85		-138.17		-81.02		-154.42		173.37		-146.11
139		A		-104.16		178.03		71.22		95.58		-135.18		-84.47		-155.57		165.9		-141.24
140		A		-77.35		172.39		63.19		92.42		-138.81		-81.43		-159.1		170.54		-145.75
141		A		-74.86		177.28		66.4		92.44		-138.32		-80.23		-156.96		174.25		-139.97
142		C		-77.09		176.28		66.2		85.06		-142.42		-75.12		-163.17		169.08		-138.8
143		C		-77.66		-179.89		66.45		85.54		-143.45		-77.48		-161.76		169.16		-142.62
144		C		-78.67		177.95		66.65		86.53		-143.31		-79.68		-162.27		171.31		-144.09
145		C		-78.2		178.99		65.13		86.22		-143.57		-79.99		-160.55		171.04		-148.97
146		U		-77.54		174.82		65.76		89.4		-140.68		-81.68		-159.09		174.48		-143.05
147		C		-81.7		177.92		68.73		87.24		-142.88		-79.65		-160.43		167.46		-145.85
148		G		-80.61		175.05		69.55		91.99		-139.58		-82.52		-159.15		175.54		-144.67
149		C		-80.92		178.35		67.6		90.31		-141.23		-83.58		-158.32		175.16		-146.28
