No.	   Seq		 Alpha		 Beta		Gamma		Delta		 Epsilon	 Zeta		  Chi		  Eta		 Theta

0		G		-84.27		179.34		75.63		88.65		-142.78		-78.83		-165.11		172.72		-144.31
1		C		-74.0		175.31		56.96		96.68		-136.51		-79.72		-155.32		-179.83		-138.36
2		G		-94.8		173.52		79.25		81.88		-146.0		-83.67		-170.87		155.92		-155.09
3		A		-75.04		172.69		64.08		87.92		-144.8		-78.1		-161.86		176.18		-140.86
4		G		-68.23		164.33		55.65		79.11		-149.98		-66.03		-165.01		162.59		-137.55
5		C		-72.96		174.31		64.18		77.22		-148.3		-74.63		-167.4		163.11		-140.66
6		C		-77.56		172.4		57.53		98.73		-128.24		-84.38		-148.07		178.86		-139.61
7		U		-77.73		171.15		73.78		75.13		-145.27		-75.58		-176.67		156.33		-147.94
8		A		-74.41		166.74		52.36		95.02		-135.31		-58.96		-152.34		-174.49		-130.26
9		G		-93.56		176.07		69.7		73.11		-145.44		-74.86		-173.0		142.21		-148.55
10		C		-69.52		170.56		60.12		81.18		-145.29		-62.73		-158.05		169.96		-137.28
11		G		-100.96		169.27		74.69		83.62		-142.22		-85.61		-167.1		167.32		-162.72
12		A		-87.87		173.65		95.95		93.73		-140.8		-75.65		-161.03		-169.29		-146.68
13		A		-111.43		165.25		73.43		80.35		-144.63		-76.64		-169.93		157.74		-148.48
14		G		-67.12		163.1		57.14		86.64		-146.73		-70.51		-157.03		173.69		-149.14
15		U		-68.15		167.51		53.46		87.77		-140.64		-69.4		-155.95		178.98		-130.5
16		C		-92.61		168.68		71.39		98.86		-139.43		-105.58		-144.79		166.18		-170.43
17		A		-73.0		175.12		55.54		104.28		-124.52		-101.05		-148.59		-173.55		-135.04
18		U		-66.61		166.5		64.83		118.92		-115.44		-162.52		-131.62		-133.95		164.15
19		A		-89.84		168.5		76.2		107.86		-124.5		-109.89		-140.51		-169.47		-175.66
20		A		-52.09		166.69		86.29		109.53		-125.04		-74.98		-138.29		-159.0		-132.25
21		G		-77.28		173.21		97.84		89.7		-138.94		-95.74		-162.35		173.45		-162.89
22		C		-53.23		172.31		52.85		95.01		-143.42		-69.34		-148.7		-165.69		-150.87
23		U		-63.5		170.56		65.95		82.89		-148.57		-84.26		-161.07		169.52		-171.3
24		A		-58.83		171.09		58.41		88.24		-148.96		-57.62		-160.64		-169.77		-157.7
25		G		-55.49		158.25		59.28		74.42		-146.25		-65.91		-178.2		153.08		-139.15
26		G		-60.18		172.01		54.37		80.22		-151.7		-68.15		-166.0		179.41		-137.79
27		G		-63.71		168.59		72.67		84.67		-142.51		-76.55		-167.08		-173.79		-160.57
28		C		-62.88		166.33		60.29		86.59		-148.84		-76.17		-155.03		178.76		174.29
29		A		-81.47		171.04		91.97		86.43		-137.34		-76.98		-167.98		-167.51		-147.18
30		G		-57.68		160.74		50.63		95.83		-143.06		-83.27		-149.96		-174.52		-164.22
31		U		-67.14		175.66		58.65		95.44		-129.02		-74.49		-153.01		-179.06		-125.81
32		C		-95.01		-178.99		75.37		100.02		-128.72		-92.46		-149.31		-167.77		-121.74
33		U		-73.8		-174.91		71.42		100.75		-129.05		-88.38		-155.54		166.06		-146.16
34		U		-50.8		171.4		43.06		107.68		-127.28		-69.56		-138.32		-163.17		-116.72
35		U		-83.54		-179.9		51.52		108.82		-118.42		-118.3		-140.99		171.04		-137.27
36		A		-53.76		177.08		58.39		108.92		-121.55		-74.46		-145.39		159.61		-124.22
37		G		-78.13		166.68		92.93		98.54		-127.93		-109.5		-153.21		164.28		177.2
38		A		-87.26		177.87		82.18		104.33		-128.14		-80.37		-158.65		-171.05		-159.36
39		G		-72.44		167.45		96.66		79.8		-140.93		-68.28		178.38		161.88		-134.23
40		G		-62.32		172.17		49.12		81.26		-143.54		-73.28		-162.96		178.88		-130.78
41		C		-54.0		160.56		44.63		69.38		-148.58		-59.2		-177.79		164.29		-126.38
42		U		-65.49		157.77		46.92		80.94		-146.55		-79.09		-158.2		158.73		-138.23
43		G		-69.11		165.19		49.48		83.26		-152.28		-87.27		-160.67		165.37		-161.79
44		A		-59.26		162.76		48.68		88.44		-147.12		-79.88		-157.69		-178.96		-142.11
45		C		-58.78		167.39		66.3		83.77		-146.03		-69.39		-163.28		159.68		-135.23
46		G		-63.8		173.26		73.16		88.58		-143.58		-75.85		-161.12		-174.56		-150.23
47		G		-64.82		161.1		56.74		94.13		-142.87		-67.29		-159.17		-171.36		-148.33
48		C		-62.99		163.29		67.04		85.83		-143.1		-86.49		-157.83		172.27		-178.33
49		A		-74.69		-178.63		60.26		99.47		-129.09		-80.77		-152.7		-164.83		-126.7
50		G		-140.85		177.61		102.05		94.22		-134.58		-69.89		-170.29		160.54		-139.1
51		G		-77.42		167.48		80.09		97.5		-133.55		-90.92		-151.0		-169.45		178.88
52		A		-75.77		171.27		60.55		93.51		-136.62		-87.02		-151.84		179.64		-143.58
53		A		-81.88		171.62		88.13		99.99		-132.94		-74.69		-143.22		178.39		-139.15
54		A		-82.14		162.97		87.72		91.18		-138.38		-73.58		-157.1		174.66		-164.43
55		A		-78.21		170.41		75.94		82.09		-144.75		-74.62		-162.44		160.61		-164.67
56		A		-59.53		160.27		48.26		80.0		-140.68		-70.65		-165.95		173.86		-136.81
57		G		-54.79		171.24		74.21		90.04		-136.18		-67.6		-159.16		-177.6		-160.51
58		A		-70.43		171.3		57.62		89.29		-143.43		-79.31		-157.47		171.15		-149.8
59		G		-70.03		165.9		74.25		88.58		-148.48		-67.28		-165.18		169.63		-159.46
60		U		-62.25		162.09		69.3		91.83		-136.81		-78.64		-162.96		-175.79		-142.72
61		A		-59.99		158.73		53.79		93.45		-144.0		-57.48		-149.89		-174.57		-127.59
62		U		-103.59		163.52		97.63		89.93		-141.82		-75.04		-161.16		162.49		-145.51
63		C		-77.36		172.58		62.92		92.6		-147.76		-70.18		-161.96		172.83		-157.01
64		C		-84.33		173.46		100.75		74.66		-147.7		-75.79		-178.74		172.49		-151.61
65		U		-60.73		175.31		52.6		91.02		-146.01		-90.24		-152.63		-170.45		-169.18
66		U		-59.38		169.19		66.23		100.55		-128.66		-74.17		-157.84		-152.84		-134.83
67		G		-100.47		173.87		72.05		91.79		-140.86		-72.98		-158.69		155.63		-129.12
68		A		177.46		171.15		99.0		105.36		-131.3		-100.82		-153.57		-154.35		-175.37
69		A		-59.93		171.81		74.5		105.72		-132.0		-75.86		-138.25		-164.28		-176.97
70		A		-109.51		171.75		89.67		94.45		-133.0		-69.46		-160.63		-161.35		-150.94
71		G		-61.26		166.51		59.77		104.38		-132.86		-73.89		-149.74		-159.84		-119.79
72		U		-82.08		167.14		58.43		88.3		-137.93		-74.86		-164.46		158.83		-143.21
73		G		-60.89		-178.7		62.62		103.87		-128.91		-79.22		-143.17		-174.39		-134.28
74		C		-101.51		170.63		55.66		76.03		-147.19		-66.72		-175.7		140.21		-133.58
75		C		-65.73		170.3		58.11		89.21		-147.59		-88.49		-153.21		176.85		-154.57
76		A		-112.51		-179.25		92.25		100.17		-127.65		-125.97		-153.69		-160.64		-179.57
77		C		-60.02		162.91		68.72		86.56		-150.39		-64.82		-162.61		139.6		-160.22
78		A		-68.07		161.81		81.51		86.66		-141.37		-76.93		-168.65		175.05		-138.51
79		G		-59.98		178.22		64.66		93.08		-138.04		-92.74		-153.68		178.65		-152.41
80		U		-61.8		159.45		60.47		81.95		-136.72		-66.77		-172.08		154.09		-127.09
81		G		-64.92		174.19		52.96		94.92		-140.31		-75.5		-157.29		-179.8		-144.81
82		A		-65.07		174.86		53.6		82.97		-143.63		-73.86		-170.95		165.46		-125.27
83		C		-75.11		169.1		61.6		83.73		-140.59		-74.19		-161.1		170.09		-141.37
84		G		-77.76		166.95		70.93		82.26		-143.42		-88.98		-162.5		178.42		-148.79
85		A		-78.93		177.51		71.1		91.64		-145.6		-73.79		-156.7		177.9		-145.37
86		A		-90.29		164.47		86.72		79.94		-141.79		-81.97		-167.44		163.88		-135.04
87		G		-85.01		-178.6		95.26		101.81		-126.56		-76.55		-153.46		172.76		-128.86
88		U		-64.93		179.34		68.59		89.46		-136.51		-77.9		-161.84		165.93		-124.53
89		C		-60.07		172.27		44.73		93.96		-143.37		-70.33		-146.06		161.54		-138.21
90		U		-66.01		172.64		56.81		96.27		-134.67		-107.52		-156.77		-174.65		-152.73
91		C		-71.27		169.72		57.41		89.46		-141.61		-76.16		-159.28		163.81		-151.59
92		G		-68.02		174.69		98.24		89.15		-137.63		-85.64		-164.67		-161.41		-151.48
93		A		-65.65		173.18		55.51		104.67		-128.45		-87.54		-138.37		-173.05		-133.04
94		G		173.02		-179.83		165.18		89.45		-132.05		-82.5		-173.56		166.57		-161.67
95		A		-83.26		179.98		90.82		110.0		-128.94		-104.23		-148.07		-169.43		-149.41
96		G		-64.84		173.44		76.63		84.15		-139.55		-73.91		-170.2		172.91		-142.69
97		U		-62.08		170.89		60.55		90.65		-134.15		-71.79		-153.9		173.82		-121.64
98		G		-122.05		176.76		77.43		81.58		-140.16		-71.22		-170.91		154.52		-133.33
99		G		-120.07		170.65		74.86		85.46		-141.1		-76.61		-163.43		161.04		-149.15
100		A		-76.71		176.77		84.82		95.35		-139.86		-78.64		-158.74		-171.4		-156.02
101		A		-60.81		178.27		71.37		101.78		-129.62		-85.18		-147.22		179.45		-140.22
102		C		-106.76		174.93		90.78		90.46		-134.63		-73.08		-162.2		148.42		-123.65
103		G		-79.11		177.26		91.68		92.08		-136.38		-81.84		-162.35		174.75		-154.48
104		C		-74.92		-179.99		60.59		78.07		-148.07		-78.32		-168.85		166.82		-146.46
105		G		-64.45		176.34		52.71		85.43		-145.13		-76.35		-164.79		173.65		-150.39
106		G		-88.57		-171.78		61.25		94.83		-136.01		-78.77		-154.78		178.09		-133.98
107		U		-72.81		179.82		64.5		94.07		-132.82		-80.1		-155.55		170.05		-143.55
108		A		-166.71		175.51		93.39		101.39		-125.93		-85.86		-151.03		163.58		-138.13
109		A		-109.77		176.32		72.02		88.44		-137.64		-77.02		-171.05		162.95		-144.35
110		A		-66.33		168.41		63.59		83.7		-139.33		-69.21		-165.14		169.3		-127.26
111		C		-84.05		174.53		67.29		77.07		-148.13		-70.16		-168.97		159.02		-134.91
112		C		-73.65		-179.02		61.51		81.05		-149.65		-71.62		-164.33		165.64		-142.19
113		C		-73.14		174.6		55.23		75.52		-149.95		-75.72		-169.44		167.46		-142.08
114		C		-68.86		179.43		59.65		80.3		-147.96		-76.97		-158.44		165.72		-161.74
115		U		-75.67		175.11		68.54		86.09		-140.69		-82.2		-161.51		167.0		-144.3
116		C		-71.49		172.67		63.59		85.22		-140.0		-72.92		-164.81		155.84		-152.21
117		G		-81.05		167.42		69.24		90.71		-136.68		-75.84		-164.35		175.88		-139.52
118		C		-75.22		173.74		60.45		82.34		-145.41		-81.46		-163.78		168.82		-147.23
119		A		-71.97		171.57		67.96		91.38		-139.92		-74.58		-161.68		176.14		-141.42
