No.	   Seq		 Alpha		 Beta		Gamma		Delta		 Epsilon	 Zeta		  Chi		  Eta		 Theta

0		G		-101.41		-176.12		108.98		93.12		-136.16		-86.97		-158.4		179.39		-151.33
1		G		-75.88		172.97		65.82		90.2		-142.13		-82.92		-160.99		172.55		-149.36
2		G		-72.49		176.11		72.54		78.43		-146.83		-72.71		-173.5		168.38		-138.07
3		G		-68.9		177.53		58.61		83.94		-146.5		-74.61		-163.61		173.06		-135.88
4		C		-87.05		176.51		60.54		80.15		-143.75		-72.74		-162.62		154.27		-139.98
5		U		-66.6		177.45		62.22		92.35		-139.58		-79.31		-148.63		178.38		-142.42
6		A		-84.54		179.68		62.12		107.73		-130.8		-101.21		-141.89		-171.64		-152.07
7		A		-89.28		177.92		67.1		103.15		-130.83		-69.89		-149.03		156.24		-138.23
8		G		-71.39		-179.31		69.44		105.15		-127.08		-82.74		-150.57		-177.7		-118.89
9		C		-84.79		-170.07		62.25		92.37		-141.06		-77.12		-154.83		168.28		-140.16
10		C		-85.59		-179.17		67.75		83.53		-146.15		-75.19		-162.25		172.22		-138.98
11		G		-78.85		-177.78		64.29		83.21		-150.37		-75.8		-165.27		176.39		-149.59
12		C		-66.09		175.45		52.99		78.62		-148.65		-73.16		-163.33		172.39		-144.15
13		U		-66.04		173.94		55.95		93.32		-140.71		-76.62		-148.94		-176.06		-144.96
14		U		-109.83		179.43		75.82		98.06		-135.31		-92.11		-149.45		162.86		-154.52
15		A		-79.34		176.04		68.87		97.41		-138.47		-73.82		-152.9		178.63		-145.99
16		G		-79.32		176.71		74.66		93.8		-135.43		-83.78		-156.31		173.96		-142.97
17		C		-65.64		179.43		57.82		99.26		-137.72		-77.05		-144.92		177.13		-150.9
18		U		-71.53		178.7		71.41		95.67		-134.17		-81.97		-150.73		176.08		-145.61
19		C		-72.79		173.89		62.53		97.6		-143.77		-78.16		-146.46		177.85		-149.64
20		C		-79.12		173.73		61.3		82.86		-146.63		-78.35		-161.37		163.86		-154.19
21		A		-65.58		178.33		64.13		98.14		-136.21		-81.02		-147.45		-171.42		-156.16
22		C		-79.47		176.75		68.84		86.94		-140.34		-70.94		-161.63		164.33		-147.65
23		C		-62.05		170.6		63.78		89.95		-145.85		-70.24		-154.93		175.65		-157.6
24		A		-70.34		171.75		61.52		85.7		-140.72		-81.99		-159.21		169.91		-142.15
