No.	   Seq		 Alpha		 Beta		Gamma		Delta		 Epsilon	 Zeta		  Chi		  Eta		 Theta

0		G		-75.8		178.76		69.19		80.61		-145.8		-75.55		-165.68		171.01		-141.48
1		G		-81.85		178.1		70.41		88.31		-140.97		-83.7		-160.52		172.77		-149.57
2		A		-89.98		178.09		71.77		91.71		-137.64		-81.21		-161.57		169.3		-140.79
3		G		-89.45		-179.25		82.18		86.9		-139.05		-77.69		-167.47		172.48		-137.51
4		G		-81.3		-178.75		63.79		90.03		-140.47		-80.82		-159.92		171.11		-137.12
5		C		-85.34		-179.71		66.42		83.22		-145.16		-74.67		-163.93		159.4		-140.5
6		G		-73.42		-179.98		64.54		84.55		-143.03		-78.24		-162.65		175.39		-138.55
7		C		-81.36		176.22		57.12		93.13		-140.45		-75.9		-156.18		168.82		-142.06
8		U		-73.16		176.43		59.68		89.81		-141.48		-81.18		-155.58		168.36		-143.89
9		A		-81.5		-178.31		60.64		97.25		-135.83		-82.92		-151.46		177.06		-137.21
10		C		-87.71		178.0		62.91		84.46		-143.05		-73.45		-164.62		151.97		-138.39
11		G		-78.11		-177.9		67.64		82.95		-145.82		-77.0		-165.45		174.4		-140.96
12		G		-83.31		-175.02		64.88		85.41		-143.12		-79.39		-163.53		170.31		-146.27
13		C		-81.64		177.54		62.47		84.11		-144.16		-72.37		-162.38		169.0		-143.68
14		G		-83.67		179.79		71.54		86.38		-142.44		-81.6		-162.54		175.68		-149.23
15		A		-93.16		178.52		63.21		93.11		-138.68		-82.14		-152.82		168.45		-144.88
16		G		-92.47		173.35		76.71		87.29		-139.67		-74.58		-161.57		165.94		-143.17
17		G		-89.09		179.16		82.55		96.43		-133.49		-85.56		-152.42		177.96		-140.23
18		C		-79.61		175.96		62.99		87.04		-143.04		-75.14		-160.46		164.94		-142.86
19		U		-83.35		178.87		77.89		102.64		-130.36		-89.89		-144.55		-177.01		-143.65
20		C		-91.19		-179.28		70.44		93.49		-136.77		-80.35		-153.27		170.53		-148.39
21		C		-77.76		177.35		66.5		87.25		-141.13		-79.21		-157.96		170.82		-147.18
