No.	   Seq		 Alpha		 Beta		Gamma		Delta		 Epsilon	 Zeta		  Chi		  Eta		 Theta

0		G		-85.4		173.24		78.59		93.82		-140.79		-81.69		-158.36		177.52		-148.09
1		G		-85.49		175.24		80.32		95.02		-139.1		-78.82		-158.7		-176.41		-150.79
2		C		-74.39		176.81		70.25		88.2		-142.47		-74.8		-157.82		175.72		-144.98
3		U		-77.98		174.01		69.91		91.19		-141.89		-79.68		-154.5		175.05		-148.8
4		G		-81.96		175.06		75.1		92.87		-140.1		-83.7		-159.77		179.18		-158.18
5		U		-78.52		172.73		74.91		91.91		-139.03		-71.04		-157.14		-174.46		-145.04
6		G		-81.61		177.04		70.31		89.82		-141.19		-88.58		-154.11		175.46		-154.65
7		A		-79.16		-178.11		70.78		104.42		-131.17		-84.52		-144.66		-168.18		-152.01
8		G		-98.4		178.87		84.7		91.73		-137.23		-78.52		-161.57		170.78		-140.31
9		G		-76.36		174.38		64.5		92.52		-143.08		-74.92		-152.99		179.97		-151.27
10		A		-82.33		174.91		67.19		88.42		-141.63		-78.27		-158.29		166.61		-145.94
11		A		-76.14		179.84		74.16		90.29		-140.75		-75.77		-157.3		-179.31		-148.68
12		C		-85.64		173.41		67.5		85.99		-139.46		-74.21		-160.97		167.51		-140.71
13		U		-71.96		171.45		61.74		88.76		-145.34		-74.48		-155.65		175.43		-148.25
14		A		-92.79		-176.63		72.68		96.48		-133.7		-87.59		-152.13		-179.81		-148.59
15		C		-60.51		173.77		61.13		90.93		-139.01		-70.09		-154.59		175.04		-146.41
16		U		-74.37		176.77		65.41		90.93		-138.62		-81.72		-156.16		169.28		-137.19
17		G		-70.0		-179.85		69.8		98.88		-138.63		-82.65		-149.12		-179.43		-149.76
18		U		-90.87		178.15		75.42		93.22		-137.01		-80.49		-157.33		169.84		-145.5
19		C		-65.95		176.15		59.19		90.26		-145.18		-77.1		-153.86		176.71		-149.33
20		U		-65.81		176.63		58.22		90.2		-141.7		-79.68		-155.3		176.47		-146.16
21		U		-68.51		176.17		58.22		99.4		-136.78		-79.38		-145.49		-177.71		-152.07
22		C		-91.88		176.85		76.01		94.7		-134.37		-84.19		-154.89		172.11		-160.06
23		A		-58.98		180.0		56.2		90.81		-143.06		-75.73		-155.59		179.18		-140.64
24		C		-74.06		173.52		68.62		88.96		-136.63		-79.81		-159.66		171.07		-144.0
25		G		-66.66		175.08		63.99		90.56		-141.27		-73.08		-154.77		176.12		-137.8
26		C		-80.12		177.9		75.73		83.63		-144.36		-76.94		-162.2		171.01		-143.18
27		C		-65.29		172.58		58.96		90.52		-141.41		-81.57		-151.33		175.63		-149.65
28		U		-76.03		174.77		72.58		90.84		-137.06		-81.15		-159.2		178.31		-153.65
29		U		-66.65		176.4		65.07		97.51		-137.8		-87.49		-147.21		-177.56		-159.09
30		C		-73.31		174.92		64.03		86.06		-142.67		-74.94		-162.16		167.19		-143.46
31		G		-63.89		-179.34		71.0		91.28		-137.08		-82.15		-159.8		-177.9		-151.2
32		G		-68.24		177.78		72.36		89.97		-135.28		-79.42		-163.72		-176.27		-143.45
33		G		-68.38		-179.84		77.74		92.98		-141.44		-78.72		-152.59		-179.07		-153.22
34		A		-84.13		176.49		73.12		92.53		-136.35		-87.02		-156.86		179.51		-140.87
35		G		-66.54		173.15		76.29		93.44		-136.11		-71.59		-157.99		179.53		-144.11
36		U		-75.8		173.19		68.57		93.39		-135.26		-84.14		-155.77		178.48		-144.42
37		G		-69.13		176.4		60.02		95.98		-139.5		-77.55		-151.27		-179.72		-141.38
38		U		-72.91		174.56		61.03		88.66		-137.26		-75.84		-161.51		167.22		-132.72
39		C		-66.04		177.44		61.19		88.31		-140.96		-73.81		-157.15		175.67		-144.7
40		G		-77.28		-178.97		66.31		85.98		-141.08		-81.08		-161.06		168.37		-144.87
41		U		-66.75		-178.98		60.91		90.9		-141.47		-78.46		-154.34		172.81		-144.95
42		G		-71.88		175.09		65.32		86.74		-138.3		-78.49		-162.81		171.97		-137.43
43		C		-76.0		179.96		64.82		86.36		-145.04		-78.79		-158.55		167.14		-148.53
44		A		-86.11		176.28		72.11		85.84		-141.36		-76.33		-165.06		167.12		-143.61
45		G		-69.44		179.27		62.14		87.21		-143.02		-76.78		-158.72		176.7		-145.5
46		C		-70.21		172.65		59.94		78.44		-143.28		-72.72		-169.09		168.24		-138.02
47		C		-68.95		177.43		58.93		88.02		-142.08		-77.82		-155.85		171.57		-146.23
48		U		-72.03		179.52		65.43		87.39		-139.85		-80.03		-160.12		171.69		-147.31
49		C		-72.64		172.11		58.16		89.79		-139.59		-75.44		-154.82		167.34		-148.13
50		C		-83.42		177.3		75.09		83.59		-142.44		-78.98		-164.73		164.88		-148.91
51		A		-71.11		178.25		64.1		96.08		-136.26		-85.48		-150.82		175.8		-151.38
52		G		-78.11		173.42		76.02		86.67		-139.74		-77.72		-162.68		171.47		-154.22
53		C		-73.03		175.45		69.01		89.52		-141.21		-79.95		-157.11		170.11		-154.44
54		C		-73.31		175.89		68.42		86.11		-140.29		-81.55		-161.15		172.2		-148.97
