No.	   Seq		 Alpha		 Beta		Gamma		Delta		 Epsilon	 Zeta		  Chi		  Eta		 Theta

0		G		-88.62		168.12		88.64		104.05		-136.57		-86.41		-158.07		-172.09		-140.31
1		G		-70.79		164.63		70.16		97.68		-135.26		-80.82		-160.84		-166.87		165.22
2		C		-61.6		-178.98		78.07		82.87		-147.97		-66.31		-163.33		-179.87		-136.92
3		U		-62.43		161.89		53.8		84.42		-150.81		-71.61		-152.5		166.74		-144.7
4		G		-78.8		173.06		69.21		93.44		-138.54		-92.62		-159.66		-177.08		-165.93
5		U		-60.72		161.98		64.09		88.09		-143.39		-62.46		-160.72		-169.89		-148.45
6		G		-74.93		-177.21		74.97		92.66		-146.46		-99.89		-149.59		179.63		-173.67
7		A		-52.93		178.53		66.03		108.39		-122.94		-66.47		-142.73		-143.69		-134.91
8		G		-119.9		178.44		84.56		93.69		-128.77		-80.3		-159.44		153.23		-131.05
9		G		-73.17		172.53		59.38		96.08		-135.88		-90.28		-142.83		-176.7		-173.04
10		A		-87.48		172.76		60.38		98.09		-132.3		-75.07		-151.57		133.78		-149.72
11		A		-57.76		170.27		62.39		90.6		-143.09		-68.89		-153.18		-170.29		-141.79
12		C		-83.48		168.63		57.01		96.81		-128.14		-53.22		-143.38		-177.3		-129.45
13		U		-64.36		171.3		58.14		90.08		-142.67		-95.1		-142.44		-175.76		-169.18
14		A		-108.18		177.9		84.32		106.99		-123.71		-111.54		-138.22		-133.86		161.02
15		C		-42.31		162.74		42.64		90.4		-142.13		-64.2		-146.97		177.16		-138.4
16		U		-69.55		174.49		69.45		96.19		-129.24		-81.26		-144.24		178.7		-130.2
17		G		-67.07		-178.87		60.96		107.4		-133.87		-127.71		-130.04		-172.9		-164.77
18		U		-70.35		164.51		63.94		107.0		-127.27		-51.74		-146.24		-166.93		-130.65
19		C		-82.13		173.2		64.35		95.1		-138.67		-72.29		-159.0		174.19		-146.25
20		U		-66.77		171.81		54.78		101.13		-141.65		-91.1		-137.81		-171.38		-168.79
21		U		-77.39		173.49		68.1		98.46		-133.33		-65.5		-146.15		-179.17		-175.11
22		C		-59.48		149.31		56.18		91.46		-143.4		-54.16		-147.68		171.06		-166.42
23		A		-89.57		-169.27		72.52		87.97		-144.36		-65.45		-164.63		163.59		-142.29
24		C		-57.66		159.53		57.78		94.44		-132.47		-74.18		-146.31		176.58		-141.65
25		G		-140.26		174.17		114.19		80.27		-142.56		-61.51		-174.26		148.92		-166.34
26		C		-62.81		170.32		54.6		73.1		-159.92		-71.4		-167.79		167.72		-137.07
27		A		-78.13		165.77		55.5		81.02		-146.0		-58.9		-154.9		153.73		-137.48
28		G		-87.54		172.88		90.48		89.8		-141.01		-109.47		-153.78		176.59		161.06
29		A		-172.75		168.57		85.87		114.79		-115.16		-163.7		-129.67		-120.2		143.8
30		A		-87.83		-177.74		98.46		93.28		-140.95		-76.77		-166.09		162.86		-136.64
31		A		-58.19		164.67		67.98		116.57		-111.12		60.11		-130.79		-149.86		75.22
32		G		-67.22		172.14		72.88		92.33		-132.8		-76.86		-169.84		175.17		-150.62
33		C		-84.22		-177.32		104.23		95.7		-153.18		-66.17		-155.28		-153.26		-157.99
34		G		-69.57		172.45		51.89		101.96		-139.56		-83.6		-143.48		-168.07		-146.04
35		U		-64.52		161.44		67.39		90.53		-147.72		-44.26		-151.61		-177.43		-168.97
36		C		-91.96		163.85		67.63		97.03		-128.34		-99.07		-151.76		173.66		152.17
37		U		-51.76		167.23		61.12		85.3		-152.37		-82.15		-158.87		173.58		-163.22
38		A		-69.28		170.25		51.68		86.4		-143.51		-66.54		-159.54		162.24		-132.55
39		G		-62.19		157.11		65.4		77.22		-150.16		-65.12		-172.04		164.76		-138.11
40		C		-68.41		173.0		53.23		78.75		-154.37		-66.49		-152.96		161.37		-129.26
41		C		-50.92		176.15		53.89		78.96		-157.59		-78.71		-158.89		175.98		-149.87
42		A		-56.94		165.47		50.28		95.57		-146.24		-61.78		-157.12		-166.99		-152.69
43		U		-42.86		168.89		56.79		102.2		-131.01		-81.2		-144.62		153.71		-147.03
44		G		-68.44		166.11		72.96		87.0		-139.52		-69.23		-158.44		175.67		-125.71
45		G		-61.22		177.14		57.38		95.33		-144.76		-69.38		-151.17		178.89		-135.77
46		C		-64.4		160.76		80.29		91.11		-136.57		-66.43		-162.63		-163.97		-152.05
47		G		-60.14		-176.34		69.87		88.44		-142.18		-81.48		-157.1		-170.87		-150.31
48		U		-58.63		165.56		56.27		108.21		-126.47		2.85		-133.09		-162.68		-161.4
49		U		-67.54		160.89		56.83		100.15		-123.97		-120.95		-134.89		173.74		157.6
50		A		-172.48		-179.42		101.28		99.16		-136.47		-73.28		-148.01		166.51		-164.03
51		G		-72.56		163.12		65.79		89.93		-141.69		-67.3		-154.09		168.44		-146.11
52		U		-48.57		176.32		87.78		101.35		-130.31		-142.7		-139.52		-157.33		160.48
53		A		-37.97		168.9		57.59		98.94		-122.57		-80.34		-148.89		-56.37		-133.41
54		U		-27.36		167.48		53.53		97.59		-126.2		-57.9		-148.72		-178.29		-119.59
55		G		-63.32		166.57		65.71		88.98		-135.44		-81.92		-142.6		156.19		-142.04
56		A		-119.59		-174.79		94.19		89.6		-134.11		-93.28		-150.56		-176.87		-160.49
57		G		-25.9		164.7		86.4		91.81		-132.17		-65.24		-164.65		-165.09		-120.56
58		U		-45.75		179.65		62.98		98.76		-134.95		-78.78		-153.31		-156.88		-134.37
59		G		-72.12		179.7		74.16		99.18		-131.69		-72.74		-150.58		-178.6		-117.31
60		U		-64.08		170.93		57.85		88.05		-133.54		-78.51		-157.22		147.35		-128.09
61		C		-57.65		174.17		51.69		84.31		-149.95		-74.24		-156.27		178.18		-147.11
62		G		-60.72		179.11		51.31		86.09		-148.63		-88.77		-156.75		-171.7		-152.55
63		U		-68.76		-171.58		73.75		99.0		-137.69		-80.26		-152.62		-176.02		-168.02
64		G		-50.88		178.75		53.91		86.51		-142.87		-71.99		-160.87		178.12		-149.99
65		C		-63.29		-178.79		54.94		80.26		-148.48		-76.24		-166.32		162.38		-142.94
66		A		-71.07		168.01		50.31		95.06		-139.17		-73.81		-154.72		166.83		-133.26
67		G		-69.75		-175.86		79.86		85.02		-138.65		-87.71		-159.33		-178.44		-159.03
68		C		-63.03		164.49		54.75		71.92		-147.94		-65.4		-174.79		163.74		-134.82
69		C		-75.34		-177.91		49.8		89.71		-139.07		-72.01		-158.38		168.24		-139.66
70		U		-64.1		175.93		48.31		96.15		-134.2		-82.95		-152.01		179.4		-133.89
71		C		-81.5		-179.3		60.56		92.85		-135.48		-62.37		-145.81		155.58		-153.65
72		C		-99.84		172.58		81.78		79.15		-144.7		-77.69		-171.22		157.43		-149.95
73		A		-62.61		176.31		51.34		101.47		-132.81		-90.43		-143.38		-179.89		-153.13
74		G		-64.71		167.26		76.1		87.09		-130.72		-70.8		-168.15		171.25		-151.77
75		C		-70.01		179.79		80.56		87.8		-144.17		-74.67		-164.02		168.3		-151.92
76		C		-62.56		160.92		52.93		84.99		-142.42		-70.48		-163.86		172.86		-138.05
