No.	   Seq		 Alpha		 Beta		Gamma		Delta		 Epsilon	 Zeta		  Chi		  Eta		 Theta

0		G		-114.61		-176.01		105.39		86.54		-140.55		-83.65		-162.67		179.92		-152.9
1		A		-113.56		177.23		88.19		88.47		-140.46		-84.83		-158.72		175.68		-156.68
2		U		-92.42		174.52		74.75		86.14		-143.48		-82.55		-161.25		167.13		-149.16
3		U		-83.06		-179.69		72.73		85.71		-144.01		-77.71		-161.59		173.19		-144.32
4		C		-137.74		179.17		80.76		82.73		-144.68		-76.34		-168.04		142.17		-145.08
5		G		-80.36		173.41		66.15		83.5		-144.55		-80.68		-162.61		166.79		-149.14
6		A		-78.62		-179.52		70.89		88.04		-137.9		-71.99		-162.31		178.6		-135.79
7		C		-72.02		178.54		60.7		86.2		-143.5		-76.43		-158.21		166.28		-141.33
8		G		-92.31		-175.83		87.46		89.14		-140.8		-81.63		-165.88		173.98		-157.82
9		G		-101.63		-179.91		81.01		87.24		-139.45		-84.92		-167.41		166.76		-151.26
10		G		-89.41		175.45		73.57		81.46		-142.3		-72.93		-166.19		166.84		-143.61
11		G		-81.67		179.29		69.14		85.46		-142.77		-78.51		-159.96		169.72		-136.63
12		A		-97.96		-178.34		73.67		89.67		-139.63		-74.27		-162.61		174.03		-141.23
13		C		-104.79		176.87		70.29		90.84		-139.08		-78.23		-158.43		161.48		-144.82
14		U		-69.4		177.96		56.13		91.46		-140.49		-71.52		-154.27		176.06		-134.16
15		U		-92.36		-178.36		64.16		94.29		-138.49		-78.93		-153.9		167.76		-149.89
16		C		-104.93		178.88		72.99		95.38		-136.01		-79.43		-154.53		172.58		-153.14
17		G		-122.52		-179.55		82.23		90.76		-135.59		-83.23		-164.32		174.95		-145.36
18		G		-79.63		-179.1		69.63		93.74		-139.47		-81.57		-157.88		175.37		-143.13
19		U		-78.77		179.37		67.28		97.84		-132.43		-76.65		-146.48		177.37		-130.4
20		C		-97.44		179.87		80.46		84.66		-141.38		-78.33		-163.47		164.55		-142.04
21		C		-78.18		170.82		65.02		86.06		-139.61		-76.32		-162.64		162.34		-145.53
22		U		-65.11		176.79		57.75		83.82		-140.48		-75.31		-162.17		170.84		-142.38
23		C		-72.42		170.76		58.68		86.12		-137.93		-72.85		-160.48		166.56		-137.75
24		G		-76.99		174.18		63.94		80.44		-142.98		-74.36		-169.52		152.28		-136.3
25		G		-75.44		-176.4		78.91		94.59		-135.43		-83.91		-150.67		176.99		-140.22
26		A		-94.99		-178.29		80.47		94.99		-132.11		-83.72		-154.24		169.56		-140.04
27		C		-71.63		174.27		83.96		90.7		-139.51		-71.53		-160.4		166.72		-157.44
28		G		-60.57		-179.06		64.07		85.22		-141.44		-82.6		-166.44		-176.64		-146.8
29		C		-67.51		170.05		52.69		76.87		-152.09		-66.28		-167.78		164.75		-144.25
30		G		-72.5		177.32		68.36		77.05		-148.67		-72.48		-166.36		168.77		-147.66
31		G		-70.99		177.95		66.94		77.52		-151.33		-71.96		-171.95		171.63		-148.09
32		G		-66.33		174.72		63.89		80.23		-145.74		-73.45		-170.15		168.79		-146.74
33		U		-65.6		176.7		59.4		91.37		-136.65		-78.63		-154.09		179.04		-142.29
34		U		-73.48		179.21		62.28		81.1		-142.56		-74.34		-163.11		158.31		-139.34
35		C		-92.42		171.06		58.58		83.91		-141.9		-70.12		-159.96		154.33		-136.55
36		G		-86.28		-179.35		72.57		83.24		-144.88		-82.09		-164.3		169.96		-153.59
37		A		-67.63		-174.03		59.99		96.77		-135.27		-86.34		-147.78		-172.11		-150.94
38		U		-62.6		177.44		68.95		88.32		-137.35		-68.7		-159.34		167.13		-137.47
39		U		-71.22		-179.01		67.77		97.63		-133.38		-76.92		-150.07		172.18		-129.96
40		C		-80.35		178.3		65.65		81.42		-142.57		-73.18		-167.7		152.57		-142.19
41		C		-68.21		176.06		57.71		82.56		-144.48		-72.59		-162.1		168.57		-145.97
42		C		-74.2		178.35		63.81		82.49		-144.14		-74.03		-164.33		168.05		-144.95
43		G		-66.92		171.13		55.97		84.29		-146.73		-75.84		-161.16		171.71		-144.26
44		C		-83.9		-178.56		68.42		87.22		-142.95		-77.31		-159.14		170.16		-148.64
