No.	   Seq		 Alpha		 Beta		Gamma		Delta		 Epsilon	 Zeta		  Chi		  Eta		 Theta

0		G		-66.42		173.07		61.87		90.24		-146.02		-70.39		-158.24		177.14		-149.35
1		C		-69.48		175.05		61.74		88.71		-142.37		-81.0		-161.62		173.45		-149.66
2		C		-68.21		172.02		58.86		85.2		-146.52		-70.01		-155.85		166.92		-145.56
3		G		-70.6		171.82		65.58		83.76		-143.72		-81.78		-163.9		170.02		-146.25
4		A		-61.1		169.07		52.82		92.15		-140.61		-61.54		-148.22		-174.88		-143.43
5		U		-76.48		175.15		75.51		86.97		-139.07		-79.43		-162.95		169.01		-150.09
6		A		-61.98		172.53		57.06		107.39		-123.33		-72.87		-131.96		-165.12		-140.3
7		U		-91.73		176.2		82.07		95.81		-133.48		-89.72		-157.0		171.06		-155.95
8		A		-57.93		175.93		70.14		101.76		-128.13		-62.58		-141.49		-168.23		-145.85
9		G		-103.95		174.57		75.33		87.44		-138.54		-81.25		-164.88		163.87		-148.72
10		C		-53.83		174.2		57.29		90.27		-144.88		-65.39		-153.41		-175.44		-154.99
11		U		-70.32		170.07		61.82		83.73		-143.85		-74.73		-160.41		173.52		-143.11
12		C		-67.64		171.79		70.54		91.17		-151.92		-66.71		-153.29		-176.14		-172.67
13		A		-92.41		172.06		91.51		85.57		-140.67		-79.22		-168.47		176.6		-146.74
14		G		-53.62		171.08		68.71		92.98		-141.82		-76.68		-154.01		-172.52		-172.59
15		U		-79.37		171.1		74.31		98.14		-131.33		-85.55		-154.15		177.46		-145.73
16		U		-53.39		171.1		56.34		107.64		-133.83		-63.68		-141.04		-148.24		-152.7
17		G		-89.64		178.27		91.79		106.86		-131.3		-106.85		-148.64		-169.42		-162.98
18		G		-57.24		172.86		50.96		109.0		-129.73		-64.74		-137.75		-149.3		-152.27
19		U		-81.95		174.58		84.41		106.75		-128.14		-98.31		-145.6		-170.11		177.37
20		A		-52.19		-177.11		65.14		103.54		-135.93		-70.2		-143.64		-145.25		-173.52
21		G		-78.59		165.78		82.79		88.48		-139.19		-82.36		-162.26		173.52		-169.04
22		A		-61.27		175.75		51.25		97.28		-142.99		-59.21		-147.77		-178.88		-150.42
23		G		-65.8		172.55		67.24		89.35		-137.81		-74.76		-157.43		178.14		-148.59
24		C		-58.89		175.08		51.52		91.14		-144.05		-67.84		-144.01		172.73		-162.56
25		A		-65.3		162.94		61.55		88.01		-140.63		-69.38		-165.31		177.64		-148.41
26		G		-61.52		172.5		53.55		90.27		-145.98		-73.57		-149.52		178.43		-152.21
27		C		-64.26		171.92		53.55		79.6		-148.56		-67.35		-163.45		166.41		-141.84
28		G		-63.8		173.35		55.74		91.11		-144.22		-75.79		-150.51		-179.44		-148.96
29		C		-75.44		168.27		67.01		87.9		-139.24		-80.77		-160.84		167.76		-151.23
30		A		-58.75		167.32		52.97		91.99		-140.05		-65.23		-150.12		-178.7		-142.91
31		U		-63.82		171.92		54.69		95.15		-134.71		-80.9		-151.91		178.26		-137.68
32		U		-58.42		172.88		52.42		101.18		-132.21		-58.42		-141.75		176.93		-142.37
33		C		-96.04		177.15		70.36		96.3		-136.1		-79.7		-152.33		172.6		-146.89
34		G		-59.16		173.95		54.16		96.56		-139.49		-58.15		-150.24		-171.97		-151.69
35		U		-64.12		175.44		67.66		93.14		-137.02		-75.65		-151.23		177.81		-158.37
36		A		-71.39		169.72		58.41		98.98		-131.27		-73.92		-145.03		177.14		-152.59
37		A		-66.47		167.27		62.76		88.74		-136.7		-71.52		-160.7		169.84		-136.37
38		U		-59.42		166.89		58.24		90.38		-140.89		-64.12		-151.87		173.38		-149.14
39		G		-67.8		171.71		57.54		85.35		-144.52		-79.43		-155.48		173.78		-151.28
40		C		-65.55		172.03		55.48		88.33		-146.19		-70.24		-154.27		178.44		-150.19
41		G		-59.94		174.23		67.65		87.33		-142.32		-77.54		-157.92		-179.67		-159.81
42		A		-60.15		174.02		57.97		96.91		-136.43		-89.8		-141.93		-169.44		-168.04
43		A		-60.83		164.16		61.65		95.47		-135.91		-71.56		-154.28		-179.47		-150.38
44		G		-55.75		167.42		67.68		99.31		-130.5		-78.19		-146.91		-163.54		-143.73
45		G		-60.59		178.3		57.52		104.13		-134.12		-83.08		-141.84		-163.22		-147.26
46		U		-57.94		168.94		59.04		107.61		-127.38		-66.51		-138.6		-153.64		-146.19
47		C		-64.4		169.93		63.59		110.12		-132.65		-98.22		-143.75		-152.93		156.36
48		G		-51.1		172.88		52.89		94.72		-140.18		-66.75		-148.69		-160.46		-152.42
49		U		-66.74		170.13		55.72		95.53		-139.84		-87.25		-147.06		-174.92		-159.8
50		A		-57.76		172.63		58.61		97.95		-136.37		-75.68		-139.75		-175.83		-156.53
51		G		-67.14		173.94		84.03		86.62		-139.7		-72.71		-163.53		176.3		-145.21
52		G		-61.34		169.1		59.13		95.4		-138.28		-70.52		-150.85		-178.34		-152.81
53		U		-59.48		173.13		53.76		93.68		-138.12		-69.66		-151.36		-175.16		-143.54
54		P		-60.01		173.3		54.25		89.09		-140.06		-65.7		-151.07		175.89		-134.91
55		C		-80.25		166.45		57.66		87.66		-142.23		-65.55		-157.28		146.27		-140.99
56		G		-61.59		173.48		60.13		87.58		-147.27		-73.25		-151.72		173.6		-158.46
57		A		-61.29		-178.15		61.22		105.14		-128.69		-88.16		-138.55		-164.05		-152.79
58		C		-47.7		172.26		61.32		89.17		-141.87		-58.87		-155.41		161.81		-140.38
59		U		-61.26		173.29		63.25		101.26		-132.4		-73.09		-146.85		-175.51		-129.31
60		C		-64.34		174.48		53.25		89.49		-145.55		-71.36		-152.34		167.95		-153.58
61		C		-60.42		170.48		52.95		83.64		-148.3		-66.55		-158.58		173.34		-151.22
62		U		-57.99		172.44		54.78		89.78		-145.78		-76.28		-149.6		179.5		-152.43
63		A		-61.88		173.53		58.09		92.09		-143.16		-71.95		-150.54		176.4		-153.91
64		U		-55.36		169.44		60.41		96.34		-137.31		-63.13		-150.63		-174.06		-152.76
65		U		-61.26		172.02		60.92		90.87		-142.81		-75.46		-153.24		169.52		-155.68
66		A		-56.35		173.84		58.04		95.89		-140.9		-73.0		-147.56		-178.09		-157.92
67		U		-59.08		165.1		57.9		89.43		-143.29		-71.74		-153.93		174.92		-151.77
68		C		-59.13		171.98		58.04		91.0		-146.54		-70.01		-151.73		176.65		-162.07
69		G		-61.04		173.49		62.19		86.02		-148.47		-74.21		-160.15		178.26		-154.65
70		G		-61.76		171.12		56.85		91.77		-147.22		-72.46		-152.32		178.57		-156.58
71		C		-60.55		169.79		60.92		86.03		-146.06		-72.76		-158.06		175.69		-155.87
72		A		-57.25		172.78		63.9		90.73		-143.46		-74.61		-150.85		178.11		-156.9
73		C		-61.82		170.5		59.89		93.83		-139.64		-75.46		-151.72		-176.83		-152.48
74		C		-59.61		168.72		59.02		93.24		-140.37		-71.72		-149.14		-179.62		-162.6
75		A		-61.52		176.16		65.61		98.16		-135.87		-79.85		-148.5		-170.15		-152.66
