No.	   Seq		 Alpha		 Beta		Gamma		Delta		 Epsilon	 Zeta		  Chi		  Eta		 Theta

0		G		-74.31		168.45		62.21		79.76		-148.87		-70.57		-165.93		167.09		-142.06
1		G		-76.9		171.78		65.57		84.3		-146.02		-81.56		-163.07		169.59		-149.54
2		A		-72.15		172.29		61.53		83.76		-144.29		-77.02		-166.24		171.3		-144.97
3		C		-76.31		176.73		67.46		83.12		-145.36		-83.5		-164.19		170.33		-157.02
4		A		-62.92		-178.85		49.38		86.87		-141.45		-79.33		-157.42		178.13		-138.19
5		C		-80.68		175.2		54.7		85.23		-139.91		-72.41		-161.07		149.17		-133.85
6		G		-69.84		174.67		60.72		88.41		-136.52		-82.53		-157.46		178.05		-149.88
7		A		-77.2		173.66		57.35		108.46		-123.06		-78.7		-137.71		-170.29		-133.62
8		A		168.17		175.19		118.26		110.52		-122.3		-114.53		-142.28		160.81		-161.46
9		A		-87.67		177.39		89.34		125.1		-110.72		-149.37		-124.97		-152.26		-106.52
10		U		-92.57		175.24		88.22		102.29		-130.52		-84.85		-150.37		168.42		-143.88
11		C		-76.43		176.8		68.02		93.99		-141.63		-77.53		-153.01		179.67		-150.81
12		C		-66.81		174.35		54.59		82.88		-147.75		-72.34		-162.84		179.2		-149.17
13		C		-67.21		174.85		55.66		74.12		-155.32		-73.18		-166.26		174.45		-152.22
14		G		-72.8		174.9		71.22		83.84		-147.12		-80.66		-164.56		-178.18		-159.04
15		A		-76.74		170.08		71.33		97.02		-138.61		-82.68		-151.61		176.91		-149.73
16		A		-76.88		171.61		96.07		86.23		-140.82		-80.16		-169.12		170.71		-148.63
17		G		-67.25		169.05		81.04		111.0		-126.81		-109.59		-139.03		-171.08		-165.45
18		U		-81.22		175.83		68.03		106.41		-134.34		-90.8		-146.35		-176.51		-160.41
19		A		-79.81		176.97		69.91		116.42		-132.3		-102.43		-136.12		-141.64		-163.53
20		G		-62.05		177.36		58.55		98.88		-137.72		-70.79		-154.48		-165.64		-151.68
21		U		-59.49		178.64		57.24		98.85		-138.43		-82.25		-148.89		-166.75		-154.58
22		G		-65.58		175.34		68.91		92.92		-141.21		-79.4		-155.37		177.58		-148.59
23		U		-66.48		175.11		64.85		88.06		-144.59		-70.61		-158.22		173.86		-140.79
24		C		-80.14		174.36		71.32		91.52		-140.27		-80.54		-156.77		173.37		-148.05
25		C		-76.25		173.68		62.43		90.25		-141.94		-76.89		-156.16		175.53		-150.25
