No.	   Seq		 Alpha		 Beta		Gamma		Delta		 Epsilon	 Zeta		  Chi		  Eta		 Theta

0		G		-68.0		171.13		60.0		75.92		-156.4		-68.55		-167.28		167.74		-143.12
1		G		-90.6		-178.99		68.53		73.53		-155.04		-83.4		-174.61		155.21		-161.08
2		A		-68.14		177.54		51.79		80.79		-151.39		-67.15		-167.95		166.74		-148.96
3		G		-81.68		175.35		66.05		72.35		-151.05		-75.97		-174.42		152.93		-143.1
4		G		-76.78		173.1		63.68		74.81		-151.7		-72.93		-174.99		162.5		-153.24
5		A		-92.32		179.3		55.83		87.61		-132.04		-60.15		-153.66		168.81		-126.78
6		C		-77.17		179.02		77.11		90.2		-136.44		-76.26		-155.95		160.89		-144.69
7		A		-117.2		-175.11		70.14		123.53		-108.29		155.51		-130.23		-116.52		-44.51
8		U		135.83		171.52		50.22		123.24		-103.83		-70.14		-133.99		-9.67		-47.84
9		U		-87.38		-175.97		68.26		119.95		-106.45		-59.63		-130.98		-173.31		-58.65
10		C		164.99		-171.05		68.49		90.52		-138.92		-83.77		-153.79		42.72		-143.98
11		C		-73.84		178.69		64.01		75.61		-149.04		-77.29		-169.17		170.13		-154.01
12		U		-61.07		174.42		52.42		79.79		-146.49		-74.86		-155.56		-177.17		-139.88
13		C		-94.23		170.78		74.93		77.27		-152.35		-89.02		-161.56		149.9		-165.28
14		A		-55.98		176.39		65.64		80.28		-141.88		-68.29		-171.23		170.0		-120.04
15		C		-70.69		171.91		78.06		79.43		-140.75		-73.74		-171.22		157.39		-141.16
16		G		-61.74		175.9		68.05		85.44		-137.88		-78.55		-155.64		174.83		-133.92
17		G		-101.2		172.89		89.5		97.98		-137.21		-79.31		-162.32		-129.6		-138.43
18		G		-56.62		168.15		57.3		100.19		-132.07		-79.09		-150.69		-178.72		-135.81
19		U		-59.4		168.56		54.21		118.21		-111.59		-98.54		-129.99		-154.76		-101.68
20		G		-141.68		178.13		94.0		107.01		-134.38		-118.62		-138.24		147.51		176.35
21		A		-70.72		174.11		57.64		93.62		-141.19		-60.04		-160.1		-164.92		-138.07
22		C		-56.63		166.38		52.63		70.7		-156.24		-65.83		-168.0		170.42		-144.51
23		C		-66.64		-170.12		60.89		71.64		-153.78		-71.43		-175.04		175.54		-152.8
24		G		-58.25		179.35		54.39		68.29		-164.68		-66.14		-177.1		176.49		-156.01
25		U		-57.58		167.29		45.9		75.86		-151.14		-66.41		-155.8		170.1		-142.2
26		G		-70.2		172.7		57.86		67.98		-157.56		-68.73		-179.91		150.56		-139.17
27		G		-68.27		167.49		49.37		77.33		-148.6		-74.76		-163.52		161.22		-144.32
28		U		-69.74		172.52		63.47		80.71		-144.06		-66.0		-164.52		168.13		-146.05
29		C		-68.91		168.96		56.6		68.97		-150.77		-75.16		-170.55		158.99		-142.66
30		C		-70.6		162.11		51.6		78.33		-142.14		-66.67		-168.41		162.46		-125.34
31		U		-62.79		171.13		49.19		86.45		-137.35		-76.96		-156.63		177.3		-136.75
32		C		-100.81		-166.77		75.97		107.33		-119.71		-108.85		-135.21		-142.13		-168.4
33		C		-98.39		171.63		58.42		81.7		-144.53		-68.3		-166.53		139.33		-132.15
