No.	   Seq		 Alpha		 Beta		Gamma		Delta		 Epsilon	 Zeta		  Chi		  Eta		 Theta

0		G		-77.02		-179.5		73.35		87.13		-143.65		-79.33		-163.1		173.87		-145.05
1		G		-84.68		176.46		69.02		81.17		-144.15		-73.64		-170.99		168.51		-136.75
2		G		-90.98		176.65		78.67		87.5		-146.74		-80.45		-163.19		166.88		-151.45
3		A		-79.54		179.72		65.56		88.08		-143.61		-80.26		-160.79		171.93		-141.29
4		C		-68.87		-177.22		62.44		93.42		-139.22		-80.86		-154.17		-177.45		-149.37
5		U		-70.64		174.44		56.33		85.3		-142.62		-76.91		-160.67		166.03		-134.71
6		G		-96.51		-176.85		74.26		103.33		-134.79		-85.54		-148.9		-178.31		-152.16
7		A		-77.97		-176.44		58.54		90.04		-138.49		-80.28		-158.4		174.89		-141.12
8		C		-72.48		177.49		60.59		94.4		-136.66		-72.43		-151.13		176.16		-138.44
9		G		-98.95		-177.42		75.75		93.4		-138.02		-95.33		-155.05		169.14		-148.36
10		A		-88.06		-177.41		71.61		109.59		-129.15		-75.96		-143.53		-161.85		-128.75
11		U		-84.27		173.81		65.82		90.88		-136.24		-80.12		-154.4		162.56		-140.72
12		C		-79.8		-177.22		69.47		92.73		-141.11		-87.76		-150.7		176.65		-156.41
13		A		-120.88		-179.1		80.05		95.07		-137.64		-81.35		-159.67		-174.94		-146.65
14		C		-79.57		-179.7		71.82		92.3		-143.72		-77.47		-153.37		178.14		-149.53
15		G		-81.14		-179.42		75.49		86.36		-140.2		-78.86		-163.18		176.63		-144.31
16		C		-81.76		178.46		68.59		95.87		-139.27		-88.07		-150.33		177.48		-145.12
17		A		-89.73		174.32		90.85		96.86		-136.66		-86.53		-155.88		-179.12		-155.45
18		G		-82.43		177.82		77.46		108.3		-130.94		-99.83		-140.43		-174.05		-148.34
19		U		-93.03		176.53		75.59		92.52		-138.45		-79.65		-157.59		168.44		-140.4
20		C		-77.01		175.62		63.21		105.95		-133.38		-84.48		-144.25		-170.6		-136.82
21		U		-86.44		-177.39		78.33		97.4		-135.76		-88.56		-152.23		-176.23		-162.98
22		A		-72.68		-178.77		60.88		101.02		-137.1		-80.05		-147.57		-172.01		-144.0
23		U		-72.88		173.78		69.54		94.18		-137.49		-78.54		-153.31		174.61		-136.67
