No.	   Seq		 Alpha		 Beta		Gamma		Delta		 Epsilon	 Zeta		  Chi		  Eta		 Theta

0		G		-78.84		177.68		82.25		90.09		-141.67		-80.17		-165.43		177.86		-144.99
1		G		-82.57		177.52		74.84		87.45		-142.96		-79.55		-164.67		174.82		-144.97
2		C		-81.23		-179.49		72.02		83.54		-144.63		-77.85		-164.11		168.02		-141.02
3		G		-91.54		-178.38		85.8		93.65		-137.39		-82.22		-161.81		179.28		-149.91
4		C		-77.7		177.23		62.4		87.28		-141.99		-82.21		-160.83		167.94		-146.32
5		A		-85.87		-179.97		75.82		96.52		-134.51		-80.16		-159.45		179.57		-141.97
6		G		-69.74		179.56		62.32		98.75		-133.21		-91.61		-151.43		178.66		-140.6
7		U		-77.3		-176.74		71.14		97.59		-132.04		-81.75		-152.88		179.28		-144.65
8		G		-138.39		-177.31		86.66		98.67		-132.98		-83.93		-156.58		-179.78		-129.71
9		G		-129.07		-178.23		84.94		92.71		-139.75		-77.93		-163.58		169.72		-144.69
10		G		-72.87		-177.78		62.73		80.46		-144.93		-75.04		-166.96		172.39		-140.5
11		C		-72.08		176.42		52.19		83.24		-143.68		-71.68		-159.85		172.36		-132.33
12		U		-95.59		178.56		65.39		88.76		-139.8		-82.8		-156.69		162.3		-144.09
13		A		-98.15		179.99		69.21		92.88		-138.7		-77.4		-157.61		174.92		-138.32
14		G		-91.24		179.7		70.87		89.2		-138.03		-76.02		-163.01		169.09		-141.04
15		C		-82.51		178.37		63.85		90.38		-140.8		-74.66		-157.22		166.5		-136.67
16		G		-88.89		-176.29		79.89		94.85		-133.86		-78.97		-157.36		176.74		-135.03
17		C		-93.97		176.39		66.56		91.48		-139.67		-75.21		-155.23		166.66		-137.52
18		C		-89.85		174.82		69.44		90.07		-139.67		-82.26		-156.22		163.81		-146.55
19		A		-74.37		179.64		60.65		92.86		-137.03		-86.04		-149.65		175.44		-138.05
20		C		-82.36		176.18		68.01		87.49		-139.57		-74.76		-161.14		163.74		-139.49
21		U		-72.19		179.03		69.48		93.28		-134.82		-78.83		-152.04		175.49		-132.85
22		C		-97.58		-177.46		72.92		86.63		-142.45		-79.98		-161.53		158.78		-143.87
23		A		-90.87		-178.39		71.42		93.87		-134.68		-81.35		-154.96		172.11		-148.75
24		A		-87.73		179.89		74.64		90.12		-138.02		-79.57		-156.96		168.87		-150.1
25		A		-77.13		179.27		71.29		87.07		-140.63		-81.64		-156.46		162.69		-153.32
26		A		-80.42		173.33		75.63		85.09		-141.67		-75.29		-163.43		166.59		-140.27
27		G		-71.34		173.51		67.81		83.6		-145.38		-76.88		-164.13		170.18		-149.8
28		G		-80.81		178.78		69.01		81.39		-147.22		-76.18		-167.09		170.08		-145.78
29		C		-73.94		176.81		60.5		77.44		-149.4		-71.81		-166.19		166.83		-141.8
30		C		-82.58		175.27		68.69		83.82		-142.3		-75.1		-160.96		171.89		-145.29
31		C		-75.89		176.38		63.14		81.99		-145.26		-82.14		-162.31		172.36		-154.03
32		A		-85.3		179.96		65.93		99.54		-134.01		-96.64		-146.8		-179.64		-152.45
33		U		-91.53		-177.61		77.06		98.21		-135.76		-89.63		-153.34		-171.15		-142.02
