No.	   Seq		 Alpha		 Beta		Gamma		Delta		 Epsilon	 Zeta		  Chi		  Eta		 Theta

0		G		-69.26		174.7		60.03		95.85		-136.83		-76.2		-156.55		-179.14		-137.29
1		G		-87.48		178.74		75.98		88.08		-139.76		-85.09		-161.47		168.89		-153.98
2		A		-73.66		176.45		65.3		91.03		-139.24		-76.72		-159.15		176.42		-139.89
3		C		-89.35		173.09		77.58		85.85		-143.26		-73.99		-166.85		167.86		-145.71
4		G		-85.81		177.76		87.33		86.51		-141.88		-77.06		-162.42		176.84		-148.04
5		A		-72.85		174.8		61.41		90.33		-136.25		-82.7		-155.1		178.1		-146.66
6		U		-67.66		173.68		59.9		95.45		-134.33		-78.99		-152.22		172.79		-144.2
7		G		-93.51		-177.36		77.84		101.5		-133.8		-87.37		-156.73		179.88		-143.64
8		G		-89.82		-176.65		69.75		94.57		-139.91		-80.83		-157.28		177.5		-147.19
9		C		-77.13		177.36		67.98		86.69		-140.79		-76.22		-161.13		174.48		-139.46
10		G		-65.79		174.48		56.88		89.69		-140.72		-78.34		-152.91		-178.85		-147.78
11		A		-107.61		176.57		72.59		90.95		-139.13		-79.9		-158.91		168.33		-143.53
12		A		-76.26		170.17		72.09		99.15		-134.74		-82.08		-149.14		-173.89		-161.94
13		A		-84.24		-179.62		79.69		97.07		-131.39		-92.23		-151.93		174.18		-145.83
14		C		-68.59		174.98		59.9		98.63		-128.75		-74.38		-145.97		-178.14		-130.28
15		U		-82.23		176.28		67.0		96.41		-134.96		-84.68		-153.77		171.06		-135.22
16		G		-69.51		178.13		65.97		105.12		-134.55		-82.79		-142.96		-161.88		-160.08
17		C		-94.66		176.75		69.48		88.89		-139.35		-83.36		-156.54		167.81		-146.22
18		A		-67.03		174.44		63.85		101.49		-133.79		-72.2		-144.1		-169.02		-138.93
19		U		-89.0		178.43		85.67		97.75		-134.52		-95.17		-150.09		175.69		-158.31
20		G		-69.37		172.84		79.2		90.6		-144.35		-81.36		-157.38		178.44		-172.87
21		A		-85.36		172.64		74.6		92.12		-137.78		-76.8		-163.66		179.45		-142.12
22		G		-60.65		173.48		59.5		88.58		-143.3		-73.17		-156.06		177.77		-142.65
23		G		-81.55		178.15		74.32		85.86		-139.06		-73.63		-161.62		175.15		-138.62
24		C		-82.27		171.9		62.16		87.41		-144.78		-72.58		-156.86		160.67		-145.43
25		A		-77.05		174.01		74.03		88.13		-140.92		-83.03		-162.44		179.6		-149.28
26		A		-60.67		174.49		56.91		98.64		-133.04		-74.57		-143.45		-170.52		-145.34
27		U		-76.73		171.44		66.09		96.53		-133.89		-76.22		-154.02		168.92		-137.69
28		U		-65.54		178.46		64.33		102.29		-131.61		-73.36		-140.03		177.49		-123.3
29		C		-94.16		177.33		72.0		92.0		-138.8		-84.38		-157.97		170.61		-150.54
30		A		-60.93		-178.72		59.73		91.24		-141.94		-72.3		-154.09		-175.83		-150.22
31		U		-67.01		177.76		62.69		90.17		-140.37		-81.26		-156.38		173.94		-144.98
32		G		-62.43		-175.21		60.09		90.28		-143.12		-72.03		-152.5		176.09		-143.1
33		C		-85.77		174.05		68.11		84.87		-141.71		-75.23		-164.68		167.01		-139.52
34		A		-66.91		175.34		60.94		90.54		-144.92		-73.75		-153.51		172.27		-160.78
35		A		-77.7		177.3		67.18		90.12		-139.94		-80.61		-161.09		-178.29		-141.86
36		G		-63.17		167.17		57.18		89.65		-145.14		-68.93		-156.86		172.03		-137.77
37		U		-75.71		174.49		66.15		89.33		-139.79		-75.14		-161.01		171.85		-136.14
38		C		-63.16		176.22		54.32		90.82		-146.93		-75.19		-151.46		173.36		-154.44
39		C		-75.13		172.69		59.66		84.75		-143.2		-77.71		-162.76		170.73		-143.8
40		C		-62.79		178.5		57.49		89.92		-149.6		-80.06		-153.05		-178.63		-159.19
41		U		-73.31		176.59		66.64		90.65		-138.79		-82.1		-156.92		174.66		-145.52
42		C		-65.45		176.06		61.79		90.68		-144.86		-66.76		-155.36		172.07		-150.6
43		G		-72.37		172.21		67.14		89.74		-140.23		-80.57		-159.66		173.27		-146.08
44		U		-64.53		174.72		57.74		92.96		-143.68		-76.54		-152.34		178.17		-145.13
45		C		-85.48		178.08		72.25		90.07		-140.43		-79.08		-159.53		172.39		-147.49
46		C		-67.72		175.19		63.26		92.12		-142.11		-69.37		-153.8		-179.14		-150.62
