No.	   Seq		 Alpha		 Beta		Gamma		Delta		 Epsilon	 Zeta		  Chi		  Eta		 Theta

0		G		-66.55		167.42		62.69		91.46		-145.07		-82.15		-160.07		170.25		-154.36
1		G		-59.28		171.85		51.72		88.87		-151.2		-82.62		-151.67		179.73		-145.05
2		U		-54.71		164.36		45.51		91.8		-142.68		-67.29		-152.71		-171.87		-122.2
3		C		-80.07		168.0		75.65		88.24		-142.91		-87.71		-164.11		153.01		-165.65
4		A		-59.54		169.37		49.68		84.31		-146.85		-70.38		-157.53		-165.81		-129.52
5		U		-61.91		163.79		47.17		83.91		-150.94		-72.45		-153.57		170.33		-161.55
6		C		-59.66		165.96		56.96		81.97		-147.56		-69.7		-156.71		172.51		-135.24
7		G		-55.51		164.91		52.56		83.32		-143.86		-70.89		-163.41		-174.25		-134.65
8		U		-57.72		171.1		48.1		96.0		-132.75		-75.01		-148.08		175.32		-126.64
9		U		-61.56		169.85		53.44		100.87		-119.72		-74.02		-140.72		-179.89		-133.19
10		G		-129.65		-175.92		90.89		82.52		-143.85		-90.06		-169.67		142.63		-155.49
11		A		-71.0		166.79		56.23		80.43		-144.24		-62.25		-173.77		165.03		-131.76
12		G		-65.96		171.39		80.39		91.17		-132.49		-108.08		-146.31		-175.32		-173.0
13		A		-140.68		-176.54		103.85		108.94		-113.74		-98.87		-138.71		-122.14		-132.52
14		A		145.02		161.84		104.56		104.22		-124.73		-83.67		-155.43		2.49		-140.61
15		A		-71.44		169.99		74.62		113.74		-120.17		-141.16		-133.53		-168.73		-177.17
16		A		-73.76		177.81		68.65		104.59		-120.4		-68.74		-139.09		176.69		-120.57
17		C		-68.89		167.04		64.62		95.56		-139.58		-73.03		-146.25		155.96		-139.69
18		G		-61.23		178.73		69.56		108.06		-129.18		-95.66		-141.96		-153.77		-156.81
19		A		-118.68		172.88		72.01		110.61		-131.82		-119.5		-138.05		-136.44		-174.5
20		A		-65.25		168.25		67.05		99.66		-136.94		-76.89		-148.79		178.04		-168.15
21		A		-52.4		165.93		57.42		99.62		-135.97		-60.42		-139.57		-174.71		-133.21
22		C		-65.48		166.66		65.9		82.58		-147.0		-75.67		-161.3		166.17		-166.45
23		A		-61.88		163.03		65.94		90.5		-149.26		-68.4		-163.93		-170.81		-160.53
24		G		-63.05		173.76		59.0		84.94		-153.12		-77.95		-164.5		176.17		-161.73
25		A		-56.01		170.36		51.76		83.64		-150.67		-59.86		-166.37		-177.82		-137.18
26		C		-66.85		168.1		54.71		81.05		-152.85		-70.72		-163.96		168.54		-143.92
27		G		-67.24		-179.99		57.42		89.88		-151.1		-85.0		-157.46		179.73		-165.2
28		G		-60.13		166.99		60.03		87.73		-145.7		-78.21		-164.43		-167.02		-154.26
29		U		-62.03		162.35		54.18		92.14		-145.67		-79.77		-151.42		176.62		-162.22
30		G		-70.74		170.69		61.03		90.18		-143.15		-73.16		-163.44		175.68		-140.21
31		G		-73.19		176.95		54.16		91.05		-147.06		-62.66		-165.17		-177.76		-150.42
32		C		-79.14		173.52		55.63		88.87		-143.56		-68.04		-162.27		175.14		-140.02
33		C		-63.66		169.38		48.95		91.89		-143.14		-89.9		-151.53		-168.63		-148.45
