No.	   Seq		 Alpha		 Beta		Gamma		Delta		 Epsilon	 Zeta		  Chi		  Eta		 Theta

0		G		-71.08		173.6		63.11		91.9		-142.67		-75.23		-154.85		179.97		-144.53
1		G		-84.34		178.47		70.54		87.43		-141.22		-81.39		-159.77		170.87		-144.2
2		C		-70.23		174.11		63.97		91.65		-144.09		-76.4		-152.65		176.57		-151.17
3		A		-80.52		178.43		69.34		89.53		-140.45		-81.95		-160.69		174.15		-143.8
4		C		-68.76		174.98		61.44		92.05		-143.04		-71.31		-156.14		179.03		-147.45
5		G		-81.35		177.48		69.14		87.65		-140.82		-83.46		-160.78		171.22		-146.55
6		A		-72.48		178.22		60.59		94.12		-140.01		-74.71		-151.47		-178.69		-143.59
7		G		-92.07		178.42		80.83		89.12		-138.87		-80.86		-161.58		172.27		-140.21
8		G		-79.74		-179.53		73.16		98.44		-138.94		-76.92		-151.02		-174.96		-148.52
9		U		-80.49		179.1		67.42		92.52		-137.29		-82.53		-156.74		174.55		-141.74
10		U		-72.04		-179.24		64.96		100.31		-134.59		-75.29		-143.47		-176.69		-140.83
11		U		-96.47		177.85		69.18		95.03		-136.2		-82.18		-154.46		169.64		-142.15
12		A		-77.93		-178.17		64.95		97.46		-138.94		-76.9		-148.45		-177.51		-148.27
13		G		-89.67		-178.96		77.38		89.66		-138.21		-80.94		-160.62		173.39		-144.59
14		C		-62.56		179.32		55.28		96.79		-138.12		-77.16		-144.59		-176.02		-143.85
15		U		-81.67		178.94		70.67		90.55		-138.6		-82.07		-158.01		172.35		-141.88
16		A		-74.35		179.21		64.53		100.31		-137.53		-81.27		-143.54		-179.35		-141.86
17		C		-96.38		176.27		72.96		90.19		-138.04		-80.66		-158.56		164.68		-147.0
18		A		-63.53		-179.95		63.15		95.12		-140.25		-79.35		-149.58		-176.69		-144.15
19		C		-81.55		178.68		67.26		91.28		-139.15		-81.18		-157.09		172.13		-144.29
20		U		-64.14		178.53		59.51		97.81		-141.54		-76.69		-149.02		-177.18		-147.09
21		C		-87.19		-179.48		78.66		92.26		-138.75		-84.67		-158.56		174.52		-145.57
22		G		-63.43		177.52		56.12		91.72		-145.82		-73.98		-153.53		175.23		-150.45
23		U		-82.97		178.55		74.85		93.18		-136.77		-84.2		-155.68		175.72		-145.98
24		G		-66.06		175.0		61.44		90.51		-145.11		-75.37		-153.6		172.24		-151.31
25		C		-84.95		177.57		73.04		88.28		-141.94		-80.55		-160.46		172.49		-146.44
26		C		-67.78		175.68		57.42		90.98		-143.97		-75.22		-152.61		176.72		-148.38
