No.	   Seq		 Alpha		 Beta		Gamma		Delta		 Epsilon	 Zeta		  Chi		  Eta		 Theta

0		G		-70.69		169.86		60.97		90.47		-141.13		-72.58		-157.92		176.7		-140.23
1		G		-76.95		176.25		71.34		81.27		-151.77		-66.23		-165.16		167.11		-143.96
2		G		-74.39		178.48		68.24		83.19		-138.6		-79.39		-159.08		177.63		-144.13
3		C		-64.3		172.91		56.65		97.63		-137.88		-76.73		-144.7		-174.02		-156.55
4		U		-73.04		177.56		49.68		84.22		-144.52		-76.05		-148.98		158.1		-141.16
5		A		-85.92		176.25		58.05		104.51		-140.05		-75.77		-142.85		-177.01		-143.62
6		G		-79.49		168.84		48.53		89.83		-139.24		-71.96		-152.14		173.14		-152.84
7		C		-63.39		171.4		55.93		88.15		-148.28		-71.87		-147.27		179.84		-141.77
8		A		-105.25		-179.85		53.39		109.03		-129.14		-72.54		-136.23		-114.45		-138.82
9		C		-71.89		174.58		68.25		107.97		-140.36		-60.51		-137.33		-175.72		-167.12
10		U		-62.48		175.03		53.82		89.06		-145.76		-69.41		-150.87		-175.88		-144.17
11		C		-52.63		169.64		47.77		94.8		-143.72		-74.33		-144.19		-179.54		-145.0
12		U		-65.74		173.77		52.47		102.69		-132.67		-63.72		-143.87		-120.78		-135.71
13		G		-83.79		-178.69		82.38		94.91		-138.77		-88.97		-153.44		-154.77		-157.81
14		G		-92.9		170.21		62.35		96.48		-130.69		-67.86		-148.74		-170.82		-138.16
15		U		-60.87		166.95		59.49		95.88		-134.85		-86.85		-137.26		-177.86		-148.75
16		A		-72.93		-177.27		85.38		117.37		-108.85		150.89		-122.26		-146.33		-163.96
17		U		-52.5		162.31		59.23		103.18		-120.8		-64.04		-137.08		162.76		-136.83
18		U		-95.07		-170.01		98.16		118.95		-123.14		-101.54		-119.3		-145.42		170.5
19		A		-61.98		-175.87		51.48		107.59		-125.27		-78.73		-126.32		-147.49		-135.88
20		C		-58.33		-165.68		74.6		87.07		-155.93		-54.41		-152.04		171.61		-152.69
21		G		-55.2		-175.41		69.49		90.11		-142.2		-80.42		-156.72		-165.96		-154.72
22		G		-52.18		-177.74		55.69		88.85		-156.87		-66.37		-152.11		-166.87		-158.18
23		U		-58.37		158.86		55.57		91.13		-138.93		-70.92		-147.12		164.57		-143.95
24		A		-64.65		-176.03		54.16		92.58		-149.79		-61.23		-145.89		-179.4		-134.86
25		C		-70.9		165.45		55.63		73.18		-157.08		-67.73		-166.4		151.39		-140.85
26		C		-59.57		179.47		55.6		84.93		-157.04		-65.26		-156.12		-170.77		-145.66
27		U		-58.3		177.73		51.02		86.33		-145.55		-74.33		-155.81		-174.13		-145.26
28		U		-50.39		-172.76		42.67		109.03		-144.63		-74.39		-127.79		-166.33		-156.52
29		U		-57.8		173.2		56.84		101.92		-128.71		-83.01		-139.27		-178.96		-139.1
30		G		-60.1		-165.79		56.43		103.76		-142.89		-86.42		-138.02		176.5		-176.88
31		U		-56.4		171.19		61.72		89.38		-137.53		-73.72		-155.14		178.06		-151.97
32		G		-55.41		-176.03		45.12		102.67		-150.59		-64.12		-138.63		-175.9		176.4
33		C		-65.15		167.33		56.92		83.36		-147.34		-69.09		-165.46		174.55		-137.74
34		G		-63.05		-177.89		54.34		87.47		-155.26		-64.98		-150.43		168.42		-152.07
35		C		-72.17		170.18		58.51		84.83		-142.23		-69.99		-159.66		172.32		-144.66
36		C		-59.05		174.53		46.58		82.49		-154.64		-64.14		-155.56		173.43		-146.37
37		C		-68.92		168.58		66.44		88.77		-135.36		-82.99		-157.35		178.18		-147.38
