No.	   Seq		 Alpha		 Beta		Gamma		Delta		 Epsilon	 Zeta		  Chi		  Eta		 Theta

0		G		-64.63		170.17		59.2		90.84		-144.12		-66.79		-159.61		-178.65		-146.51
1		G		-73.88		174.5		65.57		91.44		-142.07		-80.98		-160.93		171.59		-147.76
2		C		-65.67		169.5		56.07		92.78		-140.99		-72.91		-151.68		177.2		-148.36
3		G		-69.74		174.7		67.65		88.65		-143.61		-76.27		-163.82		175.06		-147.41
4		C		-63.71		169.16		56.68		90.75		-142.57		-67.17		-154.67		-178.44		-142.83
5		G		-72.24		173.41		66.63		86.47		-142.45		-77.84		-160.54		173.55		-150.63
6		U		-63.04		170.06		54.14		102.22		-128.29		-81.56		-140.89		-170.84		-149.32
7		U		-78.4		173.82		68.35		95.01		-133.85		-87.88		-154.71		173.89		-159.64
8		A		-72.45		176.97		63.24		99.54		-131.28		-76.02		-146.12		-169.5		-137.99
9		A		-79.95		175.21		61.46		93.47		-135.71		-76.62		-155.4		167.11		-140.75
10		C		-63.41		174.26		59.96		89.88		-139.71		-72.55		-147.25		172.72		-154.61
11		A		-73.18		173.75		69.42		92.19		-140.31		-80.47		-155.14		-178.11		-151.61
12		A		-70.99		172.46		71.19		98.98		-138.48		-77.64		-148.26		-174.01		-169.57
13		A		-83.37		174.39		90.41		91.9		-137.1		-78.67		-161.5		178.64		-146.08
14		G		-63.66		172.29		62.77		92.35		-135.36		-76.3		-150.36		-178.08		-154.76
15		C		-73.12		173.76		73.37		92.08		-139.07		-81.98		-158.19		178.89		-147.16
16		G		-65.61		171.4		66.43		98.7		-136.46		-77.91		-146.95		-160.64		-158.33
17		G		-77.76		173.74		74.12		99.89		-133.67		-88.43		-150.77		-176.68		-147.32
18		U		-61.36		165.71		61.19		101.47		-130.59		-67.26		-142.96		-164.59		-150.09
19		U		-81.96		177.53		94.06		101.12		-132.95		-97.25		-149.23		-173.18		-166.82
20		A		-66.64		173.56		62.31		100.45		-135.44		-65.84		-143.92		-163.85		-162.49
21		U		-73.15		172.46		72.66		95.81		-137.61		-86.43		-154.94		177.29		-160.89
22		G		-59.04		172.52		54.77		101.58		-135.95		-67.74		-139.06		-166.54		-153.26
23		U		-74.25		176.05		67.2		91.77		-138.85		-77.98		-155.74		173.77		-155.94
24		A		-60.17		170.14		60.23		93.71		-142.06		-62.94		-153.31		-172.43		-143.21
25		G		-69.01		175.68		63.01		84.74		-142.85		-74.79		-163.07		171.07		-149.46
26		C		-59.87		172.99		54.76		83.14		-151.04		-67.54		-158.16		175.17		-140.61
27		G		-82.34		173.54		73.19		83.91		-141.68		-73.63		-165.56		171.16		-142.47
28		G		-68.89		172.46		67.68		86.76		-149.55		-71.86		-156.39		171.75		-150.78
29		A		-73.5		170.84		65.67		87.05		-137.03		-76.2		-159.7		173.51		-141.9
30		U		-55.32		170.24		58.33		95.93		-135.0		-68.37		-147.52		-178.14		-145.64
31		U		-73.06		175.69		59.5		99.02		-133.3		-86.46		-151.45		172.88		-145.04
32		G		-58.74		177.66		56.52		98.84		-136.79		-64.28		-145.58		-165.83		-148.27
33		C		-83.5		178.2		71.64		92.97		-137.03		-81.58		-156.45		168.69		-150.31
34		A		-56.95		175.82		61.24		98.27		-136.59		-69.64		-142.79		-167.94		-176.77
35		A		-70.4		173.46		66.02		95.36		-134.22		-85.9		-154.67		-178.9		-148.71
36		A		-55.85		171.89		57.75		97.45		-141.16		-60.72		-152.35		178.58		-148.19
37		U		-69.11		170.78		63.98		87.56		-140.23		-80.95		-156.8		168.2		-139.2
38		C		-60.54		172.05		58.93		87.99		-149.36		-66.29		-152.69		172.83		-158.63
39		C		-72.31		169.64		65.85		81.16		-145.5		-76.71		-168.32		169.3		-145.24
40		G		-57.78		174.53		55.05		86.86		-151.51		-69.5		-156.23		-179.94		-155.07
41		U		-69.44		174.9		64.42		83.4		-140.78		-76.07		-165.41		171.77		-137.68
42		C		-59.05		166.39		54.24		90.57		-143.78		-68.43		-150.22		170.9		-146.81
43		U		-70.8		174.93		68.34		93.26		-135.91		-84.66		-152.69		174.53		-147.66
44		A		-59.6		174.48		59.31		97.19		-143.29		-80.41		-143.21		-176.52		-155.64
45		G		-74.95		173.71		85.23		98.31		-132.89		-82.87		-160.33		-174.16		-168.67
46		U		-48.23		175.17		58.51		96.74		-136.96		-63.72		-150.06		-168.38		-144.84
47		C		-70.49		175.4		58.67		87.43		-142.21		-75.47		-160.63		173.6		-148.2
48		C		-60.2		174.11		53.04		90.49		-147.78		-69.35		-149.35		178.3		-146.71
49		G		-78.49		178.41		84.1		84.79		-142.15		-81.92		-164.6		176.83		-153.27
50		G		-55.89		174.37		61.51		93.45		-139.05		-71.85		-152.05		-177.01		-149.98
51		U		-65.31		170.73		61.56		90.55		-137.01		-69.96		-160.52		175.63		-138.88
52		U		-63.91		177.13		59.02		99.47		-134.4		-77.28		-145.72		179.44		-143.88
53		C		-106.71		172.94		71.33		83.32		-142.01		-75.55		-166.29		147.19		-141.94
54		G		-64.68		172.66		60.64		94.9		-139.97		-78.64		-147.64		-179.82		-153.71
55		A		-68.77		179.35		65.63		96.19		-135.25		-86.92		-151.71		-174.83		-146.33
56		C		-52.36		175.74		60.4		94.68		-135.81		-70.78		-148.2		178.48		-151.62
57		U		-68.6		177.08		71.21		97.89		-131.97		-80.36		-155.59		-178.22		-129.32
58		C		-63.05		173.85		58.12		91.11		-143.33		-71.98		-153.05		166.57		-149.96
59		C		-66.01		174.61		59.86		85.44		-142.27		-75.61		-161.25		173.18		-144.81
60		G		-62.39		174.74		56.19		90.6		-141.52		-73.34		-153.83		177.13		-147.23
61		G		-71.1		172.12		67.4		86.09		-142.37		-80.53		-160.61		172.03		-150.0
62		A		-64.3		170.29		60.49		91.41		-140.85		-74.73		-153.18		174.58		-150.59
63		A		-74.1		175.4		70.06		89.03		-139.37		-78.91		-161.83		170.49		-146.64
64		C		-61.68		173.6		58.95		88.53		-143.29		-76.09		-155.19		173.07		-151.45
65		G		-73.98		176.48		75.35		84.86		-142.37		-78.88		-162.61		173.48		-150.56
66		C		-65.71		170.22		58.9		87.69		-143.26		-75.83		-155.85		173.44		-147.86
67		G		-67.6		174.17		66.44		84.4		-143.55		-75.85		-164.32		173.78		-147.97
68		C		-65.95		173.07		59.89		94.11		-139.72		-80.91		-150.01		178.44		-146.42
69		C		-80.07		177.68		74.92		88.78		-141.03		-77.97		-161.05		171.92		-151.99
70		U		-65.26		173.63		66.63		96.0		-135.96		-85.56		-149.45		-177.15		-157.95
71		C		-70.22		173.79		62.16		88.17		-139.88		-77.87		-157.21		172.69		-151.2
72		C		-66.16		171.48		64.43		96.01		-135.86		-85.57		-151.09		-178.6		-153.29
73		A		-79.44		178.9		79.49		96.7		-135.93		-82.74		-154.51		-179.53		-151.36
