No.	   Seq		 Alpha		 Beta		Gamma		Delta		 Epsilon	 Zeta		  Chi		  Eta		 Theta

0		G		-73.83		171.86		66.45		92.49		-138.95		-86.85		-158.1		178.26		-146.08
1		G		-81.83		178.99		76.82		90.5		-137.15		-77.7		-164.99		176.06		-148.48
2		G		-68.54		169.35		65.88		85.8		-142.72		-81.94		-164.6		172.24		-144.33
3		A		-78.74		172.6		79.88		86.65		-142.84		-79.38		-165.57		176.17		-154.51
4		G		-66.74		172.49		69.85		86.04		-142.75		-78.72		-162.91		176.6		-148.39
5		U		-69.41		172.19		67.04		83.33		-141.94		-73.63		-163.95		170.16		-152.81
6		G		-80.92		176.37		78.49		97.11		-132.81		-92.47		-154.5		176.4		-167.52
7		A		-64.44		174.15		64.24		93.65		-132.83		-85.28		-159.09		179.98		-148.91
8		A		-60.73		177.54		64.77		99.41		-127.46		-77.71		-152.41		-171.43		-146.81
9		G		-52.46		175.87		62.91		92.75		-132.53		-76.81		-158.7		-179.88		-137.5
10		G		-77.97		176.25		65.26		96.41		-135.22		-83.91		-156.28		174.51		-155.96
11		A		-76.87		175.76		73.07		88.55		-139.77		-80.72		-162.96		179.89		-151.56
12		G		-66.62		169.78		81.04		88.1		-140.34		-75.04		-163.33		179.67		-156.37
13		G		-72.9		174.91		71.87		84.64		-143.54		-75.09		-164.86		172.03		-148.2
14		C		-70.0		172.42		60.02		91.16		-137.66		-69.16		-156.79		177.11		-144.55
15		U		-64.04		177.75		61.28		91.6		-134.64		-87.05		-157.68		172.76		-146.12
16		C		-67.52		173.37		55.52		94.8		-135.93		-78.25		-152.73		173.93		-151.19
17		G		-69.0		172.51		61.98		90.63		-138.2		-79.19		-164.44		174.16		-140.87
18		C		-63.52		175.72		51.31		102.93		-132.06		-68.96		-139.61		-170.79		-144.38
19		G		-93.79		-178.19		89.02		93.44		-134.36		-94.76		-154.4		174.82		-169.63
20		A		-65.53		166.74		63.48		113.92		-124.27		-121.9		-133.63		-159.4		178.17
21		A		-70.93		169.27		75.88		91.67		-136.38		-76.06		-160.99		161.79		-149.85
22		C		-52.62		170.08		52.55		97.21		-131.73		-61.72		-142.55		-176.73		-128.32
23		U		-64.07		172.71		53.9		88.9		-137.55		-75.61		-160.32		160.69		-143.14
24		C		-53.25		165.46		46.5		93.38		-139.14		-62.88		-152.69		-173.97		-142.11
25		G		-64.02		169.78		53.17		81.38		-142.71		-69.51		-170.17		175.65		-135.57
26		C		-64.53		174.04		50.24		88.62		-143.79		-69.46		-151.4		172.31		-148.03
27		G		-74.31		172.95		75.91		87.41		-137.45		-81.73		-159.9		171.94		-159.5
28		A		-73.08		164.96		68.5		94.82		-136.09		-82.89		-149.24		174.46		-168.97
29		A		-70.61		162.47		74.69		83.24		-143.34		-70.31		-168.82		160.32		-144.23
30		G		-60.54		170.7		60.15		92.63		-139.98		-72.6		-152.77		179.01		-147.69
31		C		-66.18		172.33		56.94		82.44		-144.79		-65.53		-163.68		168.54		-141.28
32		C		-59.87		174.48		57.19		85.05		-147.15		-64.89		-155.12		177.8		-145.31
33		G		-64.11		173.92		65.46		87.18		-144.49		-80.34		-162.25		-179.75		-159.23
34		A		-57.12		173.32		47.25		100.02		-136.09		-63.99		-145.23		-164.38		-155.58
35		G		-69.61		174.71		82.03		94.47		-135.18		-80.88		-155.96		178.97		-154.9
36		A		-74.56		177.68		68.57		102.2		-132.27		-73.04		-140.98		179.32		-143.19
37		A		-97.06		174.1		97.56		94.85		-138.72		-77.52		-158.41		172.01		-156.85
38		A		-61.54		167.85		60.08		93.51		-142.07		-68.6		-155.44		-169.61		-144.27
39		C		-65.07		175.6		59.2		83.28		-148.52		-69.91		-160.17		171.64		-153.27
40		U		-53.64		175.06		50.8		87.73		-150.35		-68.76		-153.11		-175.29		-146.03
41		U		-68.75		175.53		60.01		86.25		-144.34		-71.73		-157.71		164.65		-149.97
42		C		-60.16		166.22		54.46		86.38		-152.18		-67.9		-157.74		170.08		-154.54
43		A		-68.67		177.0		65.17		89.76		-143.16		-81.41		-157.97		176.29		-152.68
44		C		-55.96		168.43		51.67		89.19		-150.06		-68.57		-156.18		174.81		-150.69
45		U		-70.8		174.68		69.0		89.94		-140.52		-78.27		-154.91		169.74		-153.61
46		C		-59.14		161.36		57.41		89.22		-147.76		-70.93		-155.54		177.11		-147.93
47		C		-67.01		173.38		54.97		89.54		-147.05		-81.61		-153.26		174.7		-166.61
48		C		-56.87		175.58		57.53		92.74		-142.66		-70.66		-154.74		-162.86		-158.28
