No.	   Seq		 Alpha		 Beta		Gamma		Delta		 Epsilon	 Zeta		  Chi		  Eta		 Theta

0		A		-86.76		178.77		69.79		91.58		-138.83		-83.01		-159.05		175.49		-144.8
1		A		-87.0		177.4		67.12		87.45		-143.52		-76.74		-162.84		166.87		-141.73
2		G		-80.34		178.19		67.87		86.47		-142.07		-77.6		-163.4		171.01		-135.29
3		C		-81.92		179.37		59.29		87.61		-142.59		-78.56		-158.26		166.89		-138.7
4		C		-90.9		-177.53		74.56		87.99		-140.7		-83.71		-160.97		170.87		-146.82
5		A		-77.73		-179.02		57.23		90.28		-140.05		-79.56		-156.79		177.09		-138.41
6		C		-83.58		178.25		62.02		89.52		-141.86		-80.87		-158.88		165.5		-144.41
7		A		-72.61		-178.2		58.15		91.2		-137.7		-78.71		-152.14		174.45		-131.7
8		C		-106.39		-177.64		74.5		96.91		-135.16		-89.07		-152.43		168.68		-150.64
9		A		-86.02		-179.59		76.84		101.02		-130.53		-88.74		-148.65		-177.87		-141.13
10		A		-103.05		179.44		72.98		98.96		-135.08		-87.21		-154.06		178.19		-145.49
11		A		-74.58		-178.98		67.33		96.07		-135.77		-81.19		-152.64		173.6		-139.19
12		C		-85.46		-179.77		69.36		86.39		-141.94		-74.8		-161.63		169.49		-142.13
13		C		-71.19		179.72		63.48		86.41		-145.93		-82.55		-159.04		175.29		-155.31
14		A		-86.91		-179.52		68.94		89.17		-142.37		-80.83		-160.0		176.23		-147.89
15		G		-75.43		176.13		67.55		89.93		-144.22		-82.41		-160.15		175.56		-154.41
16		A		-87.66		179.42		75.35		94.8		-137.89		-80.63		-156.49		175.06		-143.42
17		C		-74.03		176.18		69.17		83.08		-147.58		-76.21		-164.23		167.53		-148.65
18		G		-83.9		178.01		74.83		94.39		-138.95		-88.7		-153.45		174.08		-150.91
19		G		-76.74		179.55		66.27		90.34		-144.81		-81.31		-160.21		-179.11		-151.74
20		C		-81.72		177.81		68.73		96.48		-139.18		-85.92		-151.35		179.75		-146.63
21		C		-86.49		-175.53		67.73		98.18		-138.09		-77.64		-154.8		-168.53		-146.93
