No.	   Seq		 Alpha		 Beta		Gamma		Delta		 Epsilon	 Zeta		  Chi		  Eta		 Theta

0		G		-73.82		170.52		65.46		80.86		-146.73		-77.0		-168.07		169.25		-152.62
1		C		-62.98		172.7		60.02		83.22		-147.85		-63.75		-165.16		169.37		-139.98
2		C		-75.48		171.98		65.18		79.52		-145.86		-71.68		-168.59		162.37		-143.27
3		G		-73.88		174.22		63.92		85.08		-147.17		-76.83		-162.35		164.7		-157.34
4		G		-65.45		169.79		61.97		85.02		-143.15		-71.56		-168.94		171.81		-143.98
5		C		-62.21		168.0		56.0		85.9		-149.19		-62.4		-159.3		169.74		-137.43
6		C		-73.51		179.22		65.83		92.23		-142.79		-81.94		-154.87		173.24		-155.15
7		A		-63.57		174.9		57.5		98.37		-129.96		-80.31		-146.17		-172.77		-154.37
8		C		-92.41		167.78		67.81		93.16		-133.49		-83.13		-158.94		159.62		-149.81
9		A		-60.84		169.47		55.88		89.54		-145.33		-69.35		-154.58		177.0		-136.35
10		C		-72.07		179.25		57.93		88.2		-141.97		-81.01		-157.59		170.79		-143.3
11		C		-57.47		169.43		59.74		88.53		-143.31		-66.45		-153.17		175.75		-151.34
12		U		-72.5		166.19		62.78		89.36		-141.42		-87.14		-155.53		170.96		-159.62
13		A		-51.61		171.01		61.31		99.81		-139.94		-70.47		-148.33		-168.1		-169.23
14		C		-109.28		174.01		104.24		85.93		-138.23		-69.17		-169.56		163.51		-148.93
15		G		-62.05		171.02		69.94		88.41		-145.71		-82.17		-157.04		179.2		-164.16
16		G		-68.29		168.05		76.25		82.54		-142.99		-77.36		-167.71		174.25		-142.57
17		G		-55.32		164.45		66.34		91.55		-146.13		-68.33		-159.17		-169.74		-148.35
18		G		-97.83		177.7		92.05		104.38		-130.5		-90.53		-151.62		-178.21		-160.88
19		C		-60.16		173.0		63.94		91.02		-145.9		-72.67		-158.04		178.81		-157.72
20		C		-63.42		162.48		65.7		86.82		-140.38		-70.04		-157.87		179.6		-169.4
21		U		-53.8		168.31		61.59		87.12		-147.28		-67.94		-157.88		-177.63		-159.59
22		G		-71.27		165.52		79.04		84.76		-143.13		-71.17		-164.4		174.33		-159.35
23		G		-50.84		-179.94		63.12		97.26		-135.26		-63.02		-154.71		-157.63		-162.27
24		U		-49.12		170.16		61.19		93.24		-128.24		-71.6		-152.85		-178.36		-118.52
25		U		-59.6		175.83		60.77		96.88		-130.84		-87.26		-142.98		168.24		-158.45
26		A		-72.93		168.33		61.84		93.55		-136.8		-72.96		-157.39		173.34		-142.51
27		G		-55.39		174.13		56.0		91.9		-139.59		-70.88		-150.05		-178.79		-149.02
28		U		-78.45		175.94		77.84		91.16		-136.74		-82.0		-152.42		173.82		-161.16
29		A		-61.6		176.89		61.31		98.78		-132.96		-70.77		-143.63		179.1		-137.68
30		C		-63.39		166.22		69.62		80.68		-143.98		-70.17		-171.4		157.18		-145.48
31		C		-57.39		172.48		54.22		84.58		-145.25		-70.7		-157.51		171.82		-156.39
32		U		-56.74		174.4		50.94		91.9		-132.37		-87.36		-151.75		-179.73		-150.15
33		G		-56.94		168.95		57.01		88.65		-138.48		-68.63		-152.21		167.63		-151.56
34		G		-76.4		164.56		65.85		88.37		-135.53		-69.59		-166.57		158.72		-134.96
35		G		-64.27		170.2		58.54		88.86		-141.93		-80.71		-157.75		170.58		-160.81
36		A		-69.06		170.71		68.49		88.6		-137.83		-74.89		-159.68		-177.04		-157.45
37		A		-69.04		163.57		67.26		87.98		-140.33		-69.5		-156.87		157.06		-157.96
38		A		-64.91		164.53		69.13		81.74		-141.75		-68.98		-167.6		165.14		-136.8
39		C		-60.83		166.79		58.91		82.35		-144.29		-71.31		-160.34		167.31		-147.61
40		C		-58.62		174.28		55.77		80.11		-146.0		-71.27		-163.89		172.76		-154.43
41		U		-59.45		175.88		65.2		88.36		-142.84		-75.23		-158.75		177.89		-146.74
42		G		-66.47		174.99		63.64		81.16		-146.73		-75.24		-166.59		170.44		-148.62
43		G		-62.66		170.72		61.34		88.34		-137.14		-72.33		-158.48		174.13		-141.53
44		G		-79.98		171.36		75.91		82.9		-138.93		-78.46		-164.28		161.07		-150.81
45		A		-71.18		173.49		75.74		94.11		-134.57		-92.13		-151.15		-178.33		-160.33
46		A		-64.0		161.53		64.19		90.53		-136.4		-70.42		-159.55		177.2		-130.95
47		U		-69.21		169.28		64.38		94.31		-135.47		-76.84		-155.16		173.08		-151.06
48		A		-59.9		173.28		52.79		93.9		-136.66		-65.42		-156.27		-173.96		-136.05
49		C		-60.44		171.33		48.8		86.49		-144.55		-69.78		-157.38		168.94		-142.77
50		C		-62.76		178.13		61.0		86.53		-143.87		-78.92		-162.56		174.92		-154.44
51		A		-62.44		176.37		64.32		88.57		-142.06		-79.93		-161.15		175.42		-151.53
52		G		-67.38		171.06		74.37		91.34		-140.35		-78.36		-160.79		177.88		-166.63
53		G		-62.42		169.4		58.89		82.65		-144.64		-73.45		-166.89		171.01		-151.23
54		U		-63.03		167.53		59.06		81.54		-144.47		-72.3		-165.44		167.01		-142.69
55		G		-68.59		164.93		62.73		84.38		-145.81		-79.09		-163.28		169.01		-152.28
56		C		-68.33		169.34		60.78		84.82		-148.33		-70.35		-165.03		178.02		-158.46
57		C		-67.46		172.24		57.16		80.07		-145.48		-71.63		-167.47		171.59		-145.92
58		G		-74.67		-178.8		75.93		91.19		-136.18		-84.24		-160.18		-171.7		-148.93
59		G		-75.08		171.98		70.53		92.38		-137.08		-79.67		-158.85		173.82		-149.0
60		C		-67.48		169.05		68.6		96.5		-137.24		-86.71		-153.04		-176.13		-153.1
