No.	   Seq		 Alpha		 Beta		Gamma		Delta		 Epsilon	 Zeta		  Chi		  Eta		 Theta

0		G		-88.66		173.58		78.25		92.6		-136.29		-73.37		-161.99		178.07		-145.43
1		G		-88.13		176.48		72.51		81.31		-144.46		-77.74		-167.76		163.73		-147.34
2		A		-76.05		176.38		66.86		95.51		-133.87		-77.25		-156.84		-176.04		-138.86
3		G		-86.93		174.87		77.41		82.99		-142.25		-77.69		-169.78		159.71		-150.72
4		U		-68.9		173.87		57.75		90.89		-141.19		-79.06		-153.12		176.2		-137.0
5		U		-94.33		177.89		64.3		88.39		-139.3		-80.55		-159.48		159.04		-144.7
6		C		-97.44		178.98		74.38		89.25		-141.87		-87.55		-160.82		163.81		-154.94
7		A		-76.62		-178.02		61.49		89.48		-140.13		-77.57		-160.84		176.35		-146.54
8		C		-66.35		172.34		53.87		80.47		-146.92		-77.01		-164.74		166.89		-136.64
9		C		-80.71		179.63		63.37		91.75		-135.61		-71.32		-156.93		170.84		-135.05
10		G		-79.22		179.39		71.42		84.99		-142.08		-85.67		-161.4		170.71		-150.75
11		A		-99.87		176.03		69.5		98.42		-134.31		-81.79		-158.3		174.14		-153.44
12		G		-97.98		171.28		86.84		94.39		-133.1		-82.92		-161.92		173.4		-146.39
13		G		-82.7		178.25		76.78		89.93		-138.06		-71.37		-163.72		175.86		-133.19
14		C		-86.46		175.05		65.09		87.55		-141.36		-76.59		-160.18		165.01		-140.13
15		C		-85.16		174.09		78.87		89.98		-139.0		-82.77		-158.24		175.96		-163.61
16		A		-85.34		178.68		66.33		94.4		-134.65		-84.19		-155.1		177.04		-138.62
17		C		-70.66		171.79		63.15		90.26		-143.69		-74.88		-157.79		167.79		-148.89
18		G		-78.28		179.74		75.53		95.61		-136.35		-81.36		-158.44		177.06		-152.9
19		C		-72.91		177.92		65.13		84.26		-143.3		-77.83		-165.26		165.6		-145.99
20		G		-79.66		172.28		74.68		82.55		-143.82		-74.96		-169.86		167.01		-146.63
21		G		-73.45		174.53		74.3		89.82		-141.35		-81.07		-158.5		177.32		-148.43
22		A		-94.04		178.35		82.37		86.55		-139.9		-76.38		-164.37		168.45		-156.57
23		G		-56.19		169.51		65.56		87.88		-136.05		-71.47		-162.26		177.09		-128.91
24		U		-74.12		167.53		57.78		93.5		-136.94		-79.7		-154.84		167.04		-141.26
25		A		-69.99		174.73		54.52		89.16		-138.5		-72.62		-159.11		170.08		-125.51
26		C		-96.05		171.72		72.27		85.27		-140.48		-71.5		-165.07		159.91		-139.74
27		G		-74.74		-178.09		68.9		87.71		-140.93		-85.45		-158.13		171.73		-152.58
28		A		-75.04		175.51		74.11		91.72		-136.64		-75.84		-155.63		-174.94		-139.44
29		U		-66.2		175.17		61.66		94.5		-137.07		-87.59		-149.2		170.92		-149.38
30		C		-74.5		175.34		65.35		94.26		-137.05		-74.12		-156.19		178.1		-138.29
31		G		-76.62		176.89		68.29		82.43		-145.34		-82.06		-166.73		165.22		-160.73
32		A		-77.07		178.37		79.66		94.26		-136.19		-69.18		-155.37		-176.54		-147.95
33		G		-69.67		171.3		71.25		78.54		-145.05		-72.41		-170.45		164.3		-147.49
34		G		-62.86		174.35		69.23		84.99		-144.9		-74.42		-167.13		-179.92		-141.86
35		G		-82.45		172.71		67.27		88.95		-142.47		-76.13		-163.02		170.65		-143.52
36		U		-76.93		174.99		74.05		94.63		-137.78		-84.75		-150.12		174.13		-154.92
37		A		-115.18		177.85		81.77		97.55		-133.64		-75.69		-153.26		174.65		-141.63
38		C		-78.74		173.2		68.11		89.36		-141.31		-83.38		-156.31		171.01		-159.18
39		A		-77.92		176.8		72.16		97.92		-134.07		-82.21		-152.86		-169.64		-149.53
40		G		-76.94		-175.65		84.44		90.72		-139.14		-80.34		-158.23		177.33		-155.1
41		U		-67.92		174.27		68.41		88.31		-140.69		-69.83		-160.76		170.32		-135.85
42		G		-77.85		176.12		68.98		94.02		-136.67		-80.6		-154.33		174.9		-142.22
43		A		-94.44		-179.54		81.37		92.5		-139.28		-81.33		-157.47		176.85		-156.13
44		A		-66.53		173.75		58.34		84.78		-142.8		-69.04		-164.28		167.18		-137.55
45		U		-72.06		170.22		64.69		92.96		-138.6		-77.47		-153.58		171.95		-137.43
46		U		-76.17		175.57		60.94		90.85		-141.25		-77.37		-158.79		165.62		-137.62
