No.	   Seq		 Alpha		 Beta		Gamma		Delta		 Epsilon	 Zeta		  Chi		  Eta		 Theta

0		G		-73.93		176.3		64.6		93.92		-140.99		-79.86		-153.51		179.29		-144.81
1		G		-70.63		175.82		59.45		92.88		-143.82		-77.7		-153.59		178.59		-147.65
2		U		-71.26		175.22		60.15		91.48		-142.32		-80.67		-153.69		175.83		-147.16
3		A		-76.37		177.81		62.1		93.95		-140.92		-80.64		-152.86		178.67		-147.14
4		A		-76.72		177.42		62.24		94.39		-140.19		-79.56		-152.64		178.34		-145.28
5		C		-68.58		176.34		58.94		90.97		-142.13		-78.76		-150.37		178.42		-147.78
6		A		-73.34		176.88		61.58		95.83		-138.09		-81.31		-149.63		-178.29		-146.86
7		A		-75.6		175.89		66.78		99.2		-135.29		-78.54		-147.57		-177.13		-142.86
8		U		-71.7		176.81		68.24		101.33		-134.53		-86.5		-144.52		-177.91		-154.39
9		A		-71.29		-179.19		69.3		101.28		-133.54		-84.23		-143.72		-179.09		-146.7
10		U		-81.47		178.24		73.49		99.51		-136.56		-81.72		-148.46		179.39		-148.79
11		G		-67.17		179.2		69.53		97.89		-138.34		-82.15		-150.8		-174.75		-149.56
12		C		-71.58		178.88		63.12		91.71		-143.03		-76.96		-154.76		-177.69		-148.7
13		U		-69.79		176.86		62.5		93.96		-142.61		-81.87		-151.73		-177.62		-153.82
14		A		-73.05		177.57		67.39		96.64		-139.76		-81.84		-149.99		-174.89		-153.04
15		A		-73.18		176.1		67.77		94.23		-142.3		-80.79		-154.3		-179.42		-150.51
16		A		-70.67		175.95		67.85		98.49		-139.15		-81.08		-149.74		-177.7		-145.53
17		U		-69.02		178.13		64.79		100.34		-138.26		-81.65		-148.9		-176.9		-148.46
18		G		-73.24		179.39		69.74		100.94		-138.74		-83.57		-149.8		-171.84		-152.2
19		U		-69.41		178.38		57.96		100.69		-140.33		-78.76		-148.73		-173.6		-146.9
20		U		-69.41		178.4		59.08		101.19		-139.33		-83.12		-145.92		-176.27		-150.88
21		G		-70.42		179.79		62.08		100.18		-138.12		-81.9		-148.7		-170.31		-153.03
22		U		-69.64		176.03		60.18		97.33		-141.62		-76.35		-150.82		-179.01		-147.87
23		U		-70.98		179.63		62.22		97.04		-141.5		-80.47		-150.2		-179.54		-150.23
24		A		-74.66		178.66		64.43		97.22		-139.61		-78.29		-151.05		179.53		-142.85
25		C		-76.35		178.83		65.58		93.59		-141.84		-74.17		-154.23		174.87		-145.66
26		C		-71.87		-179.67		61.77		95.74		-141.46		-81.81		-150.31		-178.78		-147.72
