No.	   Seq		 Alpha		 Beta		Gamma		Delta		 Epsilon	 Zeta		  Chi		  Eta		 Theta

0		G		-69.5		-173.03		68.38		92.93		-139.95		-86.21		-143.55		-178.02		-156.2
1		A		-67.63		177.25		54.16		99.83		-132.13		-88.66		-141.41		178.8		-138.89
2		G		-93.52		173.37		105.58		110.82		-125.78		-138.81		-160.56		-162.56		133.74
3		G		-56.4		174.77		68.47		93.93		-139.65		-67.19		-159.24		-165.6		-134.84
4		U		-69.1		173.27		53.75		86.26		-145.59		-75.95		-158.05		168.0		-149.48
5		C		-73.81		175.82		67.8		89.51		-140.32		-77.16		-152.55		173.77		-147.3
6		G		-164.89		177.81		89.23		84.45		-141.6		-75.53		-173.11		151.91		-139.56
7		G		-66.54		172.02		54.99		89.11		-148.29		-73.78		-160.77		179.54		-144.95
8		C		-62.31		173.43		48.87		83.89		-143.68		-65.98		-162.05		172.85		-142.66
9		C		-59.88		179.73		48.83		75.52		-149.84		-72.72		-162.21		171.0		-133.21
10		C		-162.06		175.91		67.76		75.54		-146.76		-70.58		-171.66		77.88		-130.36
11		G		-72.71		166.06		64.05		76.93		-152.89		-76.74		-164.63		168.3		-151.2
12		A		-72.15		-170.91		62.96		104.1		-124.48		-67.49		-135.78		-168.02		-132.97
13		C		-12.5		170.86		61.55		97.44		-125.95		-70.96		-152.56		130.64		-119.88
14		U		-68.33		179.27		55.37		131.6		-101.68		-74.58		-117.39		-158.64		-63.78
15		U		-119.6		-167.4		61.19		117.03		-116.02		-95.37		-122.14		-162.53		-128.18
16		C		-72.78		172.58		55.11		84.65		-143.54		-59.37		-152.23		155.19		-139.26
17		G		-92.06		-174.74		78.49		95.89		-133.37		-87.53		-161.75		-164.72		-154.39
18		G		-55.19		-172.97		63.98		98.67		-137.2		-93.41		-139.68		-165.43		-156.4
19		U		-78.77		176.82		66.31		94.25		-136.43		-65.25		-148.22		168.36		-129.25
20		C		-86.46		172.85		71.2		83.04		-150.37		-75.39		-160.35		147.79		-140.38
21		A		-74.62		-179.33		62.7		77.57		-149.7		-78.64		-170.36		170.96		-154.84
22		C		-54.36		163.09		48.47		76.88		-153.29		-62.93		-155.56		170.11		-162.13
23		U		-58.86		169.83		53.76		83.07		-147.46		-72.27		-152.54		165.54		-151.18
24		G		-54.11		172.36		53.88		82.83		-151.82		-73.96		-164.8		171.24		-136.9
25		C		-66.25		166.15		50.25		75.6		-153.27		-65.39		-166.19		157.32		-138.95
26		C		-65.08		-173.6		60.8		80.58		-151.36		-79.52		-159.98		173.12		-164.64
27		A		-61.22		179.76		71.27		85.95		-143.89		-79.15		-154.74		179.38		-153.25
28		C		-57.7		163.76		55.06		82.26		-145.26		-68.08		-157.45		178.77		-155.53
29		C		-63.38		166.9		60.41		92.04		-137.65		-79.92		-149.76		179.16		-159.6
30		U		-63.92		-169.38		59.13		101.85		-134.93		-95.07		-138.07		-169.07		-174.15
31		C		-67.1		-177.37		69.46		91.24		-148.38		-67.95		-151.97		-177.77		-165.87
