No.	   Seq		 Alpha		 Beta		Gamma		Delta		 Epsilon	 Zeta		  Chi		  Eta		 Theta

0		G		-55.0		172.36		69.48		78.36		-149.11		-75.95		177.33		173.26		-136.67
1		G		-64.65		177.4		60.29		83.39		-143.26		-77.66		-172.62		173.12		-158.9
2		G		-51.02		172.59		51.82		87.14		-142.83		-71.3		-165.69		-178.44		-117.59
3		U		-69.05		170.67		55.3		87.83		-139.02		-69.59		-155.03		165.75		-122.16
4		G		-77.42		176.34		79.22		88.73		-145.57		-92.64		-160.67		166.09		-177.54
5		A		-81.1		169.95		68.97		81.73		-139.98		-79.56		-170.18		161.25		-148.43
6		C		-63.23		170.8		53.44		83.38		-139.13		-69.13		-158.7		171.08		-146.96
7		U		-49.9		170.37		44.15		83.14		-143.49		-76.26		-149.47		167.06		-118.88
8		C		-114.36		-167.02		50.9		90.16		-140.06		-67.16		-158.53		120.36		-116.89
9		C		-20.86		164.9		50.26		85.91		-143.68		-76.26		-163.24		-177.35		-159.53
10		A		-62.56		-175.0		59.97		88.59		-134.34		-76.41		-158.59		-174.3		-137.3
11		G		-52.07		169.97		62.66		94.16		-134.69		-120.78		-142.64		-178.12		-177.95
12		A		160.36		173.77		162.3		111.05		-114.95		-65.07		-164.39		-157.6		-112.04
13		G		-145.05		162.94		151.46		97.52		-129.55		-94.85		-164.75		-177.67		-140.99
14		G		-162.64		179.7		128.87		100.51		-128.45		-91.27		-159.65		-174.86		-155.72
15		U		-52.64		163.51		38.7		121.53		-107.21		-94.07		-128.59		-150.45		-75.55
16		C		-80.36		167.85		51.09		108.63		-121.5		-79.86		-133.02		-144.23		-166.41
17		G		-167.67		173.59		87.66		100.95		-127.76		-105.04		-163.51		-72.99		-162.7
18		A		-85.03		170.28		48.96		144.75		-92.96		121.19		-104.92		-106.94		59.44
19		G		-68.0		-178.79		127.35		85.94		-138.25		-88.45		-161.9		165.84		-170.38
20		A		50.26		173.38		95.82		122.52		-112.65		-65.58		-120.23		-112.13		-100.99
21		G		175.49		162.75		120.85		99.6		-134.89		-76.08		-162.93		122.62		168.82
22		A		-55.71		169.22		71.57		99.59		-136.91		-53.5		-148.38		-166.12		-137.68
23		C		-65.06		165.05		47.33		79.58		-147.9		-50.89		-162.39		141.31		-150.05
24		C		-50.63		168.99		46.93		60.72		-166.45		-66.88		179.65		168.32		-138.73
25		G		-66.62		170.04		49.12		69.78		-158.24		-68.44		-178.25		173.77		-149.27
26		G		-62.78		174.46		56.82		69.38		-155.37		-70.53		-173.36		166.32		-151.58
27		A		-85.71		173.83		72.97		78.87		-144.3		-65.8		-175.68		171.31		-124.06
28		G		-84.77		177.62		90.14		94.0		-131.49		-105.17		-156.73		170.85		-161.42
29		A		-95.31		-179.45		87.41		105.69		-123.16		-62.63		-145.79		-173.09		-129.63
30		U		-68.1		165.85		58.68		100.49		-136.87		-94.96		-143.72		175.12		176.02
31		A		-64.75		168.48		43.35		98.79		-138.88		-28.59		-141.41		171.51		-132.44
32		U		-41.97		176.62		40.97		96.02		-137.17		-61.84		-154.53		-127.35		-142.04
33		C		-64.05		169.97		50.94		91.59		-147.16		-64.58		-150.23		159.26		-155.9
34		A		-54.65		-178.11		52.95		76.06		-152.48		-63.93		-174.78		172.84		-141.64
35		C		-66.48		162.67		60.33		88.59		-143.4		-68.38		-157.76		167.54		-142.09
36		C		-74.13		170.09		50.76		80.81		-144.0		-73.07		-171.26		165.39		-140.58
37		C		-71.27		178.07		68.23		98.81		-149.6		-98.02		-141.53		173.38		-178.08
