No.	   Seq		 Alpha		 Beta		Gamma		Delta		 Epsilon	 Zeta		  Chi		  Eta		 Theta

0		G		-80.06		172.42		67.93		88.39		-138.87		-78.65		-161.02		172.89		-146.93
1		G		-61.15		166.31		53.79		88.66		-145.44		-76.51		-151.45		177.01		-143.29
2		A		-86.02		171.96		71.12		86.84		-140.11		-75.48		-163.98		171.13		-144.01
3		G		-70.67		171.13		64.41		92.23		-141.89		-77.92		-155.2		179.98		-158.0
4		C		-76.66		172.81		66.93		85.3		-144.18		-73.09		-164.1		170.59		-153.14
5		G		-64.52		168.11		57.11		86.83		-150.85		-73.49		-159.65		-175.42		-149.28
6		G		-69.56		171.97		63.5		81.11		-146.51		-73.82		-165.72		171.12		-145.56
7		G		-73.73		-178.7		82.82		90.75		-143.05		-68.15		-156.53		175.57		-138.95
8		G		-104.73		176.29		90.03		84.47		-142.66		-78.46		-169.13		171.65		-146.47
9		G		-71.17		-171.21		71.99		95.18		-143.24		-68.49		-151.21		-176.03		-147.68
10		U		-78.25		172.74		59.56		88.78		-138.81		-73.8		-156.53		170.56		-135.58
11		G		-76.33		-176.16		60.34		98.21		-138.77		-67.9		-147.48		177.25		-144.61
12		U		-98.82		173.09		58.76		98.65		-131.18		-80.0		-144.78		159.11		-140.69
13		A		-81.26		-172.74		63.66		99.44		-133.42		-74.03		-140.14		-175.3		-170.5
14		A		-110.48		173.82		67.54		98.13		-130.16		-82.89		-148.89		166.26		-137.52
15		A		-62.06		177.16		58.68		94.75		-141.97		-62.29		-147.86		177.87		-124.65
16		C		-84.08		-178.16		77.4		91.62		-133.76		-80.27		-152.29		170.64		-133.22
17		C		-65.34		-179.74		59.41		89.44		-149.45		-64.24		-150.82		174.44		-146.31
18		U		-80.9		174.12		71.36		90.28		-139.56		-92.33		-154.38		170.51		-158.67
19		A		-56.84		172.42		50.51		99.98		-146.13		-66.1		-140.85		-175.99		-151.79
20		U		-71.29		168.29		63.64		83.29		-142.97		-72.95		-162.78		159.84		-140.79
21		C		-62.21		178.66		58.96		95.46		-149.51		-72.36		-149.58		173.48		-156.47
22		G		-77.79		176.57		83.73		86.62		-142.03		-83.18		-164.62		171.32		-151.1
23		C		-59.8		171.38		54.42		91.85		-151.84		-68.52		-149.93		178.42		-159.32
24		U		-70.11		171.87		66.92		88.04		-140.89		-81.6		-158.86		173.58		-149.54
25		C		-61.37		176.8		53.52		94.18		-150.17		-61.09		-146.32		179.06		-161.53
26		C		-85.81		171.57		64.58		84.7		-144.1		-74.05		-162.3		168.1		-151.83
