No.	   Seq		 Alpha		 Beta		Gamma		Delta		 Epsilon	 Zeta		  Chi		  Eta		 Theta

0		G		-85.15		169.77		80.96		83.7		-142.61		-73.72		-168.71		167.48		-139.69
1		G		-76.74		168.7		71.71		82.46		-150.37		-72.81		-171.88		168.14		-159.17
2		G		-82.9		175.3		96.66		81.24		-147.38		-67.63		178.65		171.18		-151.56
3		A		-77.71		167.04		61.16		82.66		-145.22		-74.26		-166.29		167.2		-158.93
4		C		-70.53		165.46		65.08		73.55		-145.56		-65.1		-171.26		157.7		-139.52
5		G		-71.78		166.85		68.3		78.86		-142.97		-80.6		-166.72		171.33		-156.82
6		A		-71.69		174.28		60.9		95.93		-134.26		-95.53		-149.2		-178.32		174.62
7		A		-90.67		172.03		76.78		101.32		-125.06		-100.53		-150.27		171.1		-152.02
8		G		-48.77		169.81		62.16		112.5		-121.04		160.14		-135.56		-152.91		158.79
9		U		-120.79		-175.58		86.1		99.77		-133.97		-82.61		-151.18		161.1		-126.04
10		G		168.59		174.85		106.61		88.02		-138.94		-70.25		-170.12		-151.45		-135.32
11		G		-142.55		174.37		77.97		94.41		-133.26		-94.69		-163.08		-179.12		-165.63
12		U		-44.67		173.99		45.86		98.96		-131.54		-76.21		-142.02		-157.34		-160.6
13		U		-66.32		175.23		61.18		116.12		-116.04		-139.2		-123.59		-161.94		149.9
14		G		162.38		171.74		104.52		104.92		-132.41		-91.14		-157.51		-10.23		-177.39
15		G		-65.36		175.83		78.96		89.33		-132.1		-80.71		-166.36		-169.08		-145.58
16		G		-56.57		176.73		60.43		91.24		-132.3		-84.08		-148.49		-178.23		-139.73
17		C		-87.7		170.66		74.39		91.44		-136.22		-74.37		-152.75		168.55		-145.77
18		G		-61.74		174.28		74.84		98.7		-131.44		-79.08		-152.65		-158.57		-129.82
19		C		-67.85		168.37		52.86		85.69		-141.59		-72.05		-153.65		165.93		-134.05
20		U		-50.62		165.65		42.95		99.93		-118.84		-88.19		-136.17		-176.39		-92.6
21		U		-29.06		172.44		55.8		107.84		-117.11		-106.56		-139.1		-132.83		-133.0
22		C		111.51		178.71		73.05		88.74		-140.8		-60.66		-163.04		25.12		-141.81
23		G		-61.09		174.0		73.88		88.5		-139.21		-72.24		-167.03		177.94		-142.44
24		G		-56.88		-171.27		70.59		83.1		-140.3		-65.4		-166.51		166.61		-131.61
25		C		-60.56		171.33		71.46		75.84		-145.01		-67.48		-172.34		168.13		-140.08
26		G		-65.27		172.34		70.06		80.68		-148.37		-72.54		-167.7		170.22		-137.74
27		U		-77.81		166.86		57.43		82.57		-146.14		-75.62		-162.6		156.25		-156.13
28		G		-57.53		170.09		54.14		78.7		-143.39		-64.72		-166.14		174.28		-150.09
29		U		-63.42		164.92		43.1		85.01		-135.09		-62.67		-158.36		156.46		-119.96
30		G		-76.68		-177.43		59.07		88.36		-142.59		-84.58		-160.62		166.3		-156.44
31		A		-64.06		170.11		55.48		86.4		-129.28		-71.77		-161.37		-175.6		-148.52
32		A		-57.11		170.82		62.19		83.09		-139.77		-65.09		-158.71		145.39		-154.75
33		A		-51.97		173.19		54.96		86.38		-137.74		-85.09		-155.99		166.11		-145.58
34		A		-53.6		175.43		55.91		92.01		-137.44		-60.8		-153.41		169.86		-129.27
35		C		-72.32		171.91		78.73		79.4		-147.82		-68.67		-169.08		164.3		-150.63
36		G		-58.92		-178.43		72.57		78.95		-155.45		-70.56		-171.72		174.98		-158.74
37		U		-60.52		163.95		43.4		76.22		-153.66		-65.44		-166.75		169.42		-136.72
38		C		-63.84		-178.99		54.98		78.48		-153.11		-73.41		-166.09		172.14		-153.81
39		C		-61.56		171.56		61.51		73.12		-151.29		-70.97		-173.0		169.2		-146.39
40		C		-66.66		178.56		63.58		80.69		-151.33		-76.09		-160.33		175.18		-167.72
41		G		-73.66		168.16		72.13		86.66		-142.46		-85.75		-167.6		-172.52		-161.36
