No.	   Seq		 Alpha		 Beta		Gamma		Delta		 Epsilon	 Zeta		  Chi		  Eta		 Theta

0		G		-76.18		178.84		81.53		82.24		-147.97		-74.28		-169.35		170.81		-150.29
1		G		-71.69		174.33		63.43		82.85		-145.87		-78.3		-165.93		169.58		-143.7
2		C		-75.54		177.85		65.61		83.2		-146.0		-77.84		-163.78		162.96		-152.75
3		G		-68.25		175.92		64.49		81.82		-146.46		-74.8		-168.41		165.23		-136.58
4		G		-72.94		174.95		60.96		84.35		-147.41		-73.98		-164.38		169.34		-147.83
5		C		-70.07		176.15		65.52		82.35		-146.0		-70.79		-167.75		166.88		-145.36
6		G		-74.4		173.84		68.32		93.58		-136.0		-70.07		-158.26		178.83		-140.16
7		U		-86.66		178.57		72.81		91.24		-138.41		-84.71		-157.6		167.23		-164.28
8		A		-73.42		176.88		75.65		95.03		-133.09		-71.55		-158.05		-178.95		-132.85
9		G		-97.13		-179.89		73.94		85.48		-139.3		-76.25		-167.61		158.16		-139.71
10		C		-70.25		176.83		58.07		82.7		-145.44		-70.57		-164.45		161.87		-138.77
11		U		-72.45		177.42		60.92		85.49		-142.99		-79.41		-157.94		171.79		-141.93
12		C		-88.54		177.09		70.85		85.63		-148.85		-76.52		-159.32		169.21		-153.43
13		A		-114.99		172.41		82.98		83.92		-144.3		-68.65		-170.33		164.19		-143.41
14		G		-73.67		176.53		76.19		87.06		-139.23		-79.41		-160.76		174.96		-146.21
15		C		-88.7		176.49		83.95		92.85		-133.48		-81.83		-155.8		173.22		-162.36
16		U		-72.37		173.19		78.81		103.78		-129.13		-89.47		-147.3		-176.91		-132.64
17		G		-158.91		176.74		99.78		107.89		-126.63		-96.53		-151.51		-154.8		-153.69
18		G		-92.66		-178.17		87.54		109.38		-123.85		-96.82		-145.14		-153.21		-136.75
19		U		-72.84		173.86		68.04		108.41		-122.15		-90.37		-137.84		-165.34		-147.08
20		C		-110.15		179.06		89.58		94.04		-137.36		-81.71		-155.24		170.8		-159.55
21		A		-90.98		172.01		90.22		92.86		-139.58		-78.09		-158.06		-164.64		-163.8
22		G		-79.9		174.59		87.7		81.96		-144.91		-82.42		-163.14		170.02		-164.26
23		A		-65.94		174.71		66.88		81.41		-144.94		-70.35		-163.14		167.47		-140.56
24		G		-72.74		171.6		69.78		81.37		-142.42		-70.66		-167.75		164.4		-145.0
25		C		-63.16		171.79		63.24		77.06		-149.19		-72.84		-170.32		165.76		-144.74
26		G		-70.45		174.23		61.16		77.05		-150.59		-71.07		-171.01		168.68		-148.62
27		G		-70.96		172.4		62.23		78.98		-147.44		-70.05		-168.6		165.91		-137.13
28		G		-77.37		176.61		70.19		79.24		-147.3		-67.64		-167.61		170.28		-144.31
29		G		-88.36		176.49		88.33		79.62		-143.87		-78.07		-170.84		164.35		-159.06
30		A		-79.34		172.8		72.44		89.06		-136.38		-71.86		-163.61		170.44		-143.05
31		U		-73.23		173.36		65.32		81.8		-140.83		-74.72		-165.08		162.77		-140.67
32		C		-71.13		176.26		56.95		85.15		-138.71		-73.14		-159.95		168.05		-126.43
33		U		-85.63		-172.34		63.03		89.69		-137.88		-72.05		-156.01		164.57		-140.56
34		C		-94.13		177.19		67.18		88.59		-140.88		-83.07		-158.61		152.18		-157.67
35		A		-54.42		175.89		52.0		88.1		-138.72		-63.22		-159.79		-179.46		-135.86
36		U		-110.13		-178.69		76.26		92.59		-136.62		-78.22		-157.74		157.12		-143.71
37		A		-93.23		179.05		73.59		87.38		-136.24		-78.08		-161.23		156.97		-147.75
38		A		-83.33		172.28		79.51		85.32		-138.23		-73.72		-168.02		158.45		-143.07
39		G		-64.82		169.23		66.14		80.98		-142.19		-72.44		-171.96		164.97		-138.39
40		U		-67.28		172.11		51.96		85.41		-145.35		-78.71		-156.85		172.12		-139.89
41		C		-76.21		-178.38		64.53		85.2		-145.45		-73.51		-162.5		166.64		-143.15
42		C		-75.64		174.15		71.38		80.0		-145.47		-73.91		-168.57		168.81		-145.46
43		C		-65.56		174.11		58.32		79.87		-150.43		-79.34		-162.18		166.21		-160.96
44		A		-64.3		171.28		61.88		85.01		-139.05		-77.33		-160.26		178.88		-143.42
45		G		-75.88		173.55		96.0		87.71		-140.92		-80.68		-166.36		174.96		-154.82
46		G		-59.64		176.58		76.25		93.34		-136.65		-75.52		-155.88		179.99		-145.51
47		U		-68.77		169.91		69.16		94.48		-135.96		-75.05		-156.36		-172.26		-136.23
48		C		-76.34		178.09		76.03		96.38		-138.67		-83.05		-155.01		-172.83		178.11
49		G		-56.82		178.09		71.87		86.2		-140.4		-74.25		-166.2		-141.81		-148.15
50		G		-72.87		174.44		65.33		82.84		-147.01		-77.52		-164.11		172.28		-153.73
51		A		-89.11		179.19		84.81		91.08		-136.32		-70.46		-160.1		175.2		-141.6
52		G		-87.44		178.46		101.67		81.41		-141.56		-75.88		-171.39		170.55		-145.04
53		G		-90.98		-178.02		85.79		90.45		-138.28		-78.85		-165.24		174.0		-142.04
54		U		-69.39		174.41		58.93		87.33		-139.64		-72.65		-162.15		172.78		-131.34
55		U		-68.43		179.06		58.02		89.45		-137.21		-77.39		-151.85		170.73		-136.59
56		C		175.99		177.69		65.27		85.72		-139.3		-68.65		-165.26		71.03		-138.02
57		G		-65.54		176.56		58.44		85.92		-144.31		-82.26		-161.31		172.41		-152.38
58		A		-70.32		-174.93		60.44		99.18		-130.4		-82.31		-152.26		-164.07		-133.8
59		G		-58.49		176.88		67.39		82.38		-140.21		-68.59		-169.53		151.6		-135.81
60		U		-65.36		176.87		59.69		96.38		-132.96		-73.35		-156.04		174.5		-120.98
61		C		-70.21		173.91		54.21		79.32		-147.35		-74.13		-165.56		153.49		-138.56
62		C		-70.63		175.18		54.13		84.5		-143.87		-73.51		-162.2		170.43		-142.04
63		U		-69.9		177.05		58.43		81.22		-145.77		-72.55		-166.74		162.34		-140.85
64		C		-67.08		175.54		55.99		81.26		-147.96		-74.4		-162.87		170.63		-147.58
65		C		-76.6		-179.74		62.28		77.76		-147.29		-72.07		-170.25		159.63		-143.11
66		C		-68.7		177.87		64.6		76.2		-147.79		-74.9		-170.39		160.55		-146.03
67		G		-67.79		177.89		68.8		80.47		-143.6		-78.12		-166.45		169.48		-150.73
68		C		-68.28		169.17		62.04		77.33		-146.65		-70.99		-168.06		162.78		-142.02
69		C		-75.57		173.0		63.69		82.89		-144.89		-74.67		-164.79		167.34		-148.74
70		G		-69.34		177.93		64.85		83.38		-144.65		-75.32		-164.26		170.75		-149.04
71		C		-76.15		172.37		59.88		89.43		-141.73		-77.75		-155.08		169.37		-152.29
72		C		-69.23		174.23		64.26		86.41		-140.87		-77.83		-160.37		170.69		-148.33
73		A		-68.87		-178.22		82.29		96.64		-131.71		-91.39		-151.04		-175.14		-160.74
74		C		-76.13		179.4		71.91		93.69		-134.14		-76.44		-155.48		178.19		-155.81
