No.	   Seq		 Alpha		 Beta		Gamma		Delta		 Epsilon	 Zeta		  Chi		  Eta		 Theta

0		G		-75.33		178.88		63.4		82.87		-147.74		-77.86		-167.01		168.47		-146.7
1		C		-83.91		177.69		70.11		89.56		-141.78		-78.03		-163.69		169.46		-144.34
2		C		-85.63		179.58		65.12		87.64		-142.49		-85.78		-157.51		160.79		-154.47
3		A		-84.36		176.13		73.03		86.79		-142.75		-73.43		-168.67		170.64		-145.42
4		G		-78.49		168.77		71.79		85.59		-139.47		-66.67		-167.03		171.24		-131.81
5		G		-93.38		172.51		87.36		84.9		-141.43		-80.68		-162.21		171.0		-159.95
6		G		-120.3		-172.41		117.16		110.43		-118.86		-112.37		-142.84		-165.75		-153.88
7		U		-141.78		178.68		89.18		98.6		-128.19		-98.64		-153.26		174.27		-155.76
8		G		-160.27		-176.77		107.55		102.33		-132.94		-85.25		-156.82		-174.79		-134.64
9		G		-154.85		178.97		67.97		88.06		-140.8		-75.63		-166.12		150.35		-138.45
10		C		-77.81		-178.8		64.56		74.46		-151.97		-70.15		-166.39		159.51		-148.65
11		A		-78.6		174.84		68.48		77.37		-149.69		-70.44		-166.79		173.63		-145.44
12		G		-100.9		172.94		90.96		81.56		-149.36		-80.94		-169.51		167.24		-163.2
13		A		-119.29		-175.97		108.12		89.7		-136.58		-77.05		-162.74		169.62		-148.67
14		G		-69.0		177.05		73.8		88.37		-132.69		-86.62		-158.69		168.61		-140.77
15		G		-84.15		-179.44		72.08		99.51		-130.77		-90.59		-155.56		170.45		-143.41
16		G		162.35		177.11		93.53		109.54		-120.97		-83.2		-146.67		-47.17		-116.87
17		G		-116.78		-176.99		76.62		113.38		-117.81		-118.77		-131.15		-169.84		-107.04
18		C		-120.86		177.74		71.43		100.43		-127.69		-65.48		-148.01		175.37		-126.22
19		U		-162.32		179.27		116.76		104.46		-124.67		-115.15		-149.17		-158.12		-178.86
20		U		-103.76		176.98		90.5		94.71		-132.18		-85.14		-151.93		-169.87		-159.99
21		U		-99.62		171.97		77.68		90.01		-138.46		-76.55		-155.49		148.16		-146.11
22		G		-85.51		-176.93		74.45		92.35		-137.16		-78.29		-158.5		172.1		-134.89
23		C		-117.64		-175.41		76.58		82.12		-143.84		-75.35		-166.41		155.26		-146.06
24		G		-76.83		178.3		80.72		79.85		-148.55		-67.12		-173.54		165.67		-140.07
25		G		-64.39		174.32		57.97		74.38		-151.9		-70.23		-171.18		167.7		-137.94
26		C		-61.73		171.57		50.88		70.74		-153.27		-65.25		-172.96		157.98		-136.46
27		G		-82.8		168.46		63.0		80.25		-141.51		-71.75		-168.11		165.49		-138.55
28		G		-105.38		173.16		81.79		83.79		-142.54		-82.41		-166.9		157.2		-170.09
29		A		-69.45		168.97		73.0		87.11		-131.75		-65.14		-161.69		175.42		-130.86
30		C		-67.36		169.14		56.93		83.01		-135.91		-73.2		-161.57		167.52		-128.05
31		U		-58.55		-174.04		61.03		98.22		-128.12		-81.76		-149.98		-174.11		-138.35
32		G		175.94		-176.85		70.42		87.87		-136.75		-72.96		-162.52		89.18		-138.66
33		C		-84.34		-179.04		63.74		85.38		-147.53		-74.35		-156.18		154.64		-158.24
34		A		-95.0		-172.81		89.86		84.13		-143.66		-73.58		-165.82		179.53		-147.33
35		G		-99.96		177.27		100.36		90.89		-137.59		-95.08		-158.22		-178.87		171.42
36		A		-76.21		172.57		59.15		84.36		-144.43		-64.05		-168.78		169.96		-137.53
37		U		-58.74		168.05		52.63		84.59		-142.15		-69.14		-165.27		161.95		-131.23
38		C		-72.57		172.71		52.2		81.78		-146.8		-78.89		-156.64		159.38		-147.14
39		C		-74.51		170.78		57.21		78.92		-150.44		-65.57		-167.46		164.3		-148.73
40		G		-67.71		177.24		65.08		82.48		-143.43		-83.2		-163.19		178.29		-145.58
41		C		-63.49		-179.05		57.9		78.84		-146.35		-66.24		-166.69		168.58		-140.02
42		U		-66.14		173.55		65.18		93.03		-127.21		-85.37		-156.09		178.52		-131.67
43		U		-76.64		171.13		55.75		101.89		-125.32		-84.91		-141.88		171.1		-136.37
44		U		-137.67		-178.93		79.5		94.56		-135.78		-87.61		-144.25		161.62		-154.66
45		A		-86.57		175.19		62.47		94.32		-130.76		-71.11		-153.6		-173.03		-116.98
46		C		-106.11		-179.86		87.97		90.76		-137.29		-68.02		-166.16		173.23		178.98
47		C		-51.07		-177.18		54.81		81.45		-147.42		-66.7		-165.25		-172.94		-146.46
48		C		-63.99		178.4		53.66		71.64		-156.12		-69.24		-172.93		165.93		-139.47
49		C		-72.44		178.06		64.23		75.22		-154.05		-71.55		-164.02		158.91		-143.89
50		G		-109.04		-179.87		107.85		73.85		-142.28		-75.92		-178.06		166.09		-145.2
51		G		-69.36		171.98		69.01		82.27		-145.11		-75.19		-168.42		168.86		-147.89
52		U		-67.99		170.38		61.07		91.44		-135.66		-75.18		-161.19		178.07		-136.04
53		U		-66.2		173.9		52.33		87.95		-135.49		-78.45		-152.97		168.49		-122.78
54		C		173.36		-178.94		66.71		94.56		-132.18		-79.7		-153.47		43.79		-136.58
55		G		-65.09		177.56		60.25		83.8		-145.05		-81.95		-156.02		172.13		-153.32
56		A		-61.56		-170.06		64.08		104.19		-126.5		-128.06		-133.32		-155.96		-157.77
57		A		77.27		-179.76		74.06		96.49		-127.65		-65.57		-156.61		-152.29		-122.66
58		U		-65.43		179.06		80.75		104.58		-126.94		-72.98		-148.41		174.15		-92.81
59		C		-74.44		-173.17		56.73		93.42		-143.1		-73.23		-155.63		162.37		-141.27
60		C		-72.73		175.06		54.64		73.98		-150.51		-71.15		-169.71		161.74		-145.5
61		G		-65.45		174.43		60.08		79.45		-148.56		-76.28		-164.23		175.21		-154.71
62		G		-63.88		169.09		57.86		71.65		-152.64		-72.25		-170.71		165.37		-146.34
63		G		-69.71		174.53		65.75		79.31		-147.81		-73.89		-168.08		170.38		-143.81
64		C		-80.38		178.17		65.38		78.02		-145.93		-71.0		-170.5		158.1		-135.75
65		C		-80.7		-178.14		77.02		79.77		-144.87		-79.57		-166.44		166.95		-151.2
66		C		-70.25		168.92		59.63		79.19		-144.14		-77.34		-164.42		167.77		-146.24
67		U		-66.54		172.95		57.69		89.83		-143.0		-81.23		-154.11		-179.6		-152.79
68		G		-69.12		172.25		58.14		91.77		-138.51		-82.72		-155.89		176.78		-144.65
69		G		-98.88		-177.55		77.93		96.29		-138.63		-76.96		-152.68		172.81		-149.15
70		C		-82.93		-176.98		77.28		91.28		-138.37		-79.78		-157.62		177.15		-154.72
