No.	   Seq		 Alpha		 Beta		Gamma		Delta		 Epsilon	 Zeta		  Chi		  Eta		 Theta

0		G		-71.54		175.34		57.84		76.67		-151.77		-73.47		-167.67		167.08		-137.07
1		G		-71.19		174.72		67.27		76.76		-148.38		-74.64		-173.42		169.13		-150.38
2		A		-67.23		170.94		61.79		90.44		-136.5		-73.75		-166.31		178.6		-133.14
3		G		-98.15		-179.78		95.14		87.97		-136.8		-88.63		-164.02		174.37		-167.54
4		A		-87.98		176.37		69.35		97.81		-131.11		-84.13		-151.77		-178.29		-136.65
5		G		-74.84		177.14		88.68		98.78		-132.8		-81.33		-149.71		-174.72		-134.32
6		G		-84.5		-173.31		79.04		87.29		-140.79		-74.54		-163.33		170.14		-129.81
7		C		-106.95		175.72		70.39		104.92		-129.97		-64.02		-153.42		174.69		-115.73
8		U		-72.69		-177.8		62.91		88.18		-144.43		-81.7		-159.15		171.83		-153.89
9		C		-62.68		-178.01		49.11		88.96		-148.94		-71.66		-152.41		-172.8		-148.17
10		U		-79.57		170.56		48.52		79.07		-152.09		-67.9		-164.44		143.43		-136.77
11		G		-68.94		178.46		59.29		72.7		-156.12		-72.78		-170.09		170.94		-141.29
12		G		-144.66		-176.84		82.96		81.48		-144.91		-72.54		-173.22		177.96		-151.29
13		C		-90.23		174.88		65.57		70.04		-155.34		-73.18		-174.41		160.62		-148.09
14		A		-74.52		178.5		62.8		80.71		-148.12		-73.18		-165.32		176.1		-133.83
15		G		-89.59		173.9		59.42		81.46		-143.56		-73.07		-160.02		159.65		-129.74
16		C		-79.27		165.84		53.65		79.38		-144.08		-64.9		-161.48		159.91		-129.54
17		U		-75.65		-178.32		58.57		122.48		-104.55		173.59		-116.32		-146.08		-75.85
18		U		-74.43		-179.06		59.79		115.21		-119.41		-142.31		-121.92		-171.3		-147.91
19		U		150.87		177.23		78.02		132.24		-101.19		136.12		-114.09		-38.23		-30.28
20		U		-94.86		-172.02		94.81		102.63		-123.56		-81.23		-141.99		164.22		-127.25
21		C		-73.88		-170.0		69.21		89.95		-130.1		-81.1		-150.51		156.52		-143.05
22		C		-62.95		173.04		72.93		87.09		-139.88		-77.93		-154.1		173.41		-167.17
