No.	   Seq		 Alpha		 Beta		Gamma		Delta		 Epsilon	 Zeta		  Chi		  Eta		 Theta

0		G		-82.04		166.6		71.91		83.72		-142.71		-76.82		-169.3		165.87		-147.54
1		G		-64.57		169.07		57.2		86.84		-148.86		-64.08		-155.86		-179.55		-155.68
2		C		-71.76		173.29		60.09		75.99		-151.41		-70.37		-165.91		162.74		-133.4
3		C		-63.1		162.63		55.59		83.32		-152.31		-66.08		-158.64		176.98		-139.87
4		U		-65.93		171.54		57.51		82.7		-146.59		-73.97		-159.74		174.96		-147.8
5		U		-70.61		169.68		56.05		89.73		-143.67		-81.49		-152.65		172.74		-163.06
6		A		-85.97		177.07		56.05		93.51		-131.27		-76.04		-152.99		163.26		-131.56
7		G		-75.47		176.19		67.5		92.25		-133.86		-80.71		-151.31		168.1		-143.41
8		G		-73.37		-175.68		77.48		104.69		-122.37		-119.77		-137.58		-174.3		-153.19
9		A		168.95		174.03		67.55		98.86		-128.71		-66.84		-150.19		-1.78		-136.31
10		A		-84.87		173.8		82.41		86.77		-138.0		-84.47		-163.88		169.31		-140.61
11		A		-64.28		170.63		54.79		88.45		-135.45		-58.66		-148.61		175.48		-137.68
12		C		-86.58		171.76		80.53		76.8		-144.75		-77.6		-162.09		160.09		-155.33
13		A		-65.87		172.49		61.82		100.18		-131.85		-72.19		-140.65		-160.04		-140.54
14		G		-61.07		169.59		68.78		90.74		-137.01		-91.3		-164.09		168.95		-151.49
15		U		-48.47		177.99		54.2		117.82		-108.84		-84.5		-123.05		-153.4		-82.33
16		U		-68.29		175.74		66.34		113.62		-120.9		-101.67		-136.32		170.21		-131.08
17		C		-72.35		-173.3		77.51		99.95		-140.75		-70.77		-139.01		175.87		-156.01
18		G		-84.3		178.1		77.05		86.15		-143.25		-87.8		-168.44		-168.68		-164.02
19		C		-57.45		-179.01		58.87		101.21		-150.37		-84.81		-140.52		-163.92		172.54
20		U		-58.23		-177.51		74.91		95.04		-139.81		-81.54		-153.51		-163.93		-163.7
21		G		-48.81		178.36		77.24		103.41		-143.45		-60.81		-151.72		-160.16		-167.33
22		U		-77.06		164.9		63.35		88.03		-137.79		-63.14		-166.02		156.91		-137.55
23		G		-56.89		171.07		53.88		90.61		-148.68		-66.37		-150.33		-177.53		-151.06
24		C		-69.0		172.64		51.26		78.55		-143.44		-68.1		-164.66		156.13		-132.72
25		C		-58.57		171.57		48.4		83.74		-154.77		-60.1		-159.05		-178.87		-149.58
26		G		-82.52		176.36		67.02		91.47		-139.15		-96.58		-153.01		174.84		-156.09
27		A		-62.23		178.32		48.22		102.19		-135.91		-51.12		-138.92		172.07		-148.83
28		A		-62.94		165.33		69.66		89.92		-135.66		-80.91		-156.6		170.23		-149.2
29		A		-54.73		-177.23		55.52		107.64		-130.39		-76.77		-129.7		179.74		-155.97
30		G		-72.02		169.76		69.07		83.92		-142.41		-73.84		-166.97		158.07		-153.12
31		G		-52.25		176.18		54.87		91.45		-141.74		-70.26		-154.02		179.77		-154.71
32		U		-56.78		167.63		50.02		87.64		-141.55		-67.13		-161.52		168.94		-136.45
33		C		-57.68		172.35		43.5		93.87		-149.67		-71.73		-140.9		-174.85		-153.83
