No.	   Seq		 Alpha		 Beta		Gamma		Delta		 Epsilon	 Zeta		  Chi		  Eta		 Theta

0		G		-69.9		176.95		67.95		94.06		-140.12		-78.29		-152.51		-177.97		-149.79
1		G		-75.16		175.85		68.13		90.59		-138.94		-82.03		-159.66		174.21		-145.22
2		U		-64.0		174.64		60.03		93.77		-139.7		-75.92		-152.27		-178.87		-147.57
3		U		-80.0		177.21		70.3		90.51		-139.24		-81.85		-160.77		172.67		-144.39
4		G		-68.07		172.4		60.05		94.33		-139.97		-75.57		-151.54		-177.61		-148.86
5		U		-76.36		176.62		67.39		89.33		-139.42		-82.57		-157.83		173.76		-147.48
6		A		-64.02		174.89		57.53		95.29		-137.53		-74.75		-146.69		-176.65		-141.36
7		C		-82.18		176.44		68.5		91.55		-138.38		-84.98		-158.06		171.3		-147.8
8		G		-60.49		175.41		62.22		94.28		-140.4		-73.91		-153.61		-174.01		-151.87
9		U		-75.27		175.61		62.72		88.6		-139.58		-81.15		-158.5		172.72		-141.82
10		C		-64.73		174.11		61.02		90.32		-143.01		-71.63		-153.26		175.86		-144.8
11		G		-87.47		176.96		77.11		87.47		-139.75		-80.01		-163.17		174.86		-141.74
12		C		-66.38		175.18		62.84		91.68		-142.87		-74.59		-154.26		-179.02		-154.02
13		U		-77.89		175.01		72.33		91.41		-136.92		-83.36		-157.85		177.01		-146.04
14		U		-62.65		173.71		58.35		99.18		-136.27		-76.79		-145.38		-174.4		-145.59
15		U		-86.88		176.68		73.42		93.48		-135.96		-82.9		-156.87		170.88		-143.39
16		G		-70.4		177.2		69.09		96.43		-137.48		-74.84		-149.75		-179.58		-147.33
17		G		-87.88		178.26		79.37		94.56		-135.4		-88.31		-157.62		176.32		-150.57
18		A		-59.75		178.88		60.69		97.08		-137.67		-72.98		-147.24		-170.86		-145.18
19		U		-82.82		175.74		73.53		94.24		-135.44		-85.27		-154.84		174.44		-143.82
20		A		-68.29		177.53		60.95		97.93		-138.56		-75.68		-146.56		178.29		-153.23
21		A		-84.57		175.27		75.29		90.08		-137.61		-81.04		-159.86		172.2		-146.67
22		A		-62.03		174.67		58.33		95.24		-139.17		-73.22		-148.69		178.86		-152.67
23		A		-77.44		175.45		71.71		89.95		-138.5		-79.86		-160.65		172.49		-143.94
24		G		-61.7		176.2		61.68		92.46		-143.05		-73.17		-153.11		177.5		-146.83
25		C		-80.31		176.16		69.45		86.31		-141.24		-78.21		-163.06		169.8		-142.74
26		G		-64.34		176.04		60.61		91.01		-143.94		-75.95		-153.1		176.56		-150.64
27		U		-76.89		175.69		70.3		90.26		-139.15		-83.44		-159.06		176.55		-148.26
28		C		-63.63		174.36		58.3		90.7		-145.77		-75.8		-153.26		178.04		-153.23
29		U		-80.71		176.06		72.15		90.41		-138.98		-81.44		-160.06		175.92		-146.39
30		G		-66.31		178.14		60.92		92.31		-143.53		-76.14		-153.68		177.43		-151.65
31		C		-79.74		176.83		71.19		89.17		-139.5		-78.89		-160.66		175.21		-146.0
32		G		-64.83		177.1		62.58		93.94		-140.55		-77.84		-151.59		-179.72		-148.59
33		A		-81.05		177.81		72.71		92.92		-138.52		-82.59		-157.62		177.31		-148.03
34		C		-67.65		174.2		60.79		94.48		-139.41		-74.23		-151.36		177.41		-147.14
35		C		-83.48		176.74		73.43		91.6		-138.08		-80.88		-158.58		173.71		-144.1
