No.	   Seq		 Alpha		 Beta		Gamma		Delta		 Epsilon	 Zeta		  Chi		  Eta		 Theta

0		G		-72.8		174.71		62.38		95.14		-137.8		-78.3		-151.67		-176.34		-151.99
1		A		-71.12		175.26		63.86		94.18		-138.34		-79.7		-153.66		-179.14		-145.95
2		G		-72.92		171.51		61.52		91.22		-139.89		-72.54		-154.83		176.2		-146.19
3		A		-71.61		175.32		65.2		93.92		-139.8		-78.26		-154.46		-177.39		-147.73
4		C		-70.88		172.91		58.52		93.81		-137.77		-72.2		-149.13		-179.1		-148.54
5		U		-71.91		175.17		65.09		95.13		-139.24		-82.15		-151.58		178.94		-148.18
6		A		-69.2		173.6		54.68		99.23		-135.53		-72.99		-143.7		-171.33		-146.13
7		U		-68.47		176.83		64.35		95.85		-139.6		-81.07		-153.49		-178.45		-151.48
8		C		-68.5		175.9		57.95		97.14		-136.8		-75.23		-146.14		-175.65		-149.91
9		G		-73.98		177.82		64.95		95.16		-139.97		-84.49		-153.73		179.08		-151.11
10		A		-67.1		175.33		59.07		95.49		-138.32		-71.25		-147.01		-172.08		-141.94
11		C		-72.58		174.14		64.63		92.62		-140.54		-84.32		-154.26		176.89		-155.45
12		A		-62.98		173.23		57.47		95.11		-138.74		-72.89		-147.22		-173.04		-144.84
13		U		-72.97		174.66		64.89		98.17		-137.03		-82.79		-151.11		-178.08		-149.64
14		U		-64.09		173.55		58.51		102.18		-134.88		-73.77		-140.66		-167.15		-151.76
15		U		-72.56		176.35		62.94		95.74		-137.12		-80.35		-151.31		179.92		-146.69
16		G		-65.43		175.3		60.08		100.47		-138.55		-79.21		-143.2		-175.33		-157.19
17		A		-73.54		177.42		64.82		99.87		-136.25		-80.84		-149.01		-173.88		-149.22
18		U		-62.31		175.79		60.01		98.66		-141.08		-81.44		-143.06		-175.33		-163.65
19		A		-71.58		176.3		64.96		96.19		-138.27		-80.41		-151.16		-179.05		-145.49
20		C		-68.09		173.16		60.24		96.05		-143.44		-71.34		-148.45		-177.93		-157.86
21		A		-73.09		178.58		69.41		94.54		-139.85		-82.05		-153.06		-178.2		-149.99
22		C		-63.15		176.39		55.77		92.36		-145.64		-66.2		-151.66		-175.66		-154.32
23		U		-66.78		172.48		61.9		95.69		-138.78		-81.82		-150.19		-179.83		-148.78
24		A		-68.35		179.45		63.78		99.01		-139.02		-70.56		-144.23		-175.1		-146.49
25		U		-69.95		174.78		63.82		97.47		-137.38		-83.33		-148.95		176.73		-150.07
26		U		-63.18		179.27		61.26		100.25		-136.89		-70.31		-141.43		-176.0		-150.51
27		U		-71.32		173.45		67.29		97.96		-137.47		-85.28		-149.71		-179.68		-151.42
28		A		-63.33		179.64		62.14		101.5		-139.2		-75.11		-143.81		-170.62		-154.56
29		U		-69.8		175.69		63.75		95.37		-139.14		-78.39		-151.62		-179.89		-145.13
30		C		-64.28		179.17		59.0		95.01		-144.3		-74.35		-146.16		179.15		-157.07
31		A		-75.36		176.73		73.54		93.19		-140.02		-80.84		-156.38		179.91		-150.77
32		A		-60.75		175.04		57.61		97.13		-144.4		-74.13		-146.04		-176.3		-153.5
33		U		-68.06		175.45		63.66		92.22		-139.73		-78.41		-155.55		177.3		-146.58
34		G		-64.07		174.57		58.98		95.91		-143.83		-71.68		-148.85		179.49		-142.84
35		G		-76.08		175.69		67.79		93.47		-140.41		-82.1		-155.58		178.16		-148.61
36		A		-62.79		174.12		55.43		95.37		-146.14		-71.78		-149.83		-178.32		-147.76
37		U		-70.34		174.53		64.1		94.04		-139.1		-83.62		-152.94		179.26		-146.54
38		G		-64.36		173.97		57.75		97.69		-142.63		-73.9		-148.44		-177.78		-148.01
39		U		-75.1		178.26		71.22		94.93		-138.83		-84.55		-153.68		179.8		-149.8
40		C		-64.57		176.98		57.32		95.71		-142.74		-72.55		-148.25		177.35		-148.03
41		U		-72.33		177.75		67.5		96.26		-138.75		-84.27		-152.79		-177.4		-147.77
42		C		-65.05		176.01		58.84		97.72		-141.31		-74.14		-146.45		-178.75		-150.54
