No.	   Seq		 Alpha		 Beta		Gamma		Delta		 Epsilon	 Zeta		  Chi		  Eta		 Theta

0		C		-82.06		-176.63		62.1		90.15		-138.79		-87.19		-158.81		173.0		-143.55
1		C		-69.08		179.76		59.27		95.07		-140.02		-76.96		-154.19		-179.33		-141.83
2		A		-76.53		-178.89		56.51		84.55		-142.32		-79.99		-161.44		171.43		-135.44
3		C		-71.27		179.75		54.95		92.62		-139.23		-77.78		-151.79		177.62		-138.2
4		C		-79.11		179.81		61.57		82.52		-142.62		-78.51		-161.46		166.6		-138.06
5		A		-75.07		-179.55		64.27		92.21		-143.06		-82.54		-153.27		179.08		-147.15
6		A		-103.59		-173.03		82.66		95.17		-135.26		-84.28		-157.56		171.73		-135.14
7		C		-66.72		179.09		59.98		92.6		-139.24		-76.94		-152.26		174.12		-138.89
8		C		-76.35		-173.2		64.18		92.56		-138.6		-81.29		-156.3		170.92		-136.63
9		C		-66.01		-179.7		55.41		93.7		-141.55		-73.5		-152.99		176.69		-144.22
10		C		-79.76		-179.2		63.52		97.65		-136.3		-86.15		-154.98		-179.71		-149.4
11		A		-62.66		179.26		53.32		93.86		-138.54		-69.05		-150.87		-175.22		-136.19
12		C		-86.42		-178.91		72.91		92.33		-136.84		-87.54		-156.32		169.7		-152.8
13		A		-66.39		-179.3		62.08		102.39		-131.42		-78.43		-146.26		-171.4		-147.73
14		C		-89.7		-176.37		78.19		85.55		-141.05		-82.98		-163.26		163.95		-146.0
15		A		-65.39		-179.74		58.57		92.01		-143.12		-76.23		-152.14		175.32		-133.87
16		C		-82.76		178.85		65.46		88.27		-140.72		-81.74		-159.9		168.66		-142.23
17		C		-63.92		179.4		57.85		87.96		-147.1		-72.65		-157.23		174.27		-143.6
18		C		-75.54		-178.9		61.2		89.03		-142.92		-76.0		-159.77		175.2		-140.83
19		C		-67.94		-178.99		59.68		98.16		-141.92		-82.52		-150.72		179.66		-154.11
20		C		-69.39		-179.19		74.98		99.74		-131.48		-78.18		-157.4		-170.68		-146.2
21		C		-65.89		-178.48		58.9		96.73		-137.25		-72.7		-149.13		179.4		-144.44
22		C		-79.98		179.66		65.48		98.06		-133.28		-87.81		-149.46		174.34		-145.83
23		A		-63.68		179.09		61.24		96.7		-136.43		-82.25		-149.54		-176.37		-147.89
24		C		-68.18		179.55		61.48		90.05		-138.44		-78.82		-156.58		174.06		-135.82
25		C		-61.13		-178.56		55.37		91.99		-145.67		-75.3		-150.48		178.42		-138.71
26		C		-71.91		179.48		56.65		89.72		-142.68		-81.07		-154.66		170.14		-144.43
27		C		-60.22		176.43		56.9		89.69		-143.23		-70.44		-153.9		-179.66		-156.54
28		C		-67.97		170.02		54.5		83.26		-144.15		-76.75		-161.28		166.61		-139.74
29		A		-63.62		176.64		52.19		98.21		-138.0		-72.62		-145.02		-177.71		-134.76
30		C		-75.14		176.02		62.51		86.67		-137.26		-76.51		-161.17		165.8		-133.02
31		C		-67.51		-178.25		63.32		91.39		-139.72		-72.03		-151.12		172.11		-141.13
32		C		-82.14		177.96		64.03		83.35		-144.97		-82.06		-161.54		159.03		-144.83
33		A		-60.78		178.48		57.58		98.03		-140.62		-78.39		-145.6		-174.81		-144.85
34		C		-83.83		174.09		64.4		83.82		-139.72		-73.71		-158.48		160.44		-137.43
35		C		-67.33		178.51		64.09		86.04		-147.42		-78.24		-152.76		166.09		-151.79
36		A		-71.52		172.61		60.12		86.75		-140.49		-75.82		-159.53		171.97		-139.94
37		C		-62.2		173.89		57.33		88.93		-143.44		-72.84		-153.93		172.9		-151.28
38		A		-71.91		179.14		60.7		85.55		-138.66		-75.19		-160.0		176.54		-130.73
39		C		-68.85		179.9		61.04		93.49		-136.87		-78.99		-147.16		165.89		-146.76
40		A		-82.39		178.86		75.57		94.47		-132.32		-82.23		-153.34		-179.74		-151.94
41		A		-78.13		179.82		66.55		97.54		-136.38		-83.12		-146.62		174.73		-150.03
42		A		-77.54		176.44		68.69		86.73		-143.75		-79.21		-156.83		164.24		-139.98
43		A		-70.36		178.89		72.23		94.6		-139.34		-77.33		-150.4		-177.62		-140.68
44		C		-88.73		173.61		86.37		84.27		-143.65		-76.74		-163.13		163.89		-151.2
45		C		-67.05		177.18		61.5		83.95		-149.24		-74.93		-159.12		172.37		-149.68
46		C		-69.49		178.92		60.19		85.65		-144.6		-77.82		-161.06		176.86		-140.13
47		C		-68.26		178.72		54.62		88.61		-141.14		-78.21		-152.87		176.27		-142.64
48		C		-90.02		-176.44		72.86		87.83		-139.91		-82.74		-159.22		171.9		-146.44
49		A		-72.24		-176.6		59.11		104.74		-131.17		-97.09		-138.58		-178.97		-148.35
50		A		174.95		-175.91		97.35		103.73		-130.41		-95.68		-150.88		-157.76		-151.6
51		A		-83.34		-179.06		79.04		104.89		-131.48		-92.92		-144.9		-176.03		-146.17
52		A		-79.02		-179.76		74.57		100.65		-133.36		-77.85		-152.32		-174.95		-137.42
53		C		-66.64		175.87		57.5		94.85		-141.76		-77.91		-149.33		169.9		-146.33
54		C		-69.2		173.38		57.66		86.98		-142.46		-72.89		-159.31		173.0		-146.11
55		C		-64.51		176.0		53.1		85.07		-145.66		-74.0		-161.66		174.08		-135.82
56		C		-68.56		-179.16		54.05		88.88		-142.57		-76.3		-155.7		176.38		-139.09
57		C		-70.64		176.37		56.6		82.42		-143.67		-75.13		-160.43		164.39		-137.07
58		C		-73.56		-179.78		63.96		91.36		-138.28		-81.11		-156.86		173.06		-150.52
59		C		-80.56		175.02		63.19		88.43		-141.75		-81.31		-157.53		159.48		-144.36
60		A		-76.78		176.02		59.69		93.17		-142.09		-85.47		-151.06		171.05		-144.95
61		A		-75.03		169.92		65.18		91.76		-137.45		-79.37		-158.01		169.34		-139.28
62		C		-65.14		172.21		60.53		83.39		-145.13		-68.5		-162.25		163.1		-136.98
63		C		-71.33		177.12		57.27		85.2		-145.26		-77.14		-161.29		170.41		-139.36
64		C		-65.3		174.24		51.05		89.94		-141.63		-73.05		-159.51		174.57		-133.36
65		C		-66.75		177.33		56.66		90.3		-137.32		-76.84		-156.32		-178.58		-133.81
66		C		-78.76		176.79		59.9		94.17		-135.43		-82.04		-149.95		168.29		-136.6
67		A		-90.85		175.69		71.56		103.67		-131.48		-88.16		-147.78		175.0		-147.42
68		A		-82.3		175.78		67.7		102.36		-133.02		-88.01		-145.4		174.84		-151.89
69		A		-81.02		175.58		72.29		89.6		-140.54		-78.7		-157.46		168.32		-134.8
70		C		-81.44		174.64		72.26		87.83		-142.8		-75.88		-157.52		165.22		-141.64
71		C		-77.65		-179.58		73.72		80.24		-146.46		-74.36		-165.52		170.01		-143.52
72		C		-69.29		174.41		56.25		81.16		-147.59		-75.0		-160.58		173.5		-146.01
73		C		-74.6		173.6		57.57		80.45		-147.08		-79.05		-164.78		166.96		-143.48
74		A		-68.74		176.87		56.24		93.71		-139.57		-77.17		-153.85		-177.88		-131.49
75		C		-91.51		179.57		68.96		91.37		-137.94		-78.4		-156.7		163.22		-134.78
76		C		-89.55		-177.53		77.03		99.2		-137.69		-86.81		-148.2		171.03		-157.27
77		A		-90.66		-179.29		78.67		94.76		-138.46		-90.38		-155.81		178.66		-150.61
78		A		-73.48		173.31		65.96		99.84		-135.18		-78.98		-149.14		-176.44		-142.72
79		C		-112.24		178.88		78.97		92.55		-138.09		-76.39		-157.32		166.61		-136.23
80		C		-77.3		-174.91		63.95		88.89		-144.2		-77.02		-156.01		172.62		-139.14
81		C		-84.59		-178.23		65.32		85.05		-143.3		-78.77		-161.0		172.41		-143.53
82		C		-75.54		176.05		61.56		87.22		-145.63		-76.67		-158.44		172.58		-147.2
83		A		-77.44		-177.9		61.5		90.24		-141.9		-77.59		-158.47		174.18		-138.27
84		C		-79.45		-179.57		62.7		94.79		-140.9		-76.73		-151.15		169.03		-143.95
85		C		-108.4		-179.7		82.64		92.59		-137.81		-83.62		-154.32		164.5		-157.54
86		A		-90.02		-178.76		76.05		95.9		-141.4		-90.01		-151.75		173.54		-157.51
87		A		-77.97		177.36		64.95		93.56		-140.29		-81.6		-152.19		171.74		-145.76
88		C		-77.67		176.82		67.1		89.86		-141.62		-73.17		-156.77		171.34		-141.82
89		C		-86.97		-179.4		78.29		81.81		-143.67		-74.44		-164.98		164.45		-143.93
90		C		-74.34		175.7		61.82		84.73		-146.17		-74.48		-159.62		170.66		-145.53
91		C		-73.37		170.07		57.06		85.92		-143.54		-78.34		-157.77		171.8		-143.29
92		A		-78.71		176.25		62.43		96.57		-138.81		-81.44		-151.76		178.9		-140.6
93		C		-97.25		179.13		78.71		92.28		-139.97		-80.62		-154.45		162.51		-149.87
94		A		-84.83		-179.91		74.91		102.8		-135.77		-85.66		-144.92		176.32		-157.07
95		A		-86.18		174.2		75.73		92.64		-138.7		-83.23		-155.72		165.94		-148.34
96		A		-69.6		174.67		65.59		92.2		-143.03		-79.89		-153.33		175.01		-146.77
97		C		-85.91		178.3		72.85		87.69		-141.78		-77.51		-159.68		173.54		-141.98
98		C		-77.17		178.55		70.89		86.25		-145.86		-74.98		-158.63		170.54		-149.03
