No.	   Seq		 Alpha		 Beta		Gamma		Delta		 Epsilon	 Zeta		  Chi		  Eta		 Theta

0		G		-80.06		177.04		70.79		88.36		-140.09		-78.56		-162.26		170.67		-144.14
1		G		-81.08		176.2		71.93		86.52		-141.12		-75.88		-166.85		170.12		-146.51
2		C		-75.28		175.51		67.88		86.15		-141.65		-75.52		-163.83		174.3		-140.48
3		C		-80.95		178.85		66.68		86.85		-142.38		-79.45		-159.75		169.49		-144.71
4		U		-73.55		178.04		64.5		88.46		-140.67		-80.24		-158.85		170.78		-144.97
5		C		-76.66		177.55		64.32		87.77		-141.42		-78.36		-161.01		170.83		-146.11
6		C		-79.08		177.71		69.84		86.0		-142.86		-80.07		-163.43		167.56		-149.19
7		A		-79.7		-179.0		69.65		90.7		-139.92		-80.92		-159.85		172.0		-145.26
8		G		-77.57		179.86		67.54		87.65		-140.2		-80.68		-161.69		171.49		-140.65
9		C		-84.12		177.37		68.37		87.83		-139.97		-75.87		-162.04		170.03		-137.2
10		G		-80.51		177.22		66.24		88.1		-141.42		-81.6		-160.63		170.38		-145.69
11		A		-81.08		-179.08		70.03		96.2		-135.98		-83.26		-154.35		-177.92		-150.81
12		C		-82.46		175.8		70.37		90.27		-137.96		-78.85		-160.0		173.87		-143.99
13		G		-84.24		176.87		74.56		87.01		-141.05		-78.94		-163.76		172.0		-143.58
14		G		-80.94		178.05		69.11		85.22		-141.6		-75.43		-164.09		169.73		-139.35
15		C		-81.07		176.14		69.41		86.24		-141.42		-74.6		-161.17		169.86		-142.98
16		C		-79.79		178.49		71.98		87.98		-140.19		-80.46		-159.83		170.19		-145.08
17		U		-70.38		176.04		61.7		92.23		-138.96		-81.68		-155.63		176.3		-143.27
18		U		-83.17		176.96		68.67		94.6		-135.3		-81.54		-154.9		171.73		-145.43
19		C		-92.4		179.03		72.12		90.38		-138.82		-78.91		-159.02		165.97		-145.45
20		G		-82.84		-179.66		74.62		84.37		-142.31		-78.73		-166.36		168.46		-146.13
21		G		-74.0		177.71		69.81		87.91		-140.72		-79.08		-161.75		177.76		-144.91
22		G		-87.07		176.19		78.56		87.0		-140.11		-76.96		-162.34		168.73		-143.31
23		A		-83.55		-179.99		75.0		85.58		-140.71		-76.36		-164.28		168.75		-135.92
24		C		-77.05		174.1		63.84		85.74		-139.8		-74.76		-161.42		165.69		-138.22
25		U		-79.73		176.16		66.74		85.93		-140.0		-80.54		-160.83		168.36		-146.54
26		A		-82.69		176.82		66.7		89.79		-139.38		-77.61		-158.56		168.19		-140.98
27		G		-79.4		177.8		64.26		88.28		-140.4		-76.81		-160.43		166.18		-138.28
28		C		-79.33		-179.89		70.51		89.8		-137.53		-78.18		-158.16		172.16		-144.32
29		A		-94.48		-178.65		77.53		90.32		-137.36		-84.1		-158.75		167.26		-149.96
30		A		-76.78		178.47		73.57		88.48		-140.16		-79.48		-160.15		170.44		-148.57
31		A		-70.31		175.01		64.45		86.43		-140.74		-76.63		-161.36		171.26		-142.22
32		C		-75.98		177.46		69.82		84.46		-142.55		-75.62		-163.61		166.55		-146.19
33		G		-77.69		179.65		69.04		85.94		-143.58		-78.0		-163.24		171.65		-148.7
34		G		-77.26		177.58		67.84		87.49		-143.14		-78.16		-161.16		173.16		-149.07
35		A		-75.65		175.66		69.18		84.17		-143.34		-75.9		-164.9		171.14		-142.72
36		G		-77.51		177.09		70.46		87.39		-140.56		-79.3		-160.98		171.12		-145.74
37		G		-86.63		179.89		77.14		87.69		-140.52		-78.0		-162.2		169.89		-147.79
38		C		-84.06		178.13		73.53		86.6		-141.88		-79.42		-161.18		170.7		-147.4
39		C		-80.92		175.68		69.73		86.89		-142.28		-79.68		-161.19		171.83		-144.52
