No.	   Seq		 Alpha		 Beta		Gamma		Delta		 Epsilon	 Zeta		  Chi		  Eta		 Theta

0		G		-81.58		179.59		72.06		87.81		-142.45		-82.46		-160.33		173.02		-147.69
1		G		-82.54		179.57		73.19		88.15		-141.64		-80.09		-161.72		173.69		-146.12
2		G		-89.07		179.32		77.71		86.46		-142.62		-80.51		-163.84		168.55		-143.68
3		G		-81.17		-177.5		71.98		86.33		-141.83		-80.1		-162.33		171.74		-142.08
4		U		-84.9		179.45		68.12		86.97		-140.79		-81.13		-162.11		167.4		-141.64
5		G		-95.75		179.57		74.06		89.82		-139.97		-81.47		-161.28		168.45		-144.74
6		A		-89.78		-178.13		66.61		94.31		-138.15		-85.02		-154.04		176.36		-143.37
7		A		-83.5		-177.15		73.49		94.12		-136.95		-82.8		-155.68		176.08		-143.95
8		G		-92.83		-178.55		77.68		97.22		-134.62		-86.87		-155.55		179.99		-146.61
9		G		-105.06		-177.28		79.1		93.87		-137.07		-83.39		-159.32		178.65		-145.4
10		A		-93.09		-178.18		73.64		94.34		-136.97		-81.04		-156.32		177.21		-139.32
11		G		-89.8		-179.03		71.9		91.36		-139.38		-82.48		-157.75		172.07		-143.2
12		G		-88.05		-178.54		74.2		89.75		-138.59		-78.41		-161.77		177.06		-137.54
13		C		-86.07		178.26		64.38		89.55		-140.18		-77.5		-159.94		173.84		-137.04
14		U		-85.28		-179.56		69.3		92.22		-138.66		-82.01		-156.09		174.91		-146.17
15		U		-87.5		-178.76		66.91		94.1		-136.78		-83.06		-154.62		176.37		-142.29
16		C		-100.06		177.64		72.87		94.46		-138.63		-80.59		-156.61		168.27		-142.68
17		G		-86.32		-178.62		75.07		91.52		-139.75		-81.14		-158.54		172.07		-140.36
18		G		-86.13		-177.44		74.57		93.55		-137.94		-81.7		-157.24		174.0		-142.33
19		C		-89.19		179.51		73.14		90.47		-139.52		-77.8		-159.89		168.89		-138.8
20		C		-81.51		179.73		68.43		87.49		-143.29		-79.29		-160.55		171.34		-141.7
21		G		-84.23		-177.87		67.22		87.38		-142.56		-80.56		-161.65		170.26		-145.49
22		C		-81.52		177.97		61.79		87.22		-141.75		-74.59		-160.77		170.42		-141.81
23		G		-82.79		178.92		68.79		89.51		-139.6		-80.84		-158.9		171.77		-141.53
24		A		-90.88		179.92		66.08		88.73		-140.38		-78.76		-160.91		168.12		-138.71
25		A		-87.9		179.06		69.59		88.91		-140.11		-78.04		-160.94		166.51		-142.65
26		A		-81.23		-178.08		69.28		89.97		-139.16		-77.52		-158.81		171.22		-137.5
27		C		-79.87		179.35		63.98		83.52		-143.86		-76.43		-162.4		162.02		-141.13
28		U		-73.79		178.55		62.19		88.68		-140.68		-80.17		-157.74		174.22		-143.7
29		U		-79.74		179.6		63.2		87.69		-142.67		-79.8		-158.39		169.69		-146.36
30		C		-79.04		178.09		61.76		85.22		-145.16		-77.99		-160.39		166.76		-146.87
31		A		-81.44		-179.32		68.87		85.24		-142.46		-76.51		-163.07		169.89		-141.7
32		C		-78.08		179.74		68.93		87.67		-140.7		-79.79		-160.15		171.54		-146.32
33		C		-81.96		179.08		69.41		87.85		-141.21		-80.31		-160.5		171.64		-145.98
34		C		-77.4		178.2		65.19		87.94		-142.35		-80.73		-159.28		173.21		-141.39
35		C		-84.5		177.68		69.27		88.89		-141.37		-81.14		-158.97		172.2		-144.47
