No.	   Seq		 Alpha		 Beta		Gamma		Delta		 Epsilon	 Zeta		  Chi		  Eta		 Theta

0		G		-76.93		175.57		71.15		87.86		-139.89		-76.85		-162.05		175.41		-142.7
1		G		-81.4		175.77		71.11		88.07		-139.9		-80.2		-162.79		173.01		-142.85
2		A		-77.45		176.53		65.15		96.65		-137.24		-81.27		-154.4		179.5		-146.25
3		U		-80.24		178.57		74.33		93.96		-136.99		-83.88		-157.91		177.47		-143.92
4		G		-80.04		178.01		70.42		95.23		-138.68		-83.24		-154.47		179.02		-147.77
5		G		-89.82		-179.76		80.35		91.2		-139.63		-80.88		-161.9		173.26		-146.57
6		G		-74.28		178.09		67.69		92.62		-139.17		-80.6		-157.05		178.54		-146.28
7		G		-87.33		-179.94		75.32		90.36		-138.67		-84.35		-161.14		173.91		-151.38
8		A		-79.76		176.57		64.71		98.58		-134.59		-85.03		-151.27		-174.46		-145.2
9		A		-85.02		177.94		68.21		92.72		-135.88		-82.68		-157.3		175.16		-143.5
10		A		-80.69		179.49		65.0		97.55		-132.71		-81.0		-150.08		178.87		-139.27
11		G		-96.92		178.35		72.94		94.8		-135.05		-84.39		-156.36		175.75		-146.49
12		A		-80.84		179.81		72.66		101.87		-134.08		-84.61		-149.08		-169.42		-150.09
13		A		-95.72		179.05		78.51		94.41		-136.49		-79.75		-158.31		175.78		-141.5
14		G		-80.34		179.73		74.86		97.76		-136.11		-77.6		-153.6		178.88		-140.71
15		C		-82.71		176.57		68.43		88.45		-140.93		-77.57		-160.48		169.02		-141.19
16		C		-70.52		177.38		63.77		89.84		-143.57		-78.41		-154.74		177.73		-148.51
17		C		-78.27		176.19		66.12		88.15		-142.16		-81.84		-159.7		173.22		-145.94
18		C		-73.95		176.98		64.18		90.23		-144.7		-77.69		-159.24		176.88		-149.01
19		G		-83.23		179.78		71.97		90.72		-139.71		-82.67		-159.24		175.4		-145.18
20		C		-77.01		-178.36		66.2		90.68		-142.36		-77.62		-156.66		174.61		-150.56
21		A		-80.78		176.97		71.42		90.66		-139.09		-82.29		-158.91		172.4		-147.42
22		A		-69.38		176.92		63.92		98.45		-138.4		-83.99		-149.44		-177.71		-146.87
23		U		-78.36		175.29		68.89		95.23		-136.19		-79.16		-154.21		170.86		-143.1
24		U		-69.09		178.57		61.64		97.58		-138.43		-77.89		-151.58		-179.67		-142.63
25		U		-73.64		176.12		61.1		90.27		-140.11		-75.88		-159.04		169.92		-139.82
26		C		-71.07		176.51		57.3		88.25		-144.76		-74.71		-157.98		173.42		-143.61
27		C		-76.63		177.6		66.24		84.37		-143.32		-78.09		-161.94		170.2		-145.27
28		C		-72.47		-178.6		62.63		92.34		-142.31		-81.28		-153.26		176.21		-150.04
29		C		-83.84		179.05		74.65		87.8		-139.89		-83.04		-160.0		171.03		-151.73
30		A		-71.94		175.28		62.89		94.29		-139.29		-81.14		-153.53		176.26		-144.97
31		U		-79.47		175.66		70.97		88.65		-140.63		-80.15		-160.64		169.69		-144.98
32		C		-68.26		174.49		57.32		92.56		-142.96		-77.97		-154.5		177.22		-144.59
33		C		-77.99		175.97		66.76		88.7		-141.63		-78.68		-160.1		173.16		-145.53
