No.	   Seq		 Alpha		 Beta		Gamma		Delta		 Epsilon	 Zeta		  Chi		  Eta		 Theta

0		G		-86.66		177.44		71.71		91.19		-140.08		-83.5		-158.56		172.6		-145.19
1		G		-71.37		175.97		63.88		91.25		-143.78		-72.39		-155.05		177.2		-147.81
2		U		-82.78		179.26		70.36		91.01		-140.22		-83.41		-158.75		174.51		-143.12
3		C		-71.44		176.5		60.98		91.64		-143.26		-74.58		-152.46		176.04		-146.92
4		U		-88.68		179.35		70.35		88.84		-140.64		-82.2		-159.79		170.08		-142.5
5		A		-72.32		177.19		59.66		93.14		-141.21		-73.79		-149.95		178.43		-144.32
6		C		-84.76		177.69		70.32		88.16		-140.71		-82.85		-159.12		168.08		-147.53
7		A		-66.53		177.66		61.99		97.16		-137.32		-78.66		-146.94		-174.78		-142.65
8		U		-85.22		178.23		69.72		95.16		-135.86		-85.86		-154.12		175.39		-142.72
9		U		-69.05		178.95		70.47		98.19		-136.66		-76.95		-147.04		178.74		-141.64
10		G		-93.1		-179.93		75.65		92.65		-137.65		-85.07		-158.04		175.88		-144.72
11		C		-65.23		-179.76		64.14		92.48		-142.13		-75.58		-152.11		178.87		-146.58
12		U		-83.25		178.14		75.08		91.37		-138.21		-83.29		-157.63		178.46		-143.85
13		G		-68.35		179.11		65.09		96.28		-141.68		-82.33		-149.79		-173.37		-152.7
14		U		-84.84		176.23		71.42		91.84		-138.31		-79.43		-158.91		174.2		-141.19
15		U		-65.26		177.44		61.5		96.8		-139.73		-82.08		-147.9		-176.8		-148.52
16		G		-89.48		179.24		75.64		96.04		-136.38		-86.92		-155.17		175.92		-147.88
17		U		-64.52		177.08		60.73		97.34		-141.32		-75.11		-150.2		-174.44		-145.82
18		C		-86.14		179.22		72.38		93.79		-138.35		-86.14		-155.73		176.21		-146.26
19		G		-66.74		-177.67		61.2		96.28		-141.18		-77.65		-151.7		-173.35		-149.09
20		U		-82.5		178.95		70.21		91.07		-139.22		-82.8		-158.0		176.0		-146.31
21		G		-64.38		178.02		57.96		95.21		-142.39		-74.21		-150.84		-177.82		-148.81
22		U		-82.37		177.79		70.78		90.98		-138.54		-82.0		-157.88		173.53		-141.81
23		G		-68.28		178.41		58.11		96.09		-141.28		-74.91		-151.42		179.29		-150.1
24		U		-81.97		178.56		68.62		89.45		-138.88		-79.27		-159.17		172.36		-141.05
25		G		-70.17		177.94		59.71		91.98		-142.56		-76.1		-151.37		172.84		-145.93
26		A		-85.46		177.97		70.45		90.41		-138.71		-80.74		-159.08		172.84		-140.83
27		C		-68.06		178.2		59.24		91.61		-142.7		-75.57		-151.39		174.7		-147.21
28		C		-85.55		179.95		72.03		91.47		-137.59		-84.46		-156.96		174.88		-145.93
