No.	   Seq		 Alpha		 Beta		Gamma		Delta		 Epsilon	 Zeta		  Chi		  Eta		 Theta

0		G		-72.01		176.71		66.99		87.08		-141.14		-79.25		-162.36		173.9		-142.42
1		G		-72.39		173.02		61.97		93.83		-137.64		-74.64		-155.87		179.83		-141.54
2		G		-83.47		174.49		72.95		88.83		-140.74		-81.55		-162.12		172.56		-148.09
3		A		-70.81		177.5		62.06		94.92		-138.76		-80.07		-151.83		-176.9		-149.04
4		U		-80.06		177.22		70.37		90.11		-139.36		-82.46		-158.78		171.61		-146.6
5		C		-73.82		173.31		61.98		92.31		-139.53		-80.05		-154.38		175.28		-148.75
6		A		-79.36		178.97		66.13		88.89		-138.98		-80.87		-161.27		173.69		-142.31
7		C		-67.9		175.29		59.93		92.38		-139.84		-78.77		-152.12		176.73		-148.32
8		A		-79.33		177.86		67.11		92.11		-138.19		-83.37		-156.38		174.15		-144.12
9		A		-72.89		175.55		68.49		98.78		-135.42		-79.25		-150.31		-173.93		-143.77
10		G		-80.93		177.33		77.61		92.57		-136.42		-83.3		-158.43		175.36		-146.0
11		U		-65.37		175.6		61.93		98.49		-135.32		-85.95		-147.55		-176.78		-155.58
12		A		-85.41		178.03		75.84		94.61		-135.46		-85.54		-158.57		178.88		-144.89
13		G		-71.43		172.62		63.24		97.06		-137.34		-79.2		-150.1		-175.8		-147.45
14		G		-82.55		178.55		75.6		92.88		-137.35		-83.35		-156.79		176.72		-145.63
15		A		-70.44		176.95		62.95		99.15		-136.27		-79.97		-148.06		-171.09		-143.79
16		C		-83.39		176.54		78.82		94.86		-136.95		-85.31		-157.77		176.85		-152.21
17		U		-63.86		174.4		59.18		99.85		-136.0		-81.54		-147.61		-169.12		-150.17
18		U		-80.85		177.04		69.14		93.73		-138.87		-84.42		-156.11		173.08		-148.89
19		C		-70.42		176.85		64.36		96.59		-140.22		-77.15		-147.67		178.73		-150.01
20		G		-81.3		178.16		76.52		88.9		-139.58		-80.92		-162.34		177.36		-148.02
21		G		-66.34		178.2		69.0		94.58		-141.96		-79.13		-152.83		-177.73		-153.33
22		U		-73.03		175.65		67.06		91.66		-138.43		-78.54		-157.62		176.33		-143.11
23		C		-66.45		178.06		63.7		92.35		-141.36		-77.3		-153.85		177.29		-146.45
24		C		-83.59		175.93		67.46		86.26		-140.01		-76.74		-162.62		167.08		-141.56
25		G		-69.62		176.62		62.74		93.77		-141.19		-80.88		-151.48		-179.82		-154.48
26		A		-83.06		178.72		71.65		96.14		-135.24		-85.83		-154.25		178.76		-146.04
27		A		-66.93		174.68		64.33		96.72		-138.61		-74.7		-152.54		-178.9		-140.82
28		U		-79.61		178.82		72.37		97.36		-135.01		-86.38		-153.07		174.04		-145.77
29		A		-70.85		178.61		62.93		98.26		-138.08		-78.37		-149.31		-179.13		-147.52
30		C		-76.47		176.22		71.06		86.97		-140.2		-79.97		-160.57		169.85		-148.95
31		A		-64.3		174.63		59.02		92.32		-142.66		-75.22		-154.59		-178.18		-146.55
32		G		-77.17		174.57		67.85		88.5		-141.16		-81.78		-160.16		171.18		-149.39
33		A		-66.98		175.82		61.6		95.63		-142.84		-73.11		-152.93		179.08		-149.06
34		U		-76.05		175.59		69.15		87.73		-141.27		-79.06		-161.36		169.93		-141.98
35		C		-66.83		173.53		59.02		93.29		-142.94		-78.51		-152.03		176.84		-149.73
36		U		-79.7		175.31		70.52		88.91		-140.19		-81.2		-160.37		172.59		-146.15
37		C		-66.99		175.4		62.7		92.04		-143.71		-77.59		-153.0		178.96		-151.78
