No.	   Seq		 Alpha		 Beta		Gamma		Delta		 Epsilon	 Zeta		  Chi		  Eta		 Theta

0		G		-69.34		170.7		56.53		96.93		-137.62		-75.18		-149.94		-175.45		-147.56
1		G		-67.04		172.56		61.44		96.61		-138.06		-73.05		-151.4		-174.28		-152.22
2		C		-67.51		172.7		56.44		93.63		-138.37		-74.48		-150.55		-177.49		-149.64
3		U		-65.09		172.01		54.04		92.59		-141.92		-76.11		-149.69		179.91		-146.36
4		U		-66.62		169.04		52.18		92.79		-140.47		-70.16		-149.68		-178.67		-140.33
5		G		-68.1		170.94		59.08		89.55		-144.27		-74.86		-154.03		-179.14		-150.08
6		A		-67.46		175.2		54.97		97.16		-137.77		-78.64		-145.32		-174.38		-149.67
7		U		-62.57		172.84		55.53		94.73		-139.16		-75.07		-146.63		-177.79		-146.01
8		U		-66.71		174.88		59.38		98.67		-135.74		-72.66		-146.2		-170.88		-143.63
9		G		-65.29		173.53		59.97		94.95		-140.02		-70.58		-151.98		-177.96		-148.39
10		U		-64.98		173.71		55.51		94.68		-137.34		-75.33		-146.84		-177.69		-151.62
11		A		-61.3		176.37		60.48		98.58		-132.88		-74.05		-145.51		-171.67		-145.29
12		U		-67.28		172.5		60.17		100.54		-134.59		-74.55		-142.8		-166.47		-146.37
13		U		-65.36		177.07		64.84		98.46		-138.23		-81.82		-145.41		-173.11		-161.09
14		A		-62.35		175.35		57.39		99.72		-133.95		-76.81		-142.81		-166.54		-150.28
15		U		-60.95		172.64		58.45		96.64		-138.41		-73.58		-146.27		-174.98		-149.7
16		U		-61.82		175.17		58.06		101.91		-135.91		-81.58		-139.25		-166.97		-159.49
17		A		-64.98		176.45		62.35		96.67		-139.3		-74.5		-146.65		-176.48		-153.0
18		A		-68.15		174.94		62.65		98.46		-139.09		-76.85		-146.6		-171.51		-155.7
19		A		-58.91		174.81		57.07		98.59		-138.7		-74.92		-146.35		-169.56		-153.56
20		U		-58.51		175.74		53.39		98.67		-141.13		-72.46		-143.43		-171.76		-152.84
21		U		-65.92		173.95		59.94		100.49		-140.43		-74.55		-142.96		-174.77		-159.69
22		A		-66.15		173.71		58.8		101.11		-141.04		-75.19		-143.7		-171.82		-158.43
23		A		-63.14		174.27		57.98		97.09		-142.01		-71.5		-147.87		-176.67		-158.01
24		U		-61.64		175.13		56.18		97.81		-140.9		-70.02		-145.25		-175.27		-149.67
25		U		-63.17		175.15		59.2		96.87		-142.41		-71.03		-147.59		179.98		-149.65
26		C		-66.23		174.26		57.1		94.52		-144.25		-72.21		-149.69		-176.61		-150.58
27		U		-61.25		174.63		54.81		94.62		-141.77		-70.23		-147.06		-178.73		-150.97
28		U		-67.22		179.59		60.18		99.84		-139.84		-78.85		-141.6		-175.37		-159.57
29		A		-70.69		177.39		66.57		99.6		-138.66		-78.6		-146.34		-175.31		-157.12
30		A		-62.87		178.43		61.31		99.13		-139.58		-67.95		-146.78		-173.87		-149.35
31		U		-64.68		174.5		59.93		97.2		-139.21		-76.53		-146.19		178.46		-152.26
32		A		-67.33		178.88		62.08		102.57		-138.13		-75.45		-142.71		-175.04		-151.76
33		A		-67.49		177.56		64.25		99.19		-139.01		-75.99		-148.21		-174.3		-149.06
34		C		-62.6		175.0		57.87		95.6		-143.44		-71.93		-148.82		-176.13		-150.01
35		U		-63.59		173.17		57.05		96.83		-140.39		-75.05		-146.79		-178.73		-149.6
36		A		-67.06		175.18		59.32		100.42		-141.45		-74.12		-147.07		-174.64		-147.02
37		C		-67.31		173.57		59.75		95.16		-142.45		-75.41		-149.84		177.12		-147.1
38		A		-68.74		177.07		62.55		99.84		-140.44		-76.76		-145.3		-178.42		-152.01
39		A		-66.99		174.28		64.0		99.58		-137.99		-80.46		-146.64		-177.42		-153.65
40		A		-61.03		170.99		56.9		97.5		-142.86		-70.15		-147.62		-178.8		-152.38
41		U		-63.51		173.29		57.11		98.96		-138.85		-78.52		-146.0		-178.34		-145.25
42		U		-65.8		175.78		57.01		99.83		-143.37		-77.75		-145.59		179.12		-150.63
43		A		-65.77		172.46		60.91		98.06		-139.95		-76.02		-147.62		-179.69		-152.33
44		A		-63.45		174.37		59.98		92.74		-145.2		-72.16		-150.83		178.24		-149.74
45		G		-65.09		172.99		59.77		94.17		-141.8		-78.7		-151.64		178.72		-145.41
46		C		-64.93		174.29		59.36		94.97		-142.03		-74.35		-149.21		-179.89		-145.36
47		C		-69.52		174.67		66.69		94.9		-140.54		-79.0		-150.71		177.38		-148.95
