No.	   Seq		 Alpha		 Beta		Gamma		Delta		 Epsilon	 Zeta		  Chi		  Eta		 Theta

0		G		-68.55		174.16		66.42		92.69		-141.22		-80.15		-157.42		-178.75		-149.33
1		G		-80.24		176.77		70.82		86.98		-140.9		-81.11		-161.99		172.24		-145.31
2		G		-74.31		174.59		68.54		89.46		-143.77		-80.67		-160.31		176.2		-150.45
3		A		-75.89		175.93		65.96		88.4		-141.14		-82.64		-159.63		171.88		-145.68
4		G		-71.26		174.29		63.65		89.27		-142.3		-79.01		-158.33		177.5		-147.68
5		U		-75.29		174.96		62.51		90.89		-137.84		-83.28		-156.42		174.08		-145.78
6		A		-70.22		175.6		60.38		96.78		-137.74		-83.95		-151.74		-178.75		-153.07
7		A		-74.06		176.64		62.62		96.16		-134.88		-86.41		-152.63		178.57		-148.34
8		A		-77.44		174.76		69.18		101.33		-133.37		-80.3		-150.54		-177.43		-148.74
9		G		-77.26		177.27		73.5		95.51		-135.13		-85.48		-154.38		178.78		-148.47
10		A		-67.04		177.59		65.96		94.71		-136.75		-80.44		-153.75		-175.11		-143.46
11		U		-69.98		171.71		59.94		95.83		-134.67		-81.38		-152.74		178.95		-143.0
12		U		-77.87		176.08		68.48		99.49		-136.41		-85.47		-150.18		-176.67		-150.03
13		G		-82.45		178.06		73.95		95.24		-137.55		-85.67		-154.25		-178.47		-152.58
14		A		-77.32		176.71		72.78		96.35		-138.81		-80.71		-154.3		-177.65		-150.72
15		G		-73.5		173.5		68.93		92.87		-137.45		-83.02		-157.4		179.36		-150.32
16		A		-70.03		177.5		68.66		96.93		-136.95		-81.01		-153.74		-174.77		-144.15
17		C		-76.06		174.19		71.89		97.7		-136.3		-84.41		-152.48		178.62		-153.11
18		A		-72.01		177.83		68.22		101.02		-137.19		-89.34		-147.65		-176.7		-151.7
19		A		-74.68		177.58		70.59		100.21		-133.64		-83.3		-150.75		-173.04		-146.88
20		G		-64.68		173.75		65.58		100.41		-136.02		-82.99		-149.23		-174.66		-151.33
21		U		-65.52		177.86		62.22		101.48		-134.06		-88.68		-147.62		-172.86		-155.33
22		A		-68.72		178.14		63.21		99.79		-137.35		-84.79		-151.66		-176.78		-149.48
23		G		-71.92		172.48		64.37		97.67		-135.83		-79.28		-151.26		-174.79		-144.79
24		G		-67.38		177.09		65.32		93.46		-139.85		-80.54		-152.11		178.97		-148.43
25		A		-69.07		175.28		62.51		97.43		-135.65		-80.01		-150.36		-172.9		-143.01
26		C		-72.3		176.66		66.31		97.83		-138.29		-82.91		-154.59		-179.14		-152.1
27		U		-65.72		174.57		59.12		99.32		-137.09		-76.88		-150.04		-172.17		-143.57
28		U		-76.03		177.72		62.45		94.42		-140.38		-83.11		-153.19		177.18		-147.44
29		C		-69.25		173.62		58.96		94.08		-140.11		-75.54		-150.96		177.02		-144.24
30		G		-72.7		176.59		67.12		91.2		-140.06		-81.62		-158.73		-177.31		-146.79
31		G		-67.86		172.36		62.56		92.99		-141.99		-80.25		-155.49		-179.99		-151.62
32		U		-67.44		174.33		62.81		94.57		-137.57		-80.55		-154.06		179.32		-141.76
33		C		-70.22		175.58		61.09		92.25		-140.66		-76.81		-154.63		175.17		-138.05
34		C		-79.16		177.15		62.97		93.11		-138.94		-79.68		-156.1		173.48		-140.69
35		G		-71.78		176.7		65.48		92.09		-141.31		-79.91		-154.03		179.09		-151.86
36		A		-74.0		175.75		66.22		101.1		-133.71		-88.62		-149.6		-173.12		-145.81
37		A		-68.94		176.82		64.58		99.16		-135.92		-76.17		-149.82		179.92		-139.46
38		U		-78.11		178.82		71.09		106.02		-131.34		-89.13		-147.14		-178.42		-140.68
39		A		-75.6		179.78		68.22		98.1		-137.14		-79.9		-150.14		178.45		-149.28
40		C		-75.05		174.08		71.83		89.02		-141.63		-78.93		-159.3		172.03		-147.92
41		A		-65.14		176.22		60.61		91.85		-142.62		-78.18		-154.67		-177.75		-145.51
42		C		-70.31		171.38		60.2		87.77		-143.62		-77.8		-158.6		172.97		-145.07
43		U		-68.6		176.75		66.7		92.24		-143.57		-76.41		-154.41		178.39		-149.18
44		C		-78.93		175.18		69.24		85.74		-143.33		-80.12		-162.33		169.25		-147.38
45		A		-65.15		174.99		60.0		91.78		-142.75		-78.87		-154.27		-179.73		-151.56
46		U		-71.52		174.66		65.61		90.73		-138.35		-83.25		-156.24		174.51		-148.11
47		G		-69.07		176.73		65.9		96.64		-141.19		-82.42		-149.87		178.79		-156.1
48		A		-82.47		176.23		74.47		92.96		-138.38		-81.56		-157.48		175.39		-144.72
49		A		-68.63		176.31		66.67		97.86		-140.65		-80.0		-151.05		-177.07		-151.51
50		C		-74.71		177.28		69.4		91.11		-139.05		-80.87		-157.88		178.01		-146.03
51		U		-66.19		177.29		66.83		94.29		-142.39		-76.95		-152.55		-177.79		-149.87
52		C		-78.1		176.67		69.8		91.61		-140.12		-81.97		-157.19		175.67		-148.1
53		C		-68.34		176.16		64.24		93.07		-141.91		-75.76		-154.03		178.9		-151.76
54		C		-79.44		177.92		71.17		95.06		-137.65		-85.68		-154.67		177.97		-149.69
