No.	   Seq		 Alpha		 Beta		Gamma		Delta		 Epsilon	 Zeta		  Chi		  Eta		 Theta

0		G		-87.85		179.81		70.59		85.8		-143.51		-78.71		-164.43		169.0		-144.42
1		G		-75.91		177.35		65.77		86.28		-143.7		-80.63		-161.51		174.05		-146.9
2		U		-83.75		-177.69		73.55		89.69		-138.85		-81.36		-158.69		173.2		-143.64
3		A		-103.74		179.28		76.94		92.02		-136.72		-82.05		-158.84		171.25		-135.94
4		A		-103.6		-176.84		78.21		95.98		-135.99		-87.85		-157.0		173.48		-145.67
5		G		-83.85		-179.98		77.67		89.65		-140.35		-83.86		-161.59		175.48		-148.81
6		G		-78.58		-179.15		67.19		92.28		-139.14		-79.82		-156.81		176.55		-138.26
7		U		-85.13		-179.39		69.42		93.94		-138.95		-80.32		-154.7		174.15		-135.36
8		G		-109.59		-175.18		94.36		91.84		-138.39		-85.35		-160.02		175.03		-147.04
9		G		-103.33		-177.73		85.05		88.79		-140.7		-84.92		-164.33		173.37		-153.67
10		G		-75.44		176.88		62.2		85.71		-144.15		-76.67		-162.72		175.2		-143.88
11		U		-76.0		-178.33		63.33		88.05		-141.29		-79.21		-157.4		176.13		-135.18
12		G		-103.1		-177.87		78.11		91.79		-137.84		-80.95		-156.48		173.58		-141.67
13		G		-124.67		-179.33		83.67		93.48		-136.98		-82.79		-159.65		174.37		-144.06
14		A		-85.27		-179.07		68.52		97.44		-135.32		-85.44		-153.5		-176.66		-146.31
15		A		-92.3		-178.34		71.22		97.19		-133.93		-80.95		-152.82		177.53		-135.73
16		U		-84.71		179.07		69.35		97.62		-134.19		-81.29		-151.44		173.3		-130.14
17		C		-96.84		179.77		74.79		93.33		-138.04		-80.03		-156.4		168.36		-137.66
18		C		-90.11		-177.2		69.28		88.56		-140.03		-80.01		-158.72		169.8		-139.49
19		U		-81.06		-175.93		67.32		95.85		-136.67		-85.44		-152.52		179.64		-147.35
20		U		-72.35		-178.63		65.73		91.13		-139.06		-81.97		-157.56		174.5		-141.39
21		C		-93.12		179.79		71.7		86.9		-141.76		-77.44		-162.94		165.0		-138.69
22		G		-95.88		-176.55		73.55		85.09		-141.78		-77.52		-166.22		162.92		-138.2
23		G		-87.06		-177.53		73.01		89.23		-139.25		-80.6		-160.26		172.18		-143.18
24		G		-85.82		179.9		73.15		87.26		-141.2		-82.54		-161.56		169.7		-148.01
25		A		-82.84		178.65		68.65		90.84		-139.56		-75.8		-160.54		174.62		-132.51
26		U		-79.25		177.77		61.68		89.33		-141.16		-76.97		-159.68		167.07		-138.91
27		C		-80.05		-179.93		60.47		88.19		-140.87		-76.92		-158.35		167.18		-138.49
28		C		-84.11		-178.51		61.42		82.72		-144.97		-77.02		-163.99		164.13		-142.92
29		C		-73.77		179.59		60.14		85.02		-144.48		-80.94		-159.74		172.13		-144.89
30		A		-77.38		-177.34		64.1		88.42		-141.44		-77.94		-159.35		175.05		-144.24
31		C		-78.32		-179.43		63.77		86.01		-142.37		-77.16		-160.34		168.13		-142.61
32		C		-77.65		-179.53		65.34		83.93		-143.21		-77.22		-162.23		166.38		-139.79
33		U		-78.69		-177.49		68.16		89.99		-140.19		-84.18		-156.86		173.06		-144.79
34		A		-85.01		178.75		67.44		88.94		-142.3		-78.93		-159.42		169.69		-146.14
35		C		-77.33		177.93		65.19		85.64		-143.58		-74.0		-161.8		170.69		-142.29
36		C		-81.67		-176.97		68.94		86.53		-141.89		-78.95		-161.32		172.21		-142.91
37		C		-83.23		-177.6		68.14		88.58		-140.5		-80.49		-161.02		174.72		-143.57
38		U		-77.61		177.0		67.08		90.36		-141.05		-80.37		-156.82		173.27		-146.84
39		G		-80.75		179.73		69.65		89.43		-140.8		-81.88		-158.28		173.3		-145.49
40		C		-82.28		178.2		69.04		87.82		-142.03		-78.77		-159.36		171.78		-145.08
41		C		-86.78		-178.21		70.63		90.62		-139.45		-80.1		-157.81		171.48		-147.63
