No.	   Seq		 Alpha		 Beta		Gamma		Delta		 Epsilon	 Zeta		  Chi		  Eta		 Theta

0		G		-78.45		-179.89		71.03		90.0		-141.07		-80.7		-160.19		175.78		-147.14
1		G		-75.34		177.21		70.68		87.91		-140.87		-77.95		-163.1		175.23		-143.26
2		G		-82.08		174.65		69.64		87.21		-141.94		-79.12		-163.17		172.57		-146.23
3		A		-78.69		177.68		72.45		87.06		-141.52		-79.34		-162.46		172.47		-147.32
4		A		-84.01		179.97		75.26		89.37		-140.19		-77.81		-160.42		172.89		-145.56
5		G		-88.75		179.36		78.28		86.68		-140.43		-81.11		-163.74		168.66		-147.15
6		A		-71.34		176.15		60.09		92.13		-138.13		-75.54		-156.54		173.98		-136.81
7		U		-76.0		179.05		66.24		90.78		-138.26		-79.72		-158.71		170.61		-145.18
8		C		-70.83		179.85		63.17		92.81		-138.67		-80.23		-156.18		176.67		-145.96
9		U		-79.04		179.47		63.44		86.67		-141.15		-78.39		-163.16		168.7		-142.25
10		G		-75.83		-179.19		65.48		84.69		-142.56		-77.58		-163.82		171.32		-139.24
11		G		-79.29		178.96		63.74		82.31		-144.59		-74.38		-165.88		164.61		-141.79
12		C		-74.26		176.61		64.4		82.72		-146.17		-75.26		-163.55		168.58		-145.64
13		C		-78.9		176.98		67.42		85.37		-142.63		-78.87		-163.09		171.1		-144.11
14		U		-77.92		177.32		65.76		90.41		-138.45		-77.13		-157.35		170.32		-136.54
15		U		-91.81		176.45		67.28		89.43		-137.49		-78.75		-159.95		164.06		-136.37
16		C		-81.84		178.46		65.24		91.58		-138.0		-78.52		-159.28		167.58		-140.81
17		C		-88.26		179.04		68.08		88.75		-140.1		-78.61		-160.2		167.84		-143.04
18		C		-81.65		-179.13		68.52		94.8		-138.04		-87.51		-152.92		178.98		-149.0
19		A		-82.89		179.98		74.42		93.44		-136.66		-82.55		-156.23		174.61		-141.87
20		C		-93.66		178.75		78.05		90.23		-136.52		-81.88		-159.2		167.25		-147.64
21		A		-91.77		178.3		83.19		89.18		-138.14		-83.11		-161.88		167.57		-149.05
22		A		-78.66		178.48		73.3		90.56		-139.71		-78.75		-159.04		172.53		-148.61
23		G		-74.17		175.0		70.06		86.63		-140.62		-78.11		-162.18		170.91		-142.04
24		G		-74.04		176.98		65.63		87.57		-139.15		-74.32		-163.54		171.44		-136.6
25		G		-88.44		177.67		77.51		90.73		-137.36		-80.75		-161.03		172.1		-147.95
26		A		-79.47		177.06		70.57		92.14		-137.83		-84.61		-156.23		177.27		-155.88
27		A		-73.59		173.24		71.57		85.65		-141.41		-77.43		-162.37		170.62		-143.84
28		G		-78.41		172.61		73.11		87.28		-141.63		-79.59		-162.25		170.58		-141.18
29		G		-79.81		178.78		76.78		87.47		-142.4		-76.6		-162.93		174.0		-144.63
30		C		-78.98		177.64		67.64		85.01		-143.69		-75.82		-162.77		171.28		-147.5
31		C		-77.46		177.46		70.52		83.53		-144.75		-78.78		-164.66		171.95		-151.87
32		A		-71.74		174.98		60.33		87.69		-142.74		-78.33		-159.46		174.33		-142.51
33		G		-83.76		179.67		70.97		87.15		-141.56		-78.57		-162.55		171.71		-146.32
34		G		-79.63		179.52		70.19		86.98		-141.33		-75.7		-162.71		171.34		-139.86
35		G		-96.49		-179.37		81.72		89.33		-139.43		-79.4		-162.88		172.94		-143.77
36		A		-89.2		178.74		75.61		90.47		-139.96		-79.53		-161.7		175.4		-141.73
37		A		-85.17		179.45		69.04		92.76		-138.83		-75.18		-158.02		173.23		-138.78
38		U		-80.68		178.54		66.04		90.64		-139.44		-76.91		-158.36		171.63		-139.49
39		C		-83.67		179.65		66.99		87.78		-141.19		-78.14		-159.37		167.5		-144.17
40		U		-79.2		176.54		67.25		87.97		-140.25		-77.07		-160.39		169.11		-145.51
41		U		-77.54		-179.05		66.78		88.78		-141.94		-80.09		-158.57		169.96		-146.78
42		C		-76.8		176.72		63.11		88.25		-141.49		-74.31		-161.11		167.92		-141.59
43		C		-85.74		-179.95		71.79		88.2		-139.67		-75.86		-160.99		166.27		-143.28
44		C		-80.4		177.93		70.33		86.96		-141.02		-80.12		-161.19		168.27		-149.09
