No.	   Seq		 Alpha		 Beta		Gamma		Delta		 Epsilon	 Zeta		  Chi		  Eta		 Theta

0		G		-84.58		177.62		71.29		83.03		-144.31		-78.12		-165.39		168.68		-145.23
1		G		-69.64		175.94		63.97		88.62		-141.21		-78.39		-160.05		179.42		-143.47
2		U		-70.23		176.05		60.32		91.41		-140.81		-78.87		-157.78		175.33		-148.46
3		C		-107.11		-175.72		87.09		96.78		-136.35		-86.57		-157.28		177.94		-149.71
4		A		-83.43		179.33		70.67		87.4		-140.07		-80.16		-164.18		175.56		-142.1
5		G		-77.8		-179.99		72.12		89.31		-140.03		-81.91		-161.06		172.25		-143.96
6		G		-79.66		-179.95		66.66		90.36		-137.87		-83.41		-160.83		172.2		-134.52
7		G		-87.14		-175.94		71.32		92.61		-138.39		-80.04		-161.75		173.7		-135.02
8		U		-83.5		-176.99		68.46		91.25		-139.52		-79.61		-158.56		172.26		-137.46
9		C		-97.49		-178.22		65.9		87.65		-140.93		-85.7		-159.29		162.19		-150.45
10		A		-91.25		-178.13		66.15		82.49		-143.37		-75.87		-167.82		163.38		-142.03
11		G		-80.31		176.18		65.36		83.98		-144.14		-72.68		-165.35		168.39		-141.16
12		G		-90.34		-176.43		76.86		91.5		-138.25		-80.67		-161.79		174.32		-146.88
13		A		-126.87		-175.92		84.39		97.98		-130.14		-76.26		-159.36		179.02		-123.56
14		G		-94.14		-178.86		76.24		94.34		-134.48		-77.58		-160.35		167.56		-130.53
15		C		-82.78		-177.1		63.96		95.62		-136.51		-77.03		-153.18		174.35		-139.38
16		C		-89.27		177.82		65.81		85.32		-142.55		-77.2		-163.5		164.39		-147.92
17		C		-75.25		172.72		59.13		87.2		-142.06		-81.05		-156.95		173.45		-143.35
18		C		-77.37		174.13		63.5		82.31		-144.91		-74.6		-163.38		170.75		-140.61
19		C		-92.27		176.86		72.82		87.12		-143.55		-80.85		-158.73		169.6		-145.2
20		C		-85.96		-176.82		80.86		83.87		-143.22		-77.85		-165.73		168.55		-150.52
21		C		-71.16		178.95		66.82		87.29		-139.71		-78.77		-159.46		176.39		-143.39
22		C		-80.45		175.13		61.78		88.67		-139.08		-83.85		-159.94		166.95		-146.77
23		U		-78.52		174.41		60.73		97.73		-135.19		-80.9		-150.69		173.09		-138.68
24		G		-122.1		176.53		70.34		94.03		-136.64		-82.18		-158.95		168.61		-145.8
25		A		-105.36		175.44		74.99		95.63		-139.25		-78.45		-157.14		170.46		-148.39
26		A		-84.82		175.37		71.85		84.62		-142.02		-75.28		-161.99		170.16		-142.75
27		C		-72.83		174.77		65.53		83.12		-143.86		-72.41		-163.01		170.17		-144.54
28		C		-74.5		174.61		62.02		79.02		-146.14		-72.92		-164.87		163.77		-143.96
29		C		-78.54		176.65		61.37		77.47		-147.21		-80.22		-164.81		163.03		-155.08
30		A		-73.11		176.13		56.55		81.49		-141.81		-74.16		-163.36		168.86		-138.88
31		G		-93.32		176.51		66.44		80.71		-143.11		-70.47		-167.79		160.35		-135.96
32		G		-86.59		-179.76		75.89		81.04		-144.08		-80.19		-165.27		163.36		-145.29
33		A		-83.12		178.08		64.38		92.98		-136.85		-77.08		-154.99		176.42		-140.3
34		U		-108.52		177.47		86.78		90.53		-136.01		-87.93		-157.06		164.67		-157.98
35		A		-89.51		173.7		74.98		97.09		-134.53		-80.12		-153.0		-178.26		-143.03
36		A		-117.88		176.68		76.8		90.37		-138.53		-76.6		-160.59		160.0		-138.72
37		C		-77.54		-179.28		69.44		87.87		-140.83		-74.07		-158.35		177.78		-136.04
38		C		-84.71		-177.82		72.6		81.63		-144.64		-78.59		-164.09		168.74		-143.47
39		C		-71.7		178.84		62.36		86.24		-145.93		-78.17		-157.67		175.55		-142.37
40		U		-82.2		179.29		67.02		88.02		-141.56		-81.1		-156.57		172.64		-141.73
41		C		-90.45		176.07		64.29		84.58		-140.75		-75.13		-157.1		155.0		-142.12
42		A		-142.42		177.96		84.22		88.66		-135.93		-83.26		-157.59		157.2		-147.07
43		A		-85.26		173.54		75.01		94.61		-135.6		-84.56		-152.1		170.16		-141.5
44		A		-94.35		176.65		76.74		92.78		-135.78		-81.29		-157.67		169.07		-144.58
45		G		-72.41		-179.7		75.58		95.15		-137.94		-77.57		-158.88		179.0		-137.37
46		U		-75.74		-178.19		67.28		93.63		-138.21		-76.36		-156.54		172.16		-142.22
47		C		-70.42		176.49		63.99		87.51		-142.18		-77.83		-158.39		174.2		-148.71
48		G		-89.72		178.97		76.65		90.05		-142.04		-84.26		-161.16		175.04		-151.89
49		G		-76.27		177.32		64.44		86.12		-145.65		-80.46		-163.97		174.86		-152.48
50		G		-79.47		177.47		76.74		85.41		-143.14		-79.68		-162.25		174.19		-149.22
51		G		-93.72		178.04		80.03		83.89		-143.7		-74.56		-165.42		163.51		-145.71
52		G		-76.07		172.52		65.94		81.59		-146.57		-76.45		-166.54		168.57		-146.88
53		G		-77.09		173.17		61.58		86.92		-141.82		-78.04		-159.0		175.91		-142.86
54		C		-96.14		174.13		69.3		84.9		-141.91		-74.99		-162.81		165.09		-143.5
55		A		-85.33		178.6		66.85		89.89		-141.28		-79.91		-160.11		175.45		-145.24
