No.	   Seq		 Alpha		 Beta		Gamma		Delta		 Epsilon	 Zeta		  Chi		  Eta		 Theta

0		G		-88.5		174.93		88.38		87.99		-143.24		-79.74		-167.69		164.82		-149.64
1		G		-68.69		-174.18		83.52		90.31		-142.47		-84.46		-166.29		179.81		-162.22
2		G		-82.95		-179.76		80.42		98.35		-128.76		-95.11		-157.96		179.07		-159.75
3		G		-64.75		173.59		55.83		91.43		-138.63		-83.66		-159.26		173.06		-143.12
4		A		-86.3		-177.11		71.06		102.21		-126.9		-82.26		-156.29		-163.54		-126.11
5		G		-69.75		173.95		59.15		102.38		-129.27		-93.28		-147.12		-169.47		-155.14
6		U		-85.2		178.73		79.05		110.2		-125.26		-115.32		-138.62		-170.14		155.0
7		A		-65.42		177.77		56.26		112.88		-122.91		-90.95		-137.21		-142.35		-112.75
8		C		-87.52		172.28		63.95		97.21		-134.47		-72.12		-154.68		165.73		-136.79
9		G		-76.1		173.95		64.58		82.42		-142.36		-73.2		-170.56		162.91		-138.83
10		G		-74.59		171.24		56.24		76.83		-146.55		-73.0		-170.34		168.93		-138.44
11		C		-68.29		175.11		55.66		76.73		-151.29		-70.34		-160.49		165.94		-135.24
12		C		-72.19		174.88		62.75		75.08		-151.05		-72.19		-164.81		171.8		-140.07
13		G		-102.78		-178.18		86.61		92.01		-141.33		-79.48		-163.09		177.61		-153.99
14		C		-159.36		165.39		75.41		99.51		-135.47		-69.58		-153.91		166.68		-159.92
15		A		-80.2		176.45		72.63		103.56		-127.48		-91.54		-143.78		-172.1		-155.86
16		A		-103.92		174.47		81.96		112.19		-122.58		-84.26		-140.06		175.07		-127.65
17		G		-118.94		174.54		109.63		106.46		-128.17		-79.44		-151.95		176.18		-147.67
18		G		-72.12		-177.3		81.44		104.24		-129.74		-84.96		-147.74		-172.03		-136.04
19		U		-65.7		179.5		54.49		100.83		-132.9		-68.87		-145.36		179.16		-130.55
20		U		-74.07		172.88		59.62		101.96		-129.94		-90.38		-141.54		-177.78		-160.58
21		A		-113.08		175.64		72.82		95.53		-138.56		-70.53		-151.45		165.28		-160.64
22		A		-110.87		170.67		66.87		78.94		-146.41		-71.67		-164.99		138.11		-147.63
23		A		-60.95		175.06		60.94		83.41		-143.67		-68.61		-160.67		168.65		-142.69
24		A		-63.54		173.29		65.12		89.41		-136.0		-74.94		-157.91		165.41		-137.62
25		C		-61.01		172.56		66.99		79.21		-153.39		-70.18		-165.67		157.88		-147.46
26		U		-62.58		174.48		53.19		79.81		-149.38		-75.32		-161.33		166.21		-137.4
27		C		-67.57		174.59		49.27		77.85		-153.05		-73.53		-161.99		164.17		-143.96
28		C		-69.65		171.24		57.55		72.6		-153.05		-71.96		-170.85		164.13		-145.67
29		C		-65.33		177.43		57.77		80.17		-154.46		-80.97		-160.84		178.84		-152.85
30		C		-67.77		170.16		57.62		82.0		-148.59		-82.75		-163.36		-178.64		-149.69
