No.	   Seq		 Alpha		 Beta		Gamma		Delta		 Epsilon	 Zeta		  Chi		  Eta		 Theta

0		G		-78.95		176.16		72.79		92.63		-137.71		-82.93		-159.56		175.59		-148.5
1		G		-81.01		176.6		73.3		91.37		-139.47		-80.83		-162.05		177.73		-145.65
2		G		-68.19		177.06		62.92		89.53		-141.72		-80.69		-156.01		179.59		-146.43
3		U		-75.6		177.99		67.2		90.52		-140.3		-80.99		-155.91		173.54		-144.99
4		G		-80.53		174.04		69.38		91.8		-139.03		-84.03		-156.46		174.36		-149.88
5		A		-84.17		176.55		75.18		89.75		-139.47		-78.87		-161.28		173.96		-150.02
6		A		-72.16		174.94		67.88		94.69		-137.12		-84.45		-154.08		179.25		-150.85
7		A		-73.98		176.87		61.71		100.38		-131.86		-87.97		-147.68		-177.89		-142.83
8		U		-73.82		175.66		66.08		105.85		-129.45		-82.27		-146.67		-167.16		-137.2
9		G		-84.15		178.73		76.54		103.08		-133.37		-88.62		-149.5		-172.14		-146.93
10		G		-74.19		178.19		67.49		98.88		-137.3		-89.04		-151.0		-171.99		-162.05
11		A		-71.26		176.99		67.85		97.44		-135.74		-84.5		-153.09		-172.99		-147.43
12		G		-75.8		175.65		70.3		94.72		-138.69		-82.23		-153.47		-179.03		-148.41
13		G		-81.6		176.14		75.11		91.63		-141.12		-82.65		-157.83		175.75		-148.89
14		A		-74.11		173.7		62.55		94.36		-137.82		-79.07		-155.53		-177.95		-142.18
15		C		-68.86		174.08		61.46		92.7		-138.18		-81.29		-153.93		179.4		-146.57
16		U		-69.0		175.9		60.05		101.53		-133.23		-85.97		-145.22		-171.14		-141.98
17		U		-76.3		177.97		67.04		103.95		-133.97		-88.6		-146.45		-174.72		-152.89
18		C		-77.0		179.58		72.78		101.79		-135.4		-81.27		-147.9		-176.83		-150.91
19		G		-77.24		-179.99		71.75		96.43		-137.0		-83.09		-154.69		-177.38		-147.76
20		G		-71.21		178.9		69.86		98.6		-137.23		-82.36		-149.79		-179.73		-149.68
21		U		-71.99		176.88		74.37		97.08		-136.81		-78.78		-153.18		-177.64		-143.83
22		C		-76.01		176.92		69.04		91.21		-141.69		-78.63		-156.03		175.47		-147.07
23		C		-72.72		176.02		60.94		87.77		-142.85		-76.06		-161.0		174.27		-144.8
24		U		-66.73		176.07		54.3		90.14		-141.77		-77.69		-153.62		179.54		-144.77
25		C		-77.52		176.76		61.23		91.39		-140.19		-80.9		-154.49		174.1		-145.06
26		A		-78.99		176.7		66.98		91.98		-140.85		-76.46		-157.52		172.99		-140.41
27		A		-76.78		178.65		69.64		97.74		-135.92		-87.89		-151.64		177.99		-148.94
28		A		-66.76		177.26		64.6		96.66		-135.53		-80.35		-150.35		179.02		-145.74
29		U		-69.78		175.75		65.87		94.95		-137.64		-82.45		-153.52		175.15		-142.77
30		U		-65.15		174.28		57.75		96.82		-139.87		-80.63		-150.32		177.81		-145.11
31		U		-70.5		173.51		59.75		91.45		-141.95		-78.13		-155.31		174.68		-149.19
32		C		-69.39		176.35		59.8		91.75		-143.98		-79.77		-154.5		176.85		-155.77
33		A		-68.77		177.81		63.43		89.25		-142.29		-79.02		-159.05		176.96		-143.49
34		C		-68.94		176.93		65.89		92.28		-140.72		-80.79		-155.07		179.83		-147.5
35		C		-75.07		175.7		72.48		90.55		-140.13		-80.74		-157.92		175.74		-147.68
36		C		-70.87		178.52		69.95		92.55		-142.55		-81.9		-155.0		-179.91		-151.27
