No.	   Seq		 Alpha		 Beta		Gamma		Delta		 Epsilon	 Zeta		  Chi		  Eta		 Theta

0		G		-75.37		171.45		68.87		84.26		-145.1		-78.95		-163.2		174.05		-146.43
1		G		-72.18		172.42		68.71		85.0		-144.92		-80.31		-165.25		173.28		-149.51
2		A		-80.38		172.06		61.39		86.66		-141.19		-77.47		-160.36		170.88		-139.89
3		C		-74.35		178.43		63.55		90.67		-141.31		-85.54		-157.97		176.28		-153.33
4		C		-67.5		173.0		52.81		87.8		-142.14		-77.06		-153.05		173.75		-138.21
5		G		-84.57		175.29		68.89		86.52		-144.08		-81.14		-165.72		165.94		-147.08
6		A		-71.04		170.94		59.63		103.29		-131.16		-76.43		-149.63		-168.35		-132.48
7		U		-95.1		175.99		80.55		99.85		-131.8		-94.99		-152.11		-179.55		-167.26
8		A		-90.86		179.03		94.04		111.71		-123.67		-110.5		-137.2		-163.35		-155.45
9		A		-163.25		175.79		98.28		109.05		-126.28		-82.26		-149.36		-176.34		-138.05
10		G		-76.4		175.5		90.6		93.95		-137.16		-88.36		-156.02		-179.36		-153.02
11		G		-70.67		177.49		61.92		89.35		-138.18		-80.29		-158.13		-177.65		-147.86
12		U		-74.81		173.81		75.81		95.85		-137.55		-84.64		-154.84		-177.31		-152.83
13		A		-100.36		179.68		80.2		96.33		-135.79		-78.05		-154.08		-170.12		-141.06
14		G		-95.05		177.95		79.34		88.48		-140.61		-81.26		-160.04		169.51		-151.26
15		A		-78.03		173.94		65.58		94.1		-135.29		-80.09		-150.72		177.23		-143.61
16		A		-91.54		175.86		107.17		113.17		-126.86		-113.63		-142.08		-146.74		-173.8
17		A		-82.69		175.13		91.45		115.51		-122.96		-103.3		-136.75		-158.76		-140.94
18		U		-91.58		177.69		78.97		110.49		-129.14		-88.16		-146.82		-167.97		-143.88
19		G		-70.7		178.55		67.12		104.45		-133.7		-86.37		-144.92		-179.48		-135.74
20		C		-74.53		-178.75		62.27		87.75		-143.64		-74.66		-161.38		-177.57		-144.22
21		C		-62.26		176.8		64.25		88.86		-144.78		-81.46		-156.26		-175.7		-153.92
22		U		-67.42		177.9		61.72		96.75		-139.89		-87.09		-150.55		-172.6		-150.55
23		U		-78.94		172.69		72.71		99.99		-136.18		-93.25		-149.83		177.16		-157.88
24		A		-84.22		177.44		66.12		99.27		-136.23		-77.85		-154.84		177.48		-137.26
25		U		-66.89		176.84		59.08		90.1		-141.1		-76.79		-158.12		171.26		-140.34
26		C		-72.05		175.02		60.88		94.62		-139.21		-86.78		-149.95		176.77		-147.24
27		G		-81.01		179.3		80.17		90.03		-142.19		-80.1		-162.71		179.75		-151.04
28		G		-67.24		175.71		55.59		91.37		-143.57		-81.8		-155.72		176.09		-144.14
29		U		-71.66		-179.83		58.56		93.98		-137.35		-78.48		-155.39		177.62		-139.31
30		C		-77.57		170.89		65.04		90.76		-139.15		-76.66		-158.43		169.44		-135.5
31		C		-77.54		173.04		67.27		89.15		-141.19		-83.63		-158.86		176.61		-149.83
