No.	   Seq		 Alpha		 Beta		Gamma		Delta		 Epsilon	 Zeta		  Chi		  Eta		 Theta

0		G		-67.97		173.88		65.95		89.52		-143.83		-71.18		-159.29		175.96		-148.57
1		G		-76.58		175.49		66.15		86.11		-143.0		-75.69		-164.01		170.1		-139.47
2		C		-72.45		173.34		60.02		91.21		-144.12		-71.69		-155.48		171.49		-148.71
3		C		-71.88		177.55		63.64		82.97		-143.95		-77.6		-164.19		171.01		-143.22
4		U		-65.68		171.67		52.05		91.61		-143.21		-73.87		-152.38		175.92		-148.67
5		C		-81.08		175.43		63.89		84.8		-141.68		-80.35		-161.97		161.99		-147.63
6		A		-64.95		177.49		57.67		95.26		-137.59		-72.66		-150.27		-174.16		-138.34
7		G		-79.75		-178.87		67.17		90.38		-138.37		-82.49		-158.41		170.84		-143.82
8		C		-70.33		179.93		64.15		96.65		-136.89		-72.08		-147.55		177.03		-145.04
9		A		-82.64		178.8		68.11		92.6		-136.32		-80.05		-159.0		174.04		-136.68
10		C		-68.99		176.82		61.12		92.28		-140.03		-70.64		-146.87		171.47		-142.28
11		U		-74.65		172.07		63.05		88.13		-139.59		-80.62		-156.53		169.39		-150.42
12		A		-68.4		177.54		65.68		101.88		-136.45		-79.68		-141.54		-172.32		-151.36
13		C		-91.05		173.65		72.18		88.19		-140.24		-76.07		-161.38		164.22		-144.39
14		C		-58.99		178.13		59.33		92.06		-142.85		-71.79		-150.76		-178.42		-146.85
15		C		-85.28		178.45		70.51		88.34		-139.71		-81.6		-160.13		170.12		-149.59
16		C		-61.56		171.35		63.84		88.35		-148.67		-75.78		-153.17		176.73		-160.48
17		A		-75.01		172.56		71.13		91.08		-138.36		-82.69		-157.55		178.18		-149.47
18		G		-61.23		172.24		64.2		93.99		-143.72		-78.09		-151.67		178.57		-157.43
19		U		-78.12		174.99		78.52		96.46		-136.49		-84.84		-154.33		178.34		-154.24
20		G		-60.73		174.03		58.29		99.02		-141.53		-72.89		-148.19		-174.54		-155.4
21		U		-75.58		175.16		73.11		90.1		-140.17		-81.27		-159.86		175.22		-153.42
22		A		-60.25		170.25		54.59		96.47		-141.32		-68.87		-147.66		-173.87		-154.67
23		G		-75.48		173.76		73.38		89.12		-138.14		-78.87		-158.14		176.44		-148.64
24		G		-61.17		176.34		61.25		89.69		-144.77		-72.19		-155.0		178.13		-148.17
25		U		-74.87		173.66		70.04		87.82		-140.71		-78.5		-159.1		173.63		-145.22
26		C		-66.16		177.51		59.31		90.4		-145.46		-74.34		-151.5		175.89		-152.94
