No.	   Seq		 Alpha		 Beta		Gamma		Delta		 Epsilon	 Zeta		  Chi		  Eta		 Theta

0		G		-72.2		171.6		62.14		93.93		-138.96		-70.96		-152.38		173.81		-133.22
1		G		-68.97		168.15		60.32		96.04		-139.34		-73.76		-148.96		177.07		-135.43
2		A		-68.49		-179.14		68.68		91.16		-141.86		-76.47		-156.44		176.19		-150.68
3		C		-65.31		172.9		66.87		93.15		-140.24		-75.76		-158.73		179.94		-150.26
4		U		-64.85		171.21		54.22		90.75		-144.81		-73.41		-150.89		176.93		-141.5
5		U		-63.91		179.35		53.7		90.99		-144.0		-75.02		-146.86		-179.32		-137.34
6		C		-63.07		175.27		51.35		88.91		-140.94		-67.9		-148.47		171.15		-135.83
7		C		-63.1		175.63		60.41		88.92		-143.36		-79.09		-157.05		172.95		-159.65
8		A		-50.38		-179.05		55.99		99.03		-130.5		-84.5		-144.2		-163.47		-143.57
9		U		-57.02		175.31		56.53		98.03		-133.15		-76.58		-142.36		179.32		-135.62
10		U		-61.82		176.11		63.49		96.85		-135.1		-69.92		-144.29		170.5		-123.75
11		G		-88.77		-177.28		82.37		91.12		-140.69		-78.36		-159.73		169.72		-146.22
12		C		-65.36		175.81		69.32		97.71		-140.46		-77.87		-149.42		-169.02		-167.31
13		U		-57.6		178.69		62.16		107.46		-130.11		-98.34		-138.76		-156.6		-173.26
14		U		-60.78		175.15		58.91		101.68		-138.12		-83.27		-143.55		-171.36		-148.9
15		C		-79.89		171.39		62.99		93.07		-142.24		-72.16		-155.52		168.77		-140.73
16		G		-65.99		176.02		67.31		90.44		-144.63		-74.34		-158.28		-178.82		-155.51
17		G		-65.33		-178.05		64.76		94.84		-140.38		-82.1		-150.5		-175.44		-155.66
18		C		-57.96		169.96		59.94		96.5		-141.23		-71.65		-148.7		-169.19		-157.18
19		A		-73.94		177.72		68.11		105.46		-135.2		-91.02		-143.47		-168.95		-153.16
20		A		-74.63		-179.66		58.37		102.3		-136.94		-77.09		-142.96		-179.06		-170.09
21		A		-60.56		170.26		56.54		93.12		-140.29		-67.16		-148.67		172.79		-152.46
22		A		-55.61		170.77		56.87		98.19		-137.05		-71.51		-145.24		-173.55		-146.99
23		G		-56.85		171.62		60.06		93.71		-142.91		-72.53		-151.97		176.81		-151.82
24		U		-59.36		179.92		59.77		92.05		-142.24		-66.99		-152.44		-179.94		-146.47
25		C		-64.63		174.12		57.27		86.02		-146.68		-69.13		-156.86		169.07		-142.47
26		C		-64.43		174.61		58.78		82.59		-147.77		-71.54		-156.28		170.77		-147.01
