No.	   Seq		 Alpha		 Beta		Gamma		Delta		 Epsilon	 Zeta		  Chi		  Eta		 Theta

0		G		-82.6		178.23		75.33		86.19		-141.66		-78.1		-163.59		171.21		-144.29
1		G		-71.22		176.44		61.77		85.2		-144.66		-82.39		-160.81		170.13		-144.18
2		A		-85.64		178.85		65.12		88.46		-142.74		-81.12		-162.09		170.97		-154.22
3		A		-69.17		173.38		57.4		88.88		-142.36		-75.11		-159.75		176.29		-132.4
4		U		-87.99		174.34		71.17		98.54		-133.7		-89.8		-151.82		-177.22		-150.72
5		A		-105.67		179.99		82.01		95.95		-133.25		-85.75		-154.21		177.3		-149.73
6		U		-83.6		175.1		61.86		94.34		-135.09		-76.34		-157.2		174.46		-133.32
7		G		-76.33		176.6		70.03		90.23		-140.57		-79.57		-160.06		177.7		-143.25
8		C		-77.84		176.54		58.09		88.72		-142.46		-78.35		-157.46		169.69		-139.58
9		U		-71.74		177.07		63.03		90.52		-137.95		-79.1		-153.15		174.11		-138.07
10		C		-97.79		177.88		74.66		88.41		-141.61		-79.56		-159.44		163.56		-146.04
11		A		-96.61		172.42		69.51		88.89		-142.57		-83.87		-162.17		166.41		-155.61
12		A		-72.98		176.65		68.68		89.2		-138.9		-83.23		-159.2		177.28		-147.09
13		C		-72.55		172.01		64.75		85.89		-140.79		-73.29		-161.74		170.9		-141.56
14		G		-82.24		178.41		76.79		93.92		-136.89		-83.21		-152.66		176.31		-141.13
15		A		-116.58		-178.84		86.3		100.79		-133.55		-87.91		-153.01		-178.49		-155.27
16		A		-86.91		176.84		83.69		101.78		-129.9		-101.58		-149.72		176.98		-155.12
17		A		-71.07		178.12		73.45		95.97		-135.65		-79.97		-158.4		179.65		-140.09
18		G		-73.94		172.08		68.82		90.93		-140.37		-75.14		-161.04		172.17		-130.95
19		U		-85.33		178.75		72.99		93.57		-139.7		-78.42		-156.59		175.91		-148.37
20		G		-89.6		-179.45		87.49		95.1		-135.92		-92.98		-149.08		-177.04		-156.42
21		A		-112.89		179.34		86.81		94.44		-139.19		-82.84		-160.13		179.09		-155.9
22		A		-65.15		172.78		61.9		101.41		-135.12		-87.12		-150.0		-175.85		-156.27
23		U		-72.91		-178.2		73.2		95.7		-133.15		-78.54		-153.07		176.95		-141.72
24		C		-81.72		175.88		62.77		86.97		-142.16		-81.02		-160.57		161.73		-138.77
25		A		-84.16		173.31		64.94		94.29		-140.25		-78.28		-156.96		177.72		-136.88
26		G		-79.38		-176.89		82.92		92.73		-139.42		-83.02		-159.91		-174.24		-146.13
27		C		-72.81		178.41		63.47		91.12		-141.29		-75.03		-156.2		178.18		-143.06
28		U		-71.1		172.79		65.89		98.11		-135.8		-81.28		-153.76		178.04		-133.68
29		U		-70.45		176.44		59.16		104.55		-131.66		-97.77		-145.65		-172.77		-140.55
30		C		-111.4		175.05		71.64		88.61		-140.37		-75.89		-164.41		154.77		-140.48
31		G		-77.19		-179.71		73.35		88.12		-143.54		-79.37		-160.91		173.49		-137.84
32		G		-102.34		-172.5		94.28		96.07		-136.28		-84.24		-159.56		-166.06		-148.48
33		C		-61.7		173.49		61.02		85.27		-142.5		-69.28		-162.73		177.02		-135.48
34		U		-80.24		179.29		64.8		101.78		-136.32		-84.17		-149.77		-177.55		-138.67
35		G		-82.09		177.76		64.13		95.82		-140.03		-89.81		-155.58		167.95		-150.8
36		A		-96.7		176.35		74.7		96.11		-135.17		-70.55		-155.48		173.89		-142.93
37		G		-78.19		171.92		69.88		87.06		-140.05		-81.34		-161.63		167.36		-146.24
38		A		-68.82		178.04		60.21		90.48		-142.93		-74.23		-158.83		173.64		-137.98
39		G		-75.58		173.63		64.11		91.0		-137.95		-79.11		-162.14		178.77		-135.15
40		C		-72.86		176.9		60.63		83.44		-144.66		-75.16		-160.76		167.42		-138.38
41		U		-74.1		179.71		63.94		86.68		-141.25		-79.31		-158.23		167.13		-144.22
42		A		-78.41		175.85		63.33		92.05		-138.54		-83.79		-152.72		174.28		-145.71
43		A		-83.45		175.67		72.31		86.74		-140.39		-75.23		-164.93		168.15		-141.63
44		G		-70.79		176.88		69.87		87.99		-142.22		-78.89		-160.94		169.44		-142.28
45		U		-76.05		179.47		64.21		87.28		-141.61		-76.19		-162.87		168.48		-135.06
46		U		-70.12		174.34		64.65		87.85		-143.68		-73.62		-158.96		169.43		-142.26
47		C		-75.82		174.44		64.34		81.45		-145.45		-78.85		-162.31		168.08		-144.18
48		C		-68.94		177.67		55.27		82.5		-147.61		-76.45		-161.15		172.35		-144.19
