No.	   Seq		 Alpha		 Beta		Gamma		Delta		 Epsilon	 Zeta		  Chi		  Eta		 Theta

0		G		-65.9		169.95		60.43		90.55		-144.04		-73.16		-158.11		177.84		-151.73
1		G		-64.66		167.31		57.71		87.64		-147.15		-71.15		-158.42		175.48		-143.41
2		G		-65.21		171.58		59.05		85.25		-147.14		-73.23		-160.55		176.86		-147.2
3		C		-62.12		169.36		52.73		86.15		-144.05		-70.53		-156.52		178.46		-141.89
4		U		-67.61		171.71		64.66		88.06		-143.93		-75.4		-152.5		172.72		-154.86
5		A		-75.16		173.97		66.57		95.59		-139.69		-84.37		-147.01		-179.35		-154.84
6		A		-64.19		172.85		63.41		96.3		-135.95		-66.28		-147.62		179.04		-146.36
7		U		-63.53		173.14		65.82		97.1		-134.44		-73.23		-146.98		177.92		-138.15
8		G		-71.81		-177.95		77.85		107.66		-127.66		-87.85		-142.17		-163.55		-157.53
9		U		-65.4		178.08		65.37		105.64		-130.66		-79.78		-143.75		-164.84		-146.93
10		U		-61.06		175.5		58.05		94.25		-138.51		-74.52		-147.93		-179.62		-151.8
11		G		-66.1		175.25		60.04		88.16		-143.24		-79.92		-154.88		173.28		-153.09
12		A		-76.86		173.73		73.11		97.07		-138.98		-73.47		-153.12		-165.99		-152.0
13		A		-67.98		173.07		73.82		93.44		-137.68		-79.3		-153.13		-173.06		-155.44
14		A		-63.54		174.33		67.9		96.04		-136.17		-76.07		-147.96		-174.53		-146.43
15		A		-69.83		172.29		68.28		98.56		-134.74		-80.66		-150.38		-176.23		-145.96
16		A		-58.79		172.99		59.74		103.13		-137.78		-74.16		-144.01		-174.55		-154.12
17		U		-58.83		171.48		55.41		98.74		-138.34		-74.99		-144.87		178.76		-152.39
18		U		-59.06		172.16		57.06		103.78		-139.1		-83.84		-141.11		-175.87		-160.93
19		A		-64.21		175.47		60.74		104.48		-140.19		-84.47		-145.75		-170.12		-158.37
20		G		-60.1		176.11		59.76		91.81		-147.25		-73.61		-152.78		178.93		-157.68
21		C		-64.08		178.76		64.02		88.84		-147.1		-74.56		-158.59		-179.58		-151.68
22		C		-60.53		172.98		58.88		89.33		-148.82		-69.98		-156.04		179.21		-157.0
23		C		-66.17		172.22		61.79		91.78		-145.18		-77.39		-153.8		-176.11		-160.17
