No.	   Seq		 Alpha		 Beta		Gamma		Delta		 Epsilon	 Zeta		  Chi		  Eta		 Theta

0		G		-77.86		175.62		69.97		92.22		-138.66		-79.52		-160.59		176.6		-143.64
1		G		-85.45		178.18		79.19		87.82		-140.54		-83.17		-163.09		173.43		-150.63
2		A		-78.55		178.72		73.51		90.61		-138.64		-84.89		-160.86		176.98		-147.62
3		A		-81.31		176.99		77.77		88.27		-139.54		-78.74		-163.3		176.02		-145.07
4		G		-77.36		177.6		66.53		88.83		-139.53		-82.18		-158.42		172.05		-142.22
5		A		-77.35		175.74		66.19		96.14		-134.61		-87.0		-153.54		-178.22		-146.4
6		A		-84.09		179.53		80.24		101.16		-132.27		-99.18		-151.94		-177.36		-160.22
7		A		-81.22		-178.79		74.46		103.97		-131.16		-89.86		-150.64		-167.04		-147.71
8		G		-87.39		176.32		73.29		94.97		-136.16		-81.32		-158.53		176.16		-141.48
9		G		-79.54		178.71		70.47		94.46		-139.19		-85.34		-155.64		179.18		-152.18
10		G		-72.74		176.33		65.67		89.16		-140.09		-81.55		-159.82		178.46		-147.35
11		C		-78.57		176.42		62.85		91.41		-139.45		-79.95		-160.34		179.24		-144.44
12		U		-76.43		176.98		68.49		96.26		-136.2		-82.12		-155.02		-177.89		-142.51
13		U		-77.51		179.7		60.89		91.51		-139.35		-87.7		-153.38		172.91		-147.44
14		C		-82.4		175.03		65.73		91.39		-139.56		-78.12		-159.2		174.32		-144.73
15		G		-79.93		177.47		67.43		88.99		-142.15		-78.11		-163.43		170.31		-144.0
16		G		-72.7		179.64		65.75		92.1		-140.66		-80.59		-155.86		179.12		-144.85
17		C		-89.71		176.26		68.65		91.16		-137.74		-78.33		-157.71		167.57		-141.76
18		C		-80.27		175.24		72.18		91.65		-139.05		-79.63		-156.77		174.35		-146.48
19		A		-78.29		-178.84		63.92		90.6		-139.01		-82.06		-156.89		173.68		-145.87
20		C		-70.76		172.16		62.61		91.87		-138.42		-74.91		-157.13		175.59		-140.6
21		U		-78.36		178.64		64.09		99.11		-132.25		-84.9		-149.71		177.16		-138.65
22		C		-90.71		-179.13		76.82		94.44		-136.02		-81.9		-155.55		174.57		-140.1
23		A		-85.83		176.7		67.13		95.19		-135.92		-81.07		-153.31		172.72		-143.46
24		A		-85.12		178.29		75.36		94.13		-137.74		-82.33		-156.96		170.62		-151.39
25		A		-71.52		176.7		68.04		90.48		-137.86		-79.9		-155.3		173.94		-141.22
26		C		-78.9		173.25		71.1		89.87		-139.75		-79.67		-157.78		169.98		-147.35
27		U		-74.02		174.78		71.8		97.21		-136.91		-84.48		-152.28		179.34		-155.86
28		A		-81.79		177.33		64.65		88.51		-140.95		-79.11		-160.63		169.79		-143.45
29		C		-72.43		171.96		62.36		90.06		-140.88		-78.5		-157.24		176.38		-148.53
30		A		-72.36		177.26		62.9		91.11		-138.91		-82.1		-157.55		179.53		-142.61
31		G		-67.94		175.23		66.35		90.62		-141.42		-81.23		-156.02		177.16		-153.96
32		A		-89.82		176.63		72.72		96.8		-135.75		-82.72		-152.87		172.9		-142.33
33		G		-72.21		174.2		70.24		97.54		-138.71		-91.12		-152.18		-176.54		-155.27
34		A		-76.14		179.4		73.35		90.81		-140.55		-81.49		-158.59		177.89		-146.85
35		C		-78.29		173.29		65.41		92.61		-141.36		-74.13		-158.52		-177.67		-143.49
36		G		-74.03		177.83		68.05		87.62		-143.17		-78.37		-159.41		177.38		-142.6
37		C		-72.89		176.91		59.96		91.34		-142.39		-78.39		-154.45		-178.29		-143.91
38		C		-76.24		178.07		65.76		93.3		-139.35		-84.03		-154.29		179.28		-151.25
39		A		-86.7		-175.22		83.58		99.78		-137.66		-80.64		-153.23		-174.24		-150.15
40		G		-78.11		178.02		74.56		93.75		-138.65		-77.16		-157.02		176.63		-144.99
41		U		-75.54		177.42		63.7		97.59		-135.86		-78.48		-148.24		176.7		-144.42
42		C		-83.32		177.53		71.91		96.04		-138.6		-81.08		-154.06		174.99		-144.23
43		A		-82.39		-179.26		68.2		95.28		-142.52		-81.7		-152.86		177.84		-151.49
44		C		-73.46		175.92		67.27		90.75		-141.15		-75.5		-158.49		178.07		-143.81
45		U		-72.97		177.34		63.5		90.34		-140.24		-77.48		-154.81		175.55		-147.59
46		C		-75.02		178.26		64.69		90.27		-140.04		-79.23		-157.76		175.51		-146.49
47		A		-71.33		173.93		58.58		92.92		-141.23		-75.89		-154.08		173.76		-139.87
48		G		-84.76		178.03		74.24		92.36		-139.41		-84.72		-157.04		171.16		-149.99
49		A		-71.06		174.49		66.86		93.93		-139.53		-75.29		-152.48		172.71		-140.97
50		U		-79.95		175.85		70.12		96.6		-136.07		-82.3		-153.53		175.14		-145.34
51		A		-68.64		173.71		58.6		95.26		-141.99		-79.09		-152.37		176.96		-145.52
52		U		-75.58		173.22		64.11		91.49		-139.67		-80.19		-155.93		169.9		-143.08
53		C		-70.1		175.23		62.54		89.1		-145.45		-77.81		-157.59		174.44		-148.06
54		C		-69.48		175.0		62.07		86.8		-142.71		-78.1		-159.31		174.71		-145.82
55		U		-68.71		178.06		62.17		90.44		-144.89		-78.22		-155.8		178.17		-148.54
56		G		-77.74		177.18		68.04		89.58		-140.95		-83.07		-158.67		173.89		-143.29
57		G		-71.61		176.26		67.72		92.44		-142.64		-77.45		-156.08		177.97		-146.09
58		U		-78.36		176.14		69.94		90.31		-140.52		-82.58		-157.18		171.69		-145.92
