No.	   Seq		 Alpha		 Beta		Gamma		Delta		 Epsilon	 Zeta		  Chi		  Eta		 Theta

0		G		-71.48		173.49		62.87		92.94		-143.32		-76.66		-154.14		177.32		-149.35
1		G		-70.6		174.94		61.31		95.58		-140.51		-77.21		-150.4		-174.82		-152.85
2		U		-66.67		174.72		60.94		92.25		-141.76		-80.6		-152.8		179.79		-149.9
3		U		-68.07		174.02		56.65		94.95		-137.77		-75.72		-148.23		-177.51		-143.74
4		U		-69.11		175.61		59.49		94.5		-139.12		-80.34		-151.01		178.47		-141.97
5		C		-68.33		176.7		57.61		94.31		-139.54		-75.82		-146.98		-176.86		-147.2
6		U		-65.2		175.12		59.08		93.76		-140.37		-79.39		-150.52		-178.02		-145.27
7		U		-66.68		172.42		56.89		96.57		-137.8		-71.89		-145.44		-173.46		-142.06
8		U		-68.65		177.14		65.05		96.6		-137.52		-78.82		-149.78		-178.63		-146.2
9		U		-65.51		177.15		57.38		96.52		-136.23		-72.14		-145.03		-177.1		-150.65
10		U		-66.58		176.09		62.11		95.34		-138.24		-83.59		-150.02		176.95		-153.84
11		A		-65.05		177.72		58.92		97.98		-136.09		-74.09		-146.48		-171.25		-148.81
12		G		-65.22		177.32		64.33		95.26		-139.12		-78.58		-153.33		-174.42		-143.99
13		U		-62.96		176.85		56.3		95.75		-139.86		-70.71		-147.14		-170.67		-145.79
14		G		-70.95		176.88		65.76		95.05		-139.68		-82.81		-153.36		-175.78		-148.05
15		A		-64.94		175.77		57.96		96.81		-139.82		-70.58		-149.25		-166.41		-143.97
16		U		-67.11		175.58		64.41		96.95		-138.67		-80.0		-149.4		-178.89		-150.64
17		U		-63.43		177.14		57.61		102.19		-134.97		-77.93		-140.39		-172.19		-150.54
18		U		-70.23		176.77		63.38		101.14		-134.36		-81.33		-148.58		-177.5		-146.54
19		U		-62.26		178.43		56.8		101.47		-137.25		-70.79		-144.92		-168.8		-148.5
20		U		-66.65		-179.17		58.71		98.09		-138.42		-81.43		-148.4		-178.51		-148.69
21		C		-64.25		-179.6		54.15		96.7		-143.66		-70.46		-146.18		-178.64		-151.63
22		C		-69.16		177.48		61.43		94.05		-140.86		-77.79		-151.53		-179.24		-150.96
23		A		-64.4		179.88		54.91		96.57		-145.23		-74.16		-145.12		-176.44		-158.43
24		A		-71.83		174.58		63.2		93.49		-139.78		-80.11		-152.36		174.52		-150.48
25		A		-62.84		174.17		54.96		95.3		-142.11		-67.66		-149.22		179.62		-141.0
26		C		-69.38		175.36		60.16		91.9		-141.29		-75.45		-153.33		174.09		-141.13
27		C		-66.75		177.5		54.06		91.73		-146.68		-70.98		-149.91		179.22		-145.11
28		C		-68.27		175.44		59.77		92.21		-141.1		-78.87		-153.03		179.2		-148.39
29		C		-63.15		179.69		58.55		94.62		-144.16		-74.12		-147.75		-175.84		-151.22
30		U		-68.6		175.29		62.07		97.36		-138.37		-81.62		-148.52		-178.85		-151.92
31		U		-64.55		178.76		58.77		102.46		-138.79		-74.94		-140.74		-178.72		-159.35
32		U		-71.86		175.81		69.65		98.19		-136.73		-81.43		-150.43		178.24		-151.86
33		G		-65.38		177.85		61.59		100.35		-140.49		-77.93		-145.17		-177.07		-157.31
34		U		-69.8		176.6		63.58		96.93		-139.17		-81.63		-150.89		-179.47		-151.14
35		G		-63.45		178.43		58.75		95.98		-142.47		-71.28		-148.56		-176.13		-154.3
36		C		-73.81		175.87		63.66		92.44		-140.69		-78.06		-153.43		176.24		-147.94
37		A		-66.95		175.46		59.44		94.94		-143.58		-75.0		-148.75		-178.9		-149.66
38		A		-74.6		176.02		65.82		97.08		-136.87		-86.23		-149.22		-179.53		-150.52
39		A		-67.04		174.6		63.68		96.81		-139.62		-71.33		-148.04		178.52		-147.28
40		A		-73.49		174.75		70.1		94.97		-138.32		-82.09		-153.02		177.18		-144.38
41		A		-65.26		174.59		59.11		97.96		-140.29		-73.72		-147.0		177.63		-145.29
42		U		-71.13		176.18		63.79		95.47		-138.36		-80.49		-151.93		178.74		-145.13
43		C		-64.66		177.07		58.8		96.66		-142.44		-78.4		-145.96		179.8		-150.36
44		A		-70.61		178.13		65.58		93.89		-140.53		-82.36		-152.57		178.32		-148.22
45		U		-64.48		177.73		62.59		97.26		-139.25		-76.59		-146.77		-179.7		-151.78
46		U		-70.97		176.38		66.14		93.9		-139.75		-80.13		-154.67		176.94		-147.02
47		A		-66.1		176.59		62.36		96.49		-142.18		-75.4		-148.33		178.71		-146.6
