No.	   Seq		 Alpha		 Beta		Gamma		Delta		 Epsilon	 Zeta		  Chi		  Eta		 Theta

0		G		-93.36		177.99		85.66		86.48		-143.41		-78.93		-166.4		170.41		-144.11
1		G		-78.49		175.15		68.93		90.14		-144.32		-72.29		-159.38		176.77		-141.14
2		G		-77.62		179.08		66.68		85.02		-145.1		-81.81		-160.51		170.02		-147.79
3		C		-77.33		-179.97		67.6		92.6		-141.02		-76.98		-156.87		172.8		-145.98
4		G		-86.57		178.77		78.42		91.05		-143.87		-83.52		-163.51		175.09		-157.38
5		A		-75.98		-179.17		67.98		94.29		-143.5		-77.16		-155.39		-177.02		-149.09
6		G		-79.87		179.4		70.27		93.09		-135.73		-83.15		-154.93		177.63		-139.38
7		G		-87.78		179.71		70.47		97.14		-134.67		-78.56		-151.97		177.14		-135.5
8		G		-91.96		177.31		74.8		100.84		-135.79		-88.78		-152.69		-169.22		-148.42
9		U		-84.12		178.65		65.53		105.93		-131.65		-91.37		-142.0		-159.61		-149.85
10		C		-117.31		-179.4		78.03		102.31		-131.83		-86.12		-147.16		177.49		-144.62
11		U		-77.49		176.55		61.72		95.5		-137.95		-76.19		-145.03		-176.07		-133.9
12		C		-118.65		179.4		86.97		91.54		-139.43		-88.63		-155.91		173.93		-161.12
13		C		-87.7		178.17		74.65		96.37		-137.33		-77.13		-149.75		-169.08		-153.5
14		U		-97.51		-177.97		74.59		91.59		-138.4		-86.67		-153.49		173.6		-142.77
15		C		-70.05		178.8		64.98		97.66		-138.37		-83.14		-141.62		-176.92		-140.78
16		U		-108.47		176.47		76.42		91.61		-137.26		-82.18		-155.13		163.55		-141.87
17		G		-88.8		-179.82		82.9		94.49		-139.72		-82.59		-154.23		174.49		-154.77
18		A		-126.86		177.03		77.11		94.36		-136.5		-80.16		-157.0		163.13		-142.16
19		G		-72.99		175.13		77.5		94.14		-140.51		-77.26		-152.97		-177.94		-151.95
20		U		-108.19		-179.02		84.96		93.65		-133.08		-78.58		-154.43		171.92		-135.28
21		G		-95.87		176.77		82.79		88.56		-143.86		-70.63		-163.25		165.36		-146.35
22		A		-101.4		-179.42		79.08		97.18		-132.72		-86.99		-153.74		178.4		-148.89
23		U		-64.18		177.06		64.69		91.2		-138.47		-72.83		-156.11		175.14		-147.17
24		U		-94.46		178.13		71.06		90.71		-136.46		-80.0		-153.26		165.79		-138.19
25		G		-105.95		178.78		72.33		91.82		-143.67		-72.19		-155.53		158.35		-144.21
26		A		-89.9		-177.2		79.85		82.7		-144.31		-79.29		-162.82		164.64		-153.08
27		C		-67.96		-179.94		64.01		86.77		-142.9		-78.78		-155.28		177.46		-153.77
28		U		-87.71		177.96		75.36		87.79		-141.12		-81.48		-158.03		169.14		-147.22
29		A		-90.17		179.83		72.22		98.77		-137.01		-79.17		-150.55		-177.92		-140.39
30		C		-104.51		177.2		75.36		85.18		-139.17		-77.16		-163.66		162.87		-147.36
31		C		-72.58		-178.46		58.46		96.23		-135.72		-80.84		-149.28		-177.79		-134.67
32		C		-96.82		-179.7		73.34		97.42		-134.92		-86.02		-155.11		-166.86		-147.12
33		G		-73.08		-177.97		72.12		101.86		-136.71		-86.22		-144.76		-168.78		-152.25
34		U		-93.0		179.16		70.73		99.19		-130.61		-88.48		-149.54		179.98		-146.81
35		C		-77.75		175.31		66.86		93.14		-141.28		-87.69		-150.15		164.51		-152.37
36		A		-83.23		177.67		70.97		92.28		-138.26		-78.88		-157.54		-174.34		-143.48
37		G		-71.42		176.33		68.77		85.75		-147.36		-77.0		-159.08		174.22		-153.5
38		C		-68.89		175.1		56.71		82.18		-147.05		-71.74		-162.5		173.14		-142.4
39		G		-67.84		176.5		61.22		90.16		-144.08		-76.34		-154.61		174.95		-151.2
40		G		-74.73		172.97		62.65		87.26		-145.13		-77.61		-162.79		176.59		-152.89
41		G		-66.94		176.79		66.28		85.44		-147.65		-72.77		-162.18		176.43		-150.65
42		G		-78.13		172.62		67.99		85.34		-141.5		-76.64		-164.65		172.25		-138.59
43		G		-85.65		177.06		75.7		92.59		-135.41		-71.5		-157.61		177.57		-136.97
44		U		-81.39		172.7		70.49		90.62		-137.86		-79.43		-157.44		176.99		-146.76
45		C		-77.81		179.52		61.94		93.54		-140.24		-82.17		-150.05		176.33		-144.59
46		U		-75.14		173.21		61.21		88.83		-137.67		-76.39		-158.21		175.5		-133.71
47		U		-69.01		173.29		59.68		96.43		-131.21		-79.62		-146.54		-178.65		-136.56
48		U		-81.26		179.41		62.31		91.89		-136.06		-76.15		-152.43		168.13		-134.21
49		C		-82.88		-176.83		61.06		93.19		-138.97		-86.24		-149.51		165.73		-141.03
50		A		-77.4		-179.6		73.34		90.12		-135.49		-77.46		-159.99		173.02		-129.67
51		U		-65.42		178.76		71.04		99.47		-132.11		-89.4		-143.34		178.98		-144.2
52		U		-66.51		174.99		59.05		90.91		-139.4		-75.47		-154.73		169.89		-136.28
53		U		-67.53		175.96		55.67		94.47		-137.06		-77.02		-153.17		170.33		-132.35
54		G		-76.51		177.17		68.97		86.0		-141.38		-81.31		-163.49		169.99		-147.56
55		G		-72.5		179.26		68.03		87.56		-141.35		-79.0		-160.01		171.81		-148.2
56		G		-71.32		-179.98		65.33		84.0		-145.5		-80.56		-164.42		173.2		-146.52
57		G		-70.58		177.61		67.5		85.94		-141.38		-78.31		-164.33		176.75		-140.02
58		G		-80.16		179.5		76.07		84.32		-144.45		-83.81		-162.83		173.87		-150.59
59		C		-72.94		175.75		57.96		84.7		-144.88		-79.8		-157.72		169.3		-148.14
60		U		-66.97		176.5		60.59		86.5		-143.54		-78.8		-157.48		178.13		-144.25
61		C		-75.33		178.17		61.7		86.97		-142.7		-81.99		-156.71		175.69		-153.7
62		G		-75.9		-177.77		73.12		89.18		-140.93		-79.38		-160.67		178.65		-153.5
63		U		-69.02		-179.1		61.56		88.7		-139.76		-79.58		-155.37		171.78		-146.76
64		G		-70.53		179.12		66.03		89.42		-137.7		-79.0		-158.09		174.19		-141.24
65		C		-78.82		175.48		68.84		87.18		-139.06		-80.72		-159.05		170.43		-140.16
66		C		-87.31		-174.39		81.1		94.95		-136.41		-85.11		-153.9		177.13		-151.43
67		C		-85.57		179.21		67.94		91.78		-135.59		-82.21		-156.72		179.54		-143.88
