No.	   Seq		 Alpha		 Beta		Gamma		Delta		 Epsilon	 Zeta		  Chi		  Eta		 Theta

0		G		-93.42		177.24		76.41		93.12		-136.42		-81.87		-158.75		175.33		-149.28
1		G		-90.75		178.72		75.34		87.95		-140.27		-78.11		-162.83		168.68		-141.31
2		A		-80.76		179.94		69.95		88.1		-142.9		-76.39		-160.9		170.75		-140.36
3		C		-84.82		-179.18		73.49		85.54		-143.05		-78.55		-164.11		169.1		-144.97
4		C		-79.44		175.02		62.69		86.21		-143.09		-79.75		-160.03		169.56		-143.65
5		U		-79.74		178.68		65.26		85.9		-142.79		-75.43		-162.32		167.87		-138.95
6		C		-86.08		-179.04		70.41		88.64		-142.54		-78.03		-160.28		169.14		-142.88
7		C		-92.75		-178.84		79.77		84.65		-142.46		-77.62		-165.41		167.18		-149.7
8		C		-81.33		177.44		68.52		86.13		-141.98		-81.01		-161.43		170.8		-142.94
9		G		-85.56		178.52		72.91		88.81		-139.85		-76.83		-163.18		171.86		-140.32
10		U		-84.47		178.32		69.49		91.05		-139.05		-77.36		-157.87		170.19		-135.87
11		C		-97.48		179.21		74.83		85.05		-141.52		-78.31		-165.3		163.63		-142.55
12		C		-85.62		179.56		72.52		90.62		-137.93		-83.37		-157.65		173.23		-144.45
13		U		-80.31		177.54		65.33		89.83		-140.58		-80.87		-156.57		172.98		-149.32
14		U		-79.3		178.51		67.91		94.51		-138.31		-85.34		-153.22		175.39		-147.99
15		G		-96.03		176.2		71.3		90.83		-138.44		-76.88		-161.75		167.89		-140.13
16		G		-103.5		179.45		81.23		92.01		-136.26		-83.09		-159.19		169.35		-144.09
17		A		-83.92		-179.61		71.47		92.35		-135.93		-79.57		-156.72		174.78		-140.02
18		C		-92.87		177.42		76.6		91.41		-137.95		-81.42		-159.06		170.38		-146.31
19		G		-93.05		178.07		79.09		90.03		-139.56		-82.21		-162.11		175.56		-145.99
20		G		-81.0		175.46		67.43		90.74		-140.05		-77.72		-158.39		176.63		-145.95
21		U		-77.01		178.43		69.77		89.23		-138.75		-78.76		-157.29		171.67		-143.18
22		C		-85.46		177.6		72.47		89.3		-138.72		-78.67		-158.75		169.05		-143.79
23		G		-92.23		175.84		81.0		84.8		-141.89		-79.56		-168.17		164.17		-145.37
24		A		-81.83		178.06		72.18		91.18		-138.79		-80.25		-159.11		178.25		-147.49
25		G		-71.1		179.24		68.06		81.43		-142.51		-77.51		-163.14		167.43		-142.47
26		C		-79.28		176.12		65.5		85.08		-139.83		-74.47		-160.55		168.36		-133.09
27		G		-94.42		176.2		80.02		88.59		-139.58		-84.72		-160.71		168.66		-149.65
28		A		-89.72		179.6		74.95		92.58		-138.82		-83.08		-155.6		-179.65		-153.35
29		A		-85.46		179.54		71.41		85.9		-140.54		-77.06		-161.96		168.27		-145.42
30		A		-85.36		175.08		73.28		90.99		-136.64		-73.54		-158.14		168.79		-131.37
31		G		-90.45		179.48		83.01		86.22		-139.33		-77.63		-163.25		165.5		-141.46
32		C		-74.16		176.77		65.76		86.92		-142.08		-76.29		-159.76		172.39		-146.11
33		U		-71.57		176.69		62.87		86.99		-140.9		-76.19		-161.74		171.18		-140.09
34		U		-73.39		175.89		61.81		90.25		-140.59		-81.23		-155.71		174.11		-143.52
35		G		-94.16		-179.82		73.84		85.9		-140.86		-76.34		-162.99		164.68		-144.68
36		U		-76.72		177.73		66.93		86.42		-141.82		-75.46		-160.92		169.28		-142.35
37		G		-81.91		178.65		73.29		86.29		-141.53		-83.21		-162.94		168.55		-149.96
38		A		-77.41		176.82		69.59		89.74		-138.71		-77.37		-161.59		179.03		-144.1
39		U		-79.87		178.79		70.29		87.85		-140.25		-78.77		-160.37		168.6		-145.72
40		U		-70.11		179.13		62.08		88.32		-140.66		-77.01		-158.43		173.14		-139.52
41		G		-79.22		174.53		64.46		86.04		-141.04		-75.92		-162.34		165.91		-140.22
42		G		-74.95		175.81		63.83		86.54		-143.42		-77.4		-162.78		171.91		-144.33
43		U		-75.98		-178.27		69.48		87.91		-142.43		-79.03		-159.94		171.54		-144.5
44		C		-76.42		178.34		63.94		87.61		-142.09		-77.47		-160.31		173.16		-141.12
45		C		-92.99		177.72		76.76		87.51		-139.75		-78.25		-162.4		168.92		-143.82
46		G		-73.28		176.55		64.61		87.9		-139.79		-82.72		-158.52		174.85		-147.5
