No.	   Seq		 Alpha		 Beta		Gamma		Delta		 Epsilon	 Zeta		  Chi		  Eta		 Theta

0		G		-73.54		174.17		66.46		89.6		-142.13		-76.43		-161.36		175.65		-140.99
1		G		-84.38		175.61		74.27		89.82		-139.23		-80.98		-163.28		174.01		-144.42
2		A		-81.29		178.15		76.33		86.67		-142.57		-77.8		-164.3		173.98		-147.69
3		U		-83.29		177.18		71.9		89.31		-139.89		-82.97		-158.08		171.79		-148.15
4		U		-69.51		174.97		55.46		86.46		-143.97		-79.26		-158.74		171.01		-142.63
5		U		-77.19		176.46		61.99		87.66		-140.06		-73.56		-162.53		169.43		-136.78
6		G		-75.99		176.83		58.88		87.76		-143.25		-76.27		-159.57		165.6		-143.79
7		C		-79.25		179.77		64.51		93.86		-139.21		-81.64		-157.53		177.71		-155.2
8		A		-70.33		179.42		64.63		89.94		-137.74		-80.5		-160.93		178.4		-139.02
9		G		-92.12		177.22		71.15		87.81		-140.16		-77.22		-164.03		168.28		-139.39
10		G		-77.22		175.36		62.0		83.23		-144.1		-74.3		-165.23		163.65		-134.55
11		C		-78.46		176.56		64.67		82.35		-145.39		-77.76		-164.56		168.47		-146.6
12		C		-73.76		177.04		62.2		88.89		-140.52		-79.65		-155.26		175.11		-142.85
13		U		-94.47		174.92		72.0		92.79		-137.92		-82.0		-157.8		170.71		-141.4
14		A		-85.8		179.51		68.8		95.22		-135.89		-81.29		-156.73		172.8		-138.88
15		C		-93.44		178.35		68.18		86.85		-139.11		-75.89		-163.09		159.93		-140.75
16		C		-72.24		178.14		63.64		89.22		-138.5		-81.76		-157.15		172.52		-145.21
17		A		-87.39		179.43		73.39		100.88		-133.76		-92.22		-147.31		-176.79		-147.25
18		G		-89.77		179.07		85.99		99.13		-133.42		-88.12		-149.67		-179.4		-149.03
19		A		-108.39		177.88		79.44		98.26		-132.65		-82.99		-153.21		174.99		-141.04
20		A		-84.16		176.43		77.07		91.04		-139.16		-80.22		-160.45		169.76		-153.1
21		A		-72.49		175.36		71.64		88.98		-139.41		-77.78		-158.94		176.66		-144.57
22		C		-71.66		171.17		63.6		82.25		-145.33		-73.44		-163.72		166.74		-142.84
23		G		-73.01		173.16		66.51		82.44		-144.63		-76.56		-163.76		170.87		-137.5
24		G		-80.18		178.12		72.24		90.18		-139.01		-82.64		-158.75		177.05		-153.81
25		A		-74.81		174.3		70.27		89.02		-140.09		-76.55		-160.15		174.79		-146.44
26		U		-72.64		175.64		71.26		92.11		-138.27		-82.49		-156.17		173.96		-143.9
27		G		-78.19		177.09		73.38		91.8		-140.6		-84.5		-158.14		172.86		-144.87
28		G		-98.61		179.05		77.35		92.72		-138.93		-80.96		-159.11		179.1		-153.23
29		G		-79.06		179.07		78.93		88.57		-142.43		-83.69		-160.85		178.49		-155.44
30		A		-73.64		179.38		71.07		92.05		-138.76		-78.95		-157.24		-176.48		-143.47
31		G		-78.6		173.97		72.8		91.72		-138.74		-77.16		-160.76		-178.36		-141.65
32		U		-74.83		178.51		65.41		93.83		-137.89		-77.47		-156.16		174.43		-140.68
33		G		-89.1		-175.78		73.35		91.39		-139.71		-76.37		-160.39		174.55		-140.18
34		C		-83.44		175.95		62.78		87.77		-141.25		-78.98		-159.42		167.41		-139.78
35		A		-89.82		179.51		78.25		92.37		-138.31		-77.37		-160.2		177.87		-142.94
36		G		-82.85		177.13		70.51		92.62		-138.81		-82.64		-157.07		175.07		-145.02
37		A		-84.92		-179.61		65.54		94.29		-138.12		-77.36		-156.9		175.46		-138.31
38		U		-86.21		178.74		72.15		93.55		-136.47		-81.52		-156.38		168.83		-140.03
