No.	   Seq		 Alpha		 Beta		Gamma		Delta		 Epsilon	 Zeta		  Chi		  Eta		 Theta

0		G		-72.23		175.14		65.41		93.73		-140.85		-75.29		-153.91		-179.11		-147.84
1		G		-70.32		172.57		63.09		90.19		-144.41		-74.8		-154.59		177.32		-150.19
2		A		-71.1		175.01		62.99		92.51		-141.43		-77.84		-154.53		177.82		-150.19
3		A		-68.56		172.03		61.91		92.1		-140.96		-74.12		-154.08		179.96		-146.06
4		U		-68.18		173.51		60.63		95.69		-137.9		-78.55		-149.02		-179.2		-151.51
5		A		-66.5		174.24		60.14		96.57		-138.41		-77.69		-146.55		-175.65		-144.39
6		U		-71.99		174.67		63.72		102.01		-133.51		-80.28		-147.03		-174.4		-152.96
7		U		-62.73		172.82		62.94		97.73		-136.99		-77.04		-146.51		-173.88		-145.6
8		U		-67.11		174.94		61.47		98.95		-135.02		-81.34		-146.07		-172.11		-152.68
9		U		-65.49		174.91		63.44		98.76		-136.95		-80.45		-146.52		-177.7		-150.24
10		U		-67.74		175.03		61.34		94.91		-137.52		-77.76		-149.86		-179.73		-149.86
11		G		-66.36		176.86		65.03		91.98		-143.62		-77.79		-154.91		179.95		-149.35
12		C		-68.39		173.09		61.66		91.36		-142.95		-76.9		-154.19		-177.72		-150.66
13		U		-63.3		176.23		64.59		92.95		-142.39		-79.12		-153.41		-173.64		-157.22
14		G		-66.24		172.58		59.18		91.79		-140.85		-75.87		-152.58		-176.96		-143.45
15		U		-67.95		172.23		59.79		95.35		-142.8		-76.94		-151.43		-179.44		-153.13
16		A		-65.85		175.2		61.2		99.28		-136.33		-78.85		-145.75		-175.61		-145.35
17		C		-64.6		176.07		63.25		94.16		-140.25		-75.02		-152.23		-176.94		-151.37
18		U		-63.0		174.38		58.86		102.46		-134.28		-80.01		-143.49		-173.35		-145.07
19		U		-63.94		177.4		58.59		99.48		-138.11		-80.01		-147.0		-174.6		-150.66
20		U		-64.77		177.48		58.91		98.0		-136.54		-78.73		-146.76		-178.21		-147.75
21		C		-65.04		174.12		56.97		94.45		-141.26		-70.26		-150.51		179.38		-149.46
22		U		-63.61		175.65		59.97		94.02		-141.1		-80.12		-148.08		179.88		-153.69
23		A		-66.86		176.52		60.3		99.22		-137.59		-72.68		-145.36		-176.31		-156.04
24		U		-67.99		171.29		65.92		92.15		-139.65		-74.78		-153.85		173.05		-152.0
25		A		-65.06		176.01		62.11		95.7		-139.75		-75.33		-151.12		178.85		-146.86
26		G		-65.47		172.89		61.56		88.91		-141.85		-73.04		-156.6		172.49		-145.78
27		U		-67.61		173.52		59.08		93.97		-140.87		-73.15		-149.19		177.18		-142.79
28		G		-70.04		173.23		63.35		91.9		-142.57		-79.49		-152.8		177.88		-152.19
29		A		-68.37		174.67		61.76		93.85		-141.13		-80.31		-150.39		178.47		-150.51
30		A		-66.07		172.86		60.51		97.13		-136.82		-75.81		-150.59		-176.11		-149.63
31		U		-66.02		174.4		64.04		93.76		-139.28		-81.99		-149.37		174.58		-150.1
32		A		-68.49		174.91		63.81		97.76		-136.59		-78.41		-148.4		-176.24		-147.39
33		G		-66.95		173.95		62.09		97.78		-136.66		-82.71		-147.91		-176.99		-150.11
34		A		-66.48		179.12		66.41		99.04		-137.14		-78.08		-147.62		-173.03		-147.64
35		G		-66.26		178.76		63.42		100.43		-134.88		-82.23		-145.75		-176.41		-148.0
36		U		-67.07		176.86		65.44		97.85		-137.86		-76.65		-148.66		-178.11		-146.16
37		U		-66.68		173.67		63.47		98.92		-136.56		-81.69		-148.1		-177.24		-151.05
38		A		-71.52		177.3		66.61		96.81		-140.85		-80.34		-149.59		-178.5		-152.77
39		G		-70.12		175.6		65.57		93.36		-140.36		-78.08		-155.27		-179.84		-145.37
40		G		-67.06		175.53		65.2		94.27		-140.31		-77.89		-151.86		-177.97		-149.36
41		C		-71.16		176.88		67.11		92.95		-140.5		-80.2		-154.57		179.03		-148.37
42		A		-67.45		175.84		61.9		95.27		-141.68		-78.68		-151.91		-178.37		-149.24
43		G		-70.86		176.69		62.46		94.69		-139.22		-83.99		-152.64		178.29		-149.05
44		G		-68.51		175.1		64.12		93.76		-140.55		-75.85		-152.51		178.29		-146.5
45		G		-73.58		175.93		64.35		94.38		-139.35		-83.5		-153.79		177.05		-145.55
46		A		-65.5		174.87		58.28		98.18		-138.48		-73.92		-149.54		-177.61		-145.59
47		U		-71.86		174.18		62.98		97.55		-136.83		-84.11		-151.16		179.24		-144.51
48		A		-69.84		178.13		61.01		100.39		-137.09		-81.12		-147.2		-179.2		-148.39
49		U		-70.61		175.38		62.16		96.17		-137.32		-81.05		-152.09		175.98		-141.66
50		U		-67.97		177.72		63.44		96.61		-138.59		-80.47		-149.83		178.39		-151.2
51		C		-73.02		174.04		64.56		92.3		-139.73		-81.1		-156.81		175.25		-145.14
52		C		-69.84		178.16		63.4		93.55		-142.1		-80.25		-152.85		177.6		-149.71
