No.	   Seq		 Alpha		 Beta		Gamma		Delta		 Epsilon	 Zeta		  Chi		  Eta		 Theta

0		G		-80.52		177.25		73.1		89.42		-139.19		-81.74		-160.94		174.68		-144.12
1		G		-69.46		174.71		59.94		92.72		-138.41		-71.56		-153.11		-178.11		-144.82
2		A		-85.23		177.55		72.3		89.46		-140.14		-81.48		-160.64		171.65		-145.02
3		A		-72.58		175.46		61.85		94.52		-139.44		-75.4		-149.37		-178.36		-147.33
4		U		-82.4		177.93		72.15		90.59		-138.94		-84.0		-158.57		173.03		-145.93
5		U		-64.79		173.39		55.65		92.79		-140.5		-71.27		-147.91		-178.23		-142.09
6		U		-89.24		178.52		72.24		92.18		-138.35		-83.46		-158.61		170.99		-147.09
7		A		-65.31		176.59		56.82		98.62		-136.61		-74.97		-145.59		-171.14		-149.7
8		U		-82.3		178.83		68.93		93.96		-136.11		-82.96		-155.4		174.59		-143.29
9		G		-64.06		176.3		60.63		95.74		-139.51		-76.95		-147.11		179.27		-145.67
10		A		-89.3		178.46		74.54		94.24		-136.49		-84.51		-158.09		177.3		-145.55
11		G		-59.55		174.88		59.29		93.63		-140.03		-76.94		-150.3		-176.48		-151.49
12		U		-87.99		176.94		73.75		93.99		-136.53		-85.12		-155.98		176.35		-145.82
13		A		-68.97		174.66		59.89		99.9		-140.28		-76.82		-144.43		-173.57		-149.61
14		C		-86.14		178.36		77.76		90.68		-139.09		-81.26		-158.67		174.8		-145.0
15		C		-63.19		175.13		57.55		93.56		-142.17		-74.08		-151.36		-178.24		-151.04
16		U		-77.6		176.52		68.55		94.76		-137.22		-85.68		-155.58		177.09		-146.43
17		U		-61.9		179.64		60.73		98.25		-141.75		-73.08		-145.95		-173.89		-154.37
18		C		-81.98		176.63		69.47		92.93		-138.51		-81.81		-156.46		173.72		-145.47
19		G		-69.32		-178.55		66.44		94.51		-143.99		-73.53		-150.69		-179.28		-153.79
20		G		-83.72		178.45		79.69		94.07		-137.56		-87.47		-156.51		179.42		-150.77
21		A		-63.95		177.25		61.17		96.73		-141.74		-68.34		-149.93		-173.43		-159.62
22		U		-79.39		174.52		73.3		91.67		-138.47		-81.31		-158.34		173.41		-142.63
23		A		-68.39		178.13		58.84		97.38		-141.91		-69.66		-148.23		179.24		-150.94
24		C		-79.89		175.55		68.06		88.28		-139.12		-77.28		-160.16		171.24		-141.8
25		U		-63.09		176.28		58.25		94.45		-143.44		-71.31		-148.6		-178.64		-147.85
26		U		-77.61		176.95		66.34		91.59		-138.67		-83.84		-157.57		173.19		-144.91
27		A		-64.67		175.58		59.07		99.2		-140.52		-70.22		-145.48		-177.98		-151.06
28		U		-83.51		177.11		72.8		90.04		-138.51		-81.97		-158.91		169.44		-145.45
29		A		-65.28		177.99		58.53		95.92		-143.64		-74.7		-147.21		175.63		-151.34
30		G		-81.31		175.46		71.66		89.54		-138.9		-83.44		-160.19		173.98		-145.08
31		A		-63.18		175.18		59.53		93.96		-145.7		-71.78		-151.63		179.42		-153.14
32		U		-74.23		176.32		67.75		87.65		-140.93		-78.89		-161.14		172.75		-143.86
33		U		-64.58		176.01		55.43		94.64		-144.32		-71.12		-149.05		175.06		-143.69
34		C		-83.34		177.05		69.41		89.66		-139.93		-79.43		-160.73		172.63		-141.73
35		C		-64.82		176.41		59.03		91.27		-145.6		-74.25		-151.48		177.94		-148.52
