No.	   Seq		 Alpha		 Beta		Gamma		Delta		 Epsilon	 Zeta		  Chi		  Eta		 Theta

0		G		-77.96		176.28		71.65		90.48		-139.56		-78.98		-159.67		176.26		-145.23
1		G		-68.7		175.29		62.69		91.91		-141.77		-78.45		-152.81		-179.92		-149.0
2		A		-83.69		177.61		73.58		92.73		-138.93		-83.91		-158.34		176.36		-150.39
3		A		-71.15		174.69		63.78		94.57		-138.73		-76.1		-151.33		-178.94		-146.49
4		U		-73.66		175.65		64.41		92.22		-138.88		-81.9		-154.9		177.52		-147.88
5		U		-65.58		173.16		54.84		97.56		-136.63		-76.13		-146.1		-175.27		-146.31
6		U		-82.29		175.79		67.6		97.4		-135.38		-85.21		-152.85		177.46		-151.58
7		A		-66.6		177.12		58.26		97.72		-135.78		-79.21		-145.67		-168.67		-152.25
8		U		-73.54		174.63		63.54		96.04		-136.92		-83.49		-151.65		-179.08		-146.65
9		G		-68.05		177.77		61.92		98.13		-136.06		-82.75		-146.14		-177.96		-158.67
10		A		-78.33		176.1		66.05		95.42		-136.56		-82.91		-153.92		-177.55		-142.18
11		G		-65.86		172.9		58.83		94.75		-138.33		-79.96		-150.14		-177.54		-156.97
12		U		-71.55		174.58		61.83		97.5		-137.28		-84.86		-149.25		-177.44		-148.91
13		A		-70.83		174.5		55.98		97.56		-136.68		-75.79		-146.74		-172.02		-147.65
14		C		-78.37		175.64		69.22		94.09		-139.77		-82.24		-154.45		177.88		-149.8
15		G		-63.14		175.51		54.51		97.38		-136.86		-78.3		-148.09		-168.36		-157.29
16		U		-71.54		175.12		64.1		95.99		-136.53		-85.23		-151.49		-177.91		-148.78
17		A		-72.68		174.68		56.83		104.34		-132.41		-73.29		-142.34		-165.28		-146.83
18		G		-76.92		177.66		72.16		97.44		-137.26		-88.19		-150.46		178.9		-152.09
19		A		-70.93		179.02		57.37		100.57		-135.54		-75.82		-145.67		-169.88		-151.37
20		G		-75.78		173.29		69.17		96.34		-138.24		-80.69		-153.02		-179.2		-148.85
21		U		-70.11		179.26		55.09		101.9		-136.34		-76.42		-143.45		-168.59		-156.91
22		A		-72.24		175.81		64.58		94.11		-139.09		-78.39		-153.86		179.92		-145.78
23		U		-75.77		174.99		52.02		101.58		-135.64		-70.69		-143.37		-174.35		-150.92
24		A		-75.73		177.55		67.2		96.6		-136.49		-81.42		-151.79		-178.94		-145.1
25		A		-69.84		178.93		54.0		98.81		-134.07		-72.91		-142.82		-169.73		-144.35
26		U		-71.17		175.38		62.53		98.67		-136.39		-81.91		-149.98		178.67		-142.69
27		U		-73.56		177.56		54.31		105.5		-132.16		-77.09		-140.68		-165.75		-143.86
28		A		-81.83		178.53		72.85		93.11		-140.75		-80.42		-156.0		175.91		-147.05
29		G		-70.78		176.43		53.79		99.46		-138.46		-75.46		-143.64		-172.56		-148.99
30		U		-70.89		175.9		62.1		94.87		-138.94		-81.57		-152.43		-178.58		-144.14
31		C		-71.26		177.81		55.53		97.89		-139.0		-72.53		-146.49		-172.01		-148.4
32		U		-68.76		177.24		64.1		95.45		-139.7		-82.29		-152.97		-179.41		-146.76
33		U		-68.82		179.36		47.52		102.38		-137.23		-74.38		-142.36		-171.14		-147.58
34		C		-72.04		176.73		62.66		94.69		-139.27		-80.02		-155.06		-178.63		-141.94
35		G		-73.05		-178.61		53.62		98.97		-139.95		-76.53		-144.4		-166.89		-145.89
36		G		-73.62		176.48		67.14		92.78		-142.47		-82.65		-155.08		179.68		-150.6
37		A		-70.94		176.42		53.36		100.43		-140.59		-79.2		-143.03		-167.98		-147.53
38		C		-71.24		177.9		67.42		93.65		-140.24		-79.05		-154.45		178.58		-144.93
39		U		-69.16		178.51		53.45		102.67		-137.05		-79.05		-140.36		-167.3		-146.74
40		U		-73.35		177.94		63.59		98.08		-138.34		-80.31		-150.29		179.43		-147.73
41		C		-67.75		177.07		52.5		97.47		-141.42		-72.97		-144.76		-174.29		-141.34
42		C		-69.96		178.23		61.16		92.88		-141.1		-79.95		-154.17		179.75		-145.74
43		U		-64.17		-176.93		52.71		103.66		-139.0		-82.06		-136.6		-170.52		-151.99
44		U		-77.17		178.97		70.58		99.68		-136.28		-86.04		-148.95		-177.52		-151.94
45		A		-69.87		176.86		56.41		102.87		-139.15		-71.76		-140.28		-172.24		-149.75
46		U		-72.46		176.58		67.96		92.98		-139.28		-82.84		-152.76		175.31		-149.45
47		A		-69.14		-179.49		59.4		100.32		-140.35		-75.77		-143.29		-174.16		-151.24
48		C		-73.69		174.35		64.23		91.65		-141.26		-77.74		-155.37		174.4		-147.28
49		U		-63.19		-178.15		58.47		93.77		-147.47		-67.89		-147.35		-176.61		-147.3
50		U		-71.16		175.98		60.46		94.49		-138.6		-83.78		-150.69		178.67		-148.4
51		A		-68.67		-178.83		60.31		99.14		-143.48		-69.64		-142.28		-178.5		-154.73
52		U		-72.19		176.2		68.16		96.18		-137.75		-84.25		-150.78		178.2		-146.82
53		A		-65.28		-176.7		64.16		99.55		-142.61		-75.7		-144.17		-176.6		-159.06
54		U		-75.72		174.32		71.05		96.25		-137.09		-83.48		-152.14		178.69		-148.26
55		A		-66.33		-176.15		62.36		98.27		-145.96		-73.39		-146.91		-174.36		-155.19
56		C		-71.42		176.31		64.03		91.09		-141.18		-78.83		-155.13		177.12		-143.51
57		U		-63.85		179.76		59.46		97.37		-147.15		-74.23		-145.05		-174.46		-154.52
58		U		-76.35		176.6		70.92		94.79		-138.17		-86.04		-153.52		177.47		-152.78
59		A		-62.04		-179.24		58.94		99.12		-145.8		-70.6		-146.48		-171.79		-154.77
60		U		-75.58		176.76		66.69		93.44		-138.4		-82.5		-154.3		176.09		-143.49
61		A		-67.96		-178.47		58.6		101.78		-143.16		-74.14		-144.0		-176.51		-152.13
62		G		-80.86		177.16		76.2		93.42		-138.26		-84.0		-155.48		175.94		-148.71
63		A		-63.48		179.15		56.47		101.67		-144.11		-74.09		-143.29		-171.84		-154.19
64		U		-73.77		175.77		66.91		91.99		-139.47		-82.8		-155.83		176.84		-145.36
65		U		-66.36		-177.92		59.96		101.25		-140.26		-74.18		-143.49		-176.05		-151.63
66		C		-81.88		176.82		71.63		90.67		-139.75		-78.46		-158.6		172.58		-144.2
67		C		-64.63		179.86		56.65		97.15		-145.12		-73.5		-146.24		-179.11		-151.27
