No.	   Seq		 Alpha		 Beta		Gamma		Delta		 Epsilon	 Zeta		  Chi		  Eta		 Theta

0		G		-82.9		177.44		76.96		89.99		-141.32		-80.36		-162.74		174.32		-147.97
1		G		-72.03		174.08		65.73		90.9		-140.9		-78.99		-156.02		178.97		-148.43
2		C		-76.82		176.39		67.25		87.53		-141.86		-80.65		-160.67		173.16		-144.11
3		C		-69.59		175.67		65.45		94.7		-136.67		-77.02		-153.26		-174.6		-145.18
4		U		-75.23		177.38		64.17		91.63		-138.66		-82.86		-155.87		175.16		-145.9
5		U		-72.34		174.38		60.78		100.14		-136.12		-82.53		-148.67		-175.67		-152.72
6		A		-84.7		177.39		68.8		96.9		-135.4		-86.14		-155.21		176.16		-145.42
7		U		-69.42		176.09		64.14		97.72		-137.16		-77.14		-150.29		-174.38		-149.07
8		G		-83.12		177.79		72.15		93.39		-137.28		-84.18		-156.4		173.88		-143.33
9		C		-75.8		175.0		62.58		97.65		-138.06		-83.37		-150.17		-177.9		-154.42
10		A		-81.3		178.14		72.7		90.2		-139.19		-82.55		-159.07		175.04		-145.84
11		C		-68.65		173.43		59.2		93.81		-141.2		-82.58		-150.87		-179.41		-152.3
12		G		-82.35		175.85		74.59		91.68		-139.19		-82.19		-159.32		176.05		-147.59
13		G		-77.22		175.41		66.17		95.04		-137.34		-77.08		-153.73		-177.17		-142.89
14		G		-86.37		176.62		72.26		92.84		-137.23		-84.23		-156.77		175.45		-148.4
15		A		-76.62		175.41		67.01		98.53		-134.68		-83.21		-148.15		-174.11		-153.55
16		A		-89.19		176.62		79.05		100.44		-133.8		-89.38		-151.3		178.08		-152.46
17		A		-76.09		175.41		66.95		100.23		-134.16		-77.09		-145.43		-177.86		-145.88
18		U		-86.17		177.33		78.87		99.71		-134.76		-92.71		-151.44		179.83		-155.23
19		A		-70.32		179.04		63.98		99.93		-134.97		-80.86		-145.39		-175.2		-153.25
20		C		-81.87		176.37		71.75		89.78		-140.44		-76.99		-160.57		174.32		-143.77
21		G		-71.83		177.18		64.82		93.01		-141.15		-73.48		-151.12		-178.94		-148.03
22		C		-87.18		178.3		79.4		87.59		-141.31		-82.8		-160.7		172.15		-153.95
23		A		-66.28		171.85		62.93		92.65		-137.67		-73.69		-149.99		-178.16		-146.9
24		U		-91.12		171.88		75.52		91.41		-137.7		-83.55		-158.92		169.52		-146.75
25		A		-69.12		174.62		61.0		97.26		-137.69		-76.52		-148.49		179.19		-144.83
26		U		-89.6		175.42		73.43		91.6		-137.37		-82.47		-157.46		171.37		-145.43
27		C		-73.27		173.27		62.17		95.14		-140.43		-75.3		-149.87		174.89		-150.19
28		A		-80.07		175.75		69.59		90.6		-140.02		-81.42		-158.56		176.37		-144.99
29		G		-69.46		175.91		65.44		92.21		-142.23		-76.28		-154.57		-179.98		-153.19
30		U		-85.24		175.21		72.36		91.87		-137.97		-84.88		-157.96		171.86		-150.28
31		G		-68.56		174.41		63.06		90.91		-142.78		-75.82		-155.56		176.07		-151.04
32		A		-83.81		175.28		67.92		92.33		-138.82		-81.87		-157.61		173.8		-142.54
33		G		-72.06		176.13		62.39		97.59		-139.28		-75.23		-150.21		-174.42		-152.73
34		G		-85.9		177.35		75.49		94.24		-137.54		-83.07		-157.95		176.08		-146.28
35		A		-68.61		174.99		61.44		97.84		-137.7		-70.65		-151.0		-171.56		-142.12
36		U		-78.37		171.88		66.38		93.69		-137.63		-80.18		-156.54		173.34		-146.14
37		U		-69.14		178.32		61.79		99.31		-134.85		-76.73		-146.68		-175.05		-144.05
38		C		-89.92		174.06		73.43		88.45		-140.25		-79.76		-161.9		168.19		-145.86
39		G		-66.32		175.28		62.22		94.37		-140.3		-75.94		-150.34		-177.29		-146.91
40		U		-75.94		174.9		66.34		90.71		-139.09		-82.19		-156.69		175.32		-146.1
41		C		-65.99		176.35		62.81		93.75		-141.03		-73.09		-149.44		177.83		-149.57
42		C		-82.71		174.23		70.91		89.11		-139.82		-79.94		-159.77		171.23		-143.65
43		G		-66.65		177.73		65.3		90.45		-143.71		-76.91		-153.73		179.16		-152.64
44		A		-84.35		175.37		74.68		90.53		-137.41		-79.41		-159.53		176.51		-144.43
45		G		-64.21		172.39		61.75		91.82		-142.7		-73.22		-151.74		176.06		-148.65
46		A		-77.49		175.79		66.24		94.99		-136.55		-83.63		-156.26		177.59		-140.33
47		U		-65.2		171.88		56.9		98.06		-139.56		-77.95		-146.94		178.71		-145.71
48		U		-81.26		177.49		69.18		96.27		-136.06		-84.87		-153.27		177.68		-143.46
49		G		-64.71		173.36		61.22		92.46		-142.06		-73.99		-151.59		-179.86		-144.92
50		U		-75.43		175.57		67.22		90.52		-139.48		-82.86		-157.44		175.1		-147.28
51		G		-64.25		177.13		60.84		94.97		-139.03		-77.67		-149.43		179.7		-150.97
52		U		-75.4		175.52		68.55		88.16		-139.66		-78.59		-158.78		171.84		-143.53
53		U		-64.35		174.15		61.04		94.14		-139.64		-76.48		-149.0		176.36		-146.08
54		U		-73.33		175.75		67.22		93.5		-135.02		-84.46		-153.57		178.67		-143.15
55		U		-67.4		175.49		59.45		96.37		-137.9		-76.28		-146.52		178.45		-148.98
56		U		-73.62		174.9		67.4		93.62		-137.47		-81.19		-154.88		179.12		-143.68
57		G		-63.06		177.53		65.51		93.5		-140.67		-78.02		-152.59		-178.4		-149.82
58		C		-76.06		176.81		68.28		90.49		-138.88		-77.8		-158.63		177.3		-143.1
59		U		-63.73		178.49		61.24		93.48		-140.8		-80.63		-149.35		180.0		-149.61
60		G		-73.44		177.13		73.7		89.49		-139.55		-82.75		-158.34		178.95		-148.19
61		G		-66.21		174.13		66.06		92.73		-140.0		-78.03		-153.69		-179.47		-148.7
62		U		-72.96		176.74		69.0		94.01		-137.34		-80.8		-155.78		-178.65		-143.39
63		G		-65.41		179.58		62.51		98.09		-135.82		-78.94		-147.91		-176.36		-143.55
64		U		-80.49		176.55		67.68		94.91		-137.33		-82.09		-153.97		179.89		-148.28
65		A		-67.85		177.43		62.5		96.68		-138.04		-76.98		-149.6		178.19		-145.13
66		A		-75.07		177.2		65.6		96.66		-135.67		-85.92		-150.77		-179.95		-147.74
67		A		-64.68		177.35		62.35		99.04		-135.88		-78.68		-146.02		178.58		-151.99
68		U		-72.08		176.99		72.12		97.82		-135.27		-83.69		-152.45		-178.47		-143.86
69		C		-71.67		178.1		63.61		92.93		-143.13		-79.33		-153.24		173.2		-151.71
70		A		-72.85		177.58		64.14		91.57		-139.81		-78.32		-158.07		-179.92		-143.19
71		G		-66.04		177.62		59.87		90.41		-142.58		-78.31		-154.29		176.49		-150.64
72		C		-72.63		176.29		64.11		89.63		-141.29		-79.31		-155.7		174.83		-145.47
73		A		-71.28		177.39		64.82		92.61		-139.96		-79.76		-153.32		178.52		-145.23
74		G		-73.98		177.26		72.03		91.51		-139.9		-81.39		-159.34		178.07		-147.44
75		U		-67.36		174.97		60.69		95.76		-137.71		-76.4		-151.69		-179.98		-144.22
76		U		-74.76		177.53		65.34		94.46		-139.84		-81.01		-154.4		177.85		-141.84
77		C		-72.28		177.5		61.86		94.81		-140.99		-77.83		-151.54		177.13		-146.88
78		C		-72.59		175.54		64.52		91.35		-141.8		-79.01		-156.59		178.73		-149.71
79		C		-69.32		178.61		61.71		96.8		-140.68		-85.52		-149.5		-178.05		-152.56
80		C		-70.65		177.61		63.82		91.02		-142.06		-80.26		-156.88		177.9		-147.25
81		U		-68.74		177.79		63.63		97.2		-137.16		-80.24		-149.57		-179.78		-148.67
82		G		-76.31		178.8		70.08		93.9		-139.58		-80.88		-155.77		177.15		-147.12
83		C		-71.0		175.98		61.34		94.22		-141.13		-80.96		-151.93		176.25		-150.34
84		A		-74.89		177.56		66.39		94.4		-138.61		-79.61		-155.13		179.77		-144.0
85		U		-75.96		177.26		68.0		97.66		-137.95		-85.49		-151.27		179.87		-150.74
86		A		-73.84		175.67		65.7		94.95		-139.96		-80.35		-153.73		177.82		-149.32
87		A		-72.91		174.91		64.09		94.78		-138.64		-81.05		-152.33		177.32		-144.41
88		G		-72.45		177.99		68.32		93.79		-139.47		-82.54		-155.31		178.03		-149.02
89		G		-73.67		178.16		68.9		96.5		-137.79		-84.76		-151.74		179.87		-149.23
90		C		-74.22		177.95		70.03		95.85		-140.23		-82.3		-152.82		179.14		-149.91
91		U		-73.38		176.75		68.08		95.03		-138.32		-83.42		-153.69		177.76		-149.41
