No.	   Seq		 Alpha		 Beta		Gamma		Delta		 Epsilon	 Zeta		  Chi		  Eta		 Theta

0		G		-80.16		175.41		68.95		87.75		-141.46		-81.6		-161.21		173.09		-143.29
1		G		-87.96		179.06		73.37		91.03		-141.27		-84.15		-160.1		173.62		-148.58
2		A		-79.37		176.49		70.3		87.0		-142.98		-78.19		-163.4		172.67		-143.87
3		A		-80.37		-179.88		65.9		92.52		-140.18		-82.9		-157.23		174.78		-147.12
4		C		-82.91		175.26		70.55		88.95		-139.83		-81.42		-161.09		170.51		-146.13
5		A		-78.73		176.73		66.66		89.13		-138.85		-80.48		-159.98		172.21		-142.76
6		G		-81.4		179.08		74.92		90.1		-139.16		-81.24		-161.22		175.89		-144.77
7		C		-77.66		179.61		64.47		91.53		-138.02		-79.6		-157.28		171.5		-141.04
8		U		-79.85		177.69		74.02		93.56		-137.64		-84.77		-157.54		177.41		-145.93
9		G		-82.94		176.79		68.8		95.49		-137.47		-80.53		-155.32		176.54		-141.01
10		U		-95.32		177.45		78.81		92.66		-137.9		-79.2		-159.66		173.8		-146.28
11		A		-90.52		-179.07		79.76		92.74		-137.08		-77.56		-158.49		174.45		-142.87
12		C		-83.7		175.71		69.11		85.95		-141.47		-81.36		-161.97		168.54		-148.73
13		U		-72.22		177.34		67.43		92.78		-139.82		-78.38		-155.46		-178.58		-150.39
14		G		-98.62		177.37		81.13		91.23		-139.95		-84.12		-161.9		173.9		-148.71
15		G		-74.34		179.35		70.4		91.29		-140.49		-78.54		-158.85		177.87		-146.49
16		G		-90.91		177.53		75.86		93.39		-134.79		-82.71		-159.3		176.76		-138.45
17		C		-79.61		175.75		70.41		92.32		-138.47		-84.3		-154.54		175.64		-148.92
18		A		-101.14		177.88		84.56		91.36		-138.67		-83.43		-159.04		172.49		-148.61
19		G		-71.54		174.45		65.38		95.11		-137.33		-85.79		-153.72		-175.48		-146.69
20		U		-81.25		177.7		67.44		96.57		-132.29		-85.44		-151.2		177.29		-137.96
21		U		-81.33		-179.82		71.4		101.26		-132.28		-88.85		-148.09		-177.98		-145.9
22		A		-94.69		-178.83		72.9		97.51		-134.55		-88.57		-154.55		175.43		-143.12
23		C		-71.45		178.27		66.0		93.17		-140.15		-80.98		-156.3		177.3		-154.59
24		A		-75.99		177.7		65.08		85.7		-141.07		-77.69		-161.5		168.91		-134.26
25		G		-71.97		179.3		64.11		95.68		-138.67		-78.2		-152.23		-179.64		-146.37
26		C		-79.67		174.55		75.3		83.09		-142.2		-77.07		-164.85		166.42		-144.61
27		A		-75.14		174.35		68.14		87.83		-142.15		-80.25		-161.35		175.13		-147.68
28		G		-79.74		175.02		70.12		84.98		-141.91		-78.13		-165.0		169.24		-146.27
29		U		-67.48		174.45		58.21		86.35		-141.26		-73.74		-158.92		174.98		-137.02
30		C		-81.33		179.16		70.77		84.94		-141.1		-81.01		-161.14		167.6		-145.27
31		G		-74.66		173.56		63.4		87.14		-141.98		-77.24		-162.24		169.34		-138.58
32		U		-77.13		174.32		69.99		91.2		-138.65		-81.09		-158.6		176.87		-148.54
33		A		-71.06		-178.55		63.84		94.94		-139.13		-80.64		-152.25		177.88		-144.11
34		U		-91.54		178.69		83.55		90.76		-137.09		-80.63		-161.88		171.73		-140.13
35		G		-79.79		179.37		72.82		95.77		-136.55		-83.05		-155.02		175.53		-150.66
36		G		-85.43		179.25		80.61		91.02		-136.74		-78.15		-161.46		-179.76		-141.78
37		U		-72.37		178.79		60.44		94.78		-138.38		-84.01		-150.71		175.48		-144.34
38		A		-90.19		-178.14		73.3		99.85		-132.7		-89.46		-152.53		-176.74		-144.7
39		A		-83.08		177.07		73.19		90.42		-138.53		-75.62		-160.08		173.53		-136.85
40		C		-83.03		177.36		71.67		89.22		-139.28		-80.91		-158.62		170.72		-147.09
41		A		-71.51		179.25		64.19		88.25		-141.29		-76.03		-159.15		175.71		-139.36
42		C		-74.75		175.51		65.15		87.48		-140.99		-84.7		-159.15		172.16		-145.41
43		A		-74.47		176.47		68.07		92.85		-140.23		-77.08		-156.42		175.11		-146.67
44		U		-73.37		177.54		67.62		90.0		-139.73		-81.85		-157.4		172.7		-142.91
45		G		-69.65		178.3		62.48		95.33		-138.06		-82.31		-152.87		-179.78		-150.56
46		C		-77.43		175.78		67.12		85.97		-141.17		-78.42		-164.99		170.9		-140.53
47		G		-67.18		177.28		64.22		90.31		-144.01		-81.06		-158.71		-178.25		-152.34
48		G		-84.01		178.22		74.36		86.78		-142.39		-75.43		-165.01		172.2		-141.95
49		C		-73.5		175.13		67.63		89.63		-143.5		-71.74		-158.64		177.39		-148.08
50		G		-80.48		175.0		68.24		86.89		-140.34		-80.6		-162.45		173.06		-140.09
51		U		-73.73		179.01		68.63		95.11		-140.21		-78.99		-153.28		179.22		-145.12
52		U		-84.46		172.78		66.66		91.2		-139.23		-78.1		-158.87		168.49		-141.18
53		C		-75.57		179.32		66.93		89.92		-143.42		-77.13		-158.34		173.18		-147.19
54		C		-83.67		-179.9		62.3		86.74		-140.3		-77.82		-160.22		168.08		-143.4
55		G		-75.31		-177.9		66.32		95.15		-137.51		-84.51		-152.17		-172.66		-148.05
56		A		-83.19		176.45		67.1		91.39		-137.85		-80.1		-156.16		170.56		-140.06
57		A		-77.21		178.79		71.65		92.65		-138.75		-79.34		-155.69		172.2		-145.16
58		A		-77.42		176.62		70.6		89.89		-137.97		-78.32		-159.95		171.14		-140.03
59		U		-73.72		179.99		64.14		96.45		-138.06		-79.78		-151.19		172.42		-145.98
60		A		-80.59		176.55		70.24		87.92		-139.8		-75.36		-162.64		171.68		-136.03
61		C		-72.83		175.33		57.91		90.0		-142.92		-75.33		-156.37		171.54		-141.7
62		C		-75.64		176.36		66.37		85.86		-143.07		-80.38		-161.65		171.65		-151.1
63		A		-70.55		-178.78		62.72		94.22		-140.91		-83.71		-151.46		-179.84		-151.06
64		U		-76.61		174.31		69.87		87.51		-142.09		-78.39		-160.47		168.07		-144.44
65		G		-74.16		175.66		69.79		91.26		-140.66		-80.87		-157.36		174.73		-146.73
66		C		-78.85		175.99		71.66		87.31		-142.9		-78.33		-162.7		173.0		-147.55
67		C		-73.24		176.55		61.72		87.23		-145.56		-78.04		-158.29		171.19		-150.69
68		U		-75.06		176.11		69.5		88.0		-142.67		-80.49		-159.52		177.44		-147.67
69		G		-76.32		175.1		62.84		89.91		-142.82		-79.54		-156.35		170.88		-144.11
