No.	   Seq		 Alpha		 Beta		Gamma		Delta		 Epsilon	 Zeta		  Chi		  Eta		 Theta

0		G		-83.68		176.06		77.33		88.69		-139.83		-79.81		-162.76		172.52		-145.53
1		G		-78.64		174.04		73.27		88.4		-141.5		-79.82		-163.08		175.02		-145.03
2		G		-86.14		176.32		78.76		86.28		-141.31		-79.94		-165.44		171.32		-148.76
3		G		-75.28		174.55		66.28		87.5		-143.72		-80.85		-161.54		173.62		-146.77
4		C		-76.58		175.65		64.6		85.24		-142.51		-78.29		-161.99		168.28		-146.29
5		U		-69.33		173.42		60.36		86.24		-143.44		-79.58		-159.91		174.26		-148.93
6		G		-84.49		175.08		69.48		87.91		-140.59		-79.59		-161.15		165.33		-154.99
7		A		-72.38		175.03		63.79		91.15		-139.16		-81.19		-159.07		176.5		-150.72
8		A		-69.82		175.8		63.19		88.84		-137.62		-75.96		-159.0		173.67		-141.19
9		G		-78.12		175.38		72.26		90.2		-137.42		-80.04		-159.94		173.75		-141.61
10		G		-86.88		172.7		67.6		93.61		-136.29		-81.44		-156.64		176.75		-149.05
11		A		-80.3		174.84		68.76		91.98		-137.61		-81.99		-158.08		179.06		-145.92
12		U		-72.61		171.99		63.13		94.79		-135.84		-84.89		-150.29		176.8		-150.61
13		G		-93.76		173.47		74.4		89.97		-140.48		-78.46		-162.45		169.24		-149.69
14		C		-78.26		173.46		66.12		88.08		-141.74		-75.91		-160.6		171.78		-146.45
15		C		-76.16		175.98		69.34		79.35		-145.93		-76.44		-166.0		167.31		-150.56
16		C		-71.91		175.05		68.04		91.12		-138.04		-88.8		-155.16		174.87		-153.78
17		A		-89.67		175.27		76.98		91.98		-138.41		-78.95		-162.96		172.74		-146.91
18		G		-75.88		174.45		75.42		95.4		-136.56		-89.66		-154.48		174.66		-150.97
19		A		-78.34		176.69		68.34		96.56		-134.1		-78.59		-154.97		174.92		-144.2
20		G		-70.09		170.55		68.71		95.59		-135.62		-82.77		-156.89		173.96		-150.15
21		A		-79.34		175.86		78.23		96.09		-135.4		-75.51		-158.06		-176.25		-145.36
22		G		-72.97		173.65		77.23		91.15		-138.09		-77.12		-160.97		175.55		-150.96
23		A		-74.38		174.36		71.78		90.25		-137.56		-74.57		-162.59		175.52		-144.42
24		U		-63.86		170.03		59.4		87.1		-138.67		-72.29		-160.18		173.71		-142.19
25		C		-64.91		171.58		60.3		84.14		-142.36		-72.91		-162.37		170.89		-141.8
26		U		-70.66		175.39		61.83		89.73		-141.06		-79.85		-157.95		173.67		-149.1
27		G		-74.16		177.16		70.46		90.53		-140.08		-85.24		-159.93		174.48		-156.06
28		G		-70.76		173.53		65.74		88.99		-139.39		-73.42		-161.7		175.0		-145.15
29		G		-70.4		174.07		71.47		83.64		-144.69		-77.91		-165.18		170.06		-147.48
30		G		-69.27		173.53		62.38		90.28		-140.13		-80.15		-158.96		175.21		-146.97
31		C		-71.08		173.01		65.37		84.09		-140.0		-78.72		-165.56		172.7		-142.36
32		C		-69.14		173.08		60.64		93.36		-136.24		-75.57		-156.07		179.14		-143.58
33		U		-66.03		178.98		61.68		92.93		-136.68		-84.93		-156.11		179.39		-142.19
34		C		-70.88		171.89		57.59		99.97		-132.94		-77.57		-148.73		-175.37		-146.23
35		G		-74.53		179.29		74.99		92.72		-135.2		-82.18		-161.58		-177.6		-137.97
36		G		-66.58		171.27		62.71		94.25		-139.2		-75.71		-152.38		-179.62		-145.62
37		G		-88.27		-178.7		76.83		93.16		-134.71		-88.81		-157.04		175.27		-149.68
38		A		-72.57		171.97		67.5		95.75		-133.7		-70.85		-152.79		-174.63		-139.48
39		G		-79.67		174.59		72.1		86.5		-140.38		-83.61		-160.61		165.55		-150.04
40		A		-63.36		168.23		55.32		92.62		-140.19		-66.31		-152.77		-175.8		-142.38
41		U		-71.69		173.37		61.42		87.62		-139.49		-75.85		-162.42		168.8		-142.11
42		C		-66.38		172.37		60.51		88.98		-142.89		-70.25		-155.7		176.12		-142.02
43		G		-79.34		173.67		68.63		83.65		-142.21		-80.06		-165.91		168.43		-148.8
44		A		-66.84		172.86		64.3		92.85		-139.63		-74.3		-152.68		179.66		-146.7
45		G		-76.38		173.77		78.95		82.06		-140.83		-78.54		-166.58		167.37		-144.02
46		G		-63.88		173.89		65.82		92.7		-138.61		-79.68		-152.42		178.26		-143.32
47		U		-85.7		172.05		72.33		89.65		-137.32		-80.1		-161.51		167.32		-140.44
48		U		-65.89		175.43		65.2		90.25		-140.57		-78.05		-151.45		177.65		-150.32
49		A		-100.8		175.03		68.31		89.59		-137.32		-77.27		-161.36		165.5		-139.07
50		A		-65.21		176.86		63.76		90.64		-141.43		-75.15		-155.44		-179.26		-149.41
51		A		-74.73		176.84		73.94		93.97		-134.29		-81.21		-155.59		179.93		-143.37
52		A		-65.86		178.45		66.26		97.52		-136.12		-78.19		-149.53		-179.68		-148.43
53		A		-82.18		175.29		76.79		93.85		-137.71		-83.14		-157.72		172.67		-143.37
54		A		-64.8		178.63		64.31		95.02		-139.71		-76.71		-152.12		-179.13		-143.39
55		C		-79.77		175.73		72.24		84.92		-142.46		-77.1		-162.78		168.81		-146.76
56		G		-63.46		176.61		62.31		89.32		-146.27		-74.27		-159.71		-176.81		-149.5
57		U		-71.02		174.94		65.4		86.45		-142.75		-79.17		-161.25		175.44		-150.57
58		C		-65.89		175.58		56.7		90.62		-144.49		-77.26		-155.41		-179.59		-152.37
59		U		-78.38		177.95		74.2		88.94		-139.66		-81.37		-161.43		172.41		-152.23
60		A		-65.31		177.81		60.59		96.45		-141.13		-78.65		-150.86		-177.65		-155.27
61		G		-78.38		173.63		74.61		89.93		-138.8		-78.82		-160.84		171.98		-148.3
62		G		-67.06		175.93		64.33		97.26		-141.38		-77.94		-152.76		-176.5		-149.14
63		C		-77.25		178.09		69.46		91.01		-141.38		-79.01		-159.3		174.69		-147.37
64		C		-70.61		176.37		65.18		96.44		-141.63		-75.27		-151.91		-174.87		-149.63
65		C		-83.3		177.1		70.11		90.11		-139.78		-78.97		-159.64		174.69		-149.74
66		C		-64.69		173.37		61.0		93.75		-139.79		-75.49		-153.61		-173.9		-148.55
