No.	   Seq		 Alpha		 Beta		Gamma		Delta		 Epsilon	 Zeta		  Chi		  Eta		 Theta

0		G		-69.22		174.17		68.49		89.97		-138.95		-78.69		-160.63		178.31		-143.25
1		G		-74.81		172.49		70.73		87.6		-141.19		-80.37		-163.93		174.24		-156.02
2		A		-75.39		174.29		60.73		87.79		-141.62		-75.97		-161.75		174.76		-138.17
3		C		-80.19		176.59		75.48		88.33		-141.19		-76.55		-165.57		169.83		-147.29
4		C		-66.71		173.19		58.43		84.28		-145.62		-80.09		-158.26		173.79		-149.03
5		U		-70.34		171.04		62.66		86.37		-143.99		-80.18		-160.32		170.43		-151.96
6		C		-68.86		172.45		63.19		87.74		-141.81		-73.63		-161.91		170.17		-142.06
7		G		-77.27		178.22		79.8		87.38		-142.96		-77.61		-166.86		172.23		-149.39
8		G		-70.07		-178.61		67.01		89.36		-140.41		-81.23		-163.45		173.5		-147.42
9		C		-74.32		170.3		59.91		88.12		-138.24		-74.78		-160.87		171.5		-137.8
10		G		-82.29		179.81		78.03		91.13		-137.25		-75.4		-159.71		170.64		-146.91
11		A		-78.36		170.05		61.03		93.32		-139.66		-83.0		-153.61		178.23		-149.43
12		A		-98.57		173.29		90.04		101.57		-129.18		-105.43		-154.09		-175.36		171.59
13		A		-87.97		172.23		89.7		98.33		-130.62		-76.43		-156.01		-168.8		-134.94
14		G		-89.66		175.21		73.71		88.21		-141.56		-70.58		-163.26		163.87		-145.57
15		C		-72.99		175.73		68.91		87.71		-143.69		-71.79		-159.23		175.47		-145.87
16		C		-73.22		172.1		68.97		84.93		-141.57		-77.62		-160.63		174.48		-155.49
17		G		-69.69		174.9		72.04		92.61		-139.24		-88.54		-154.96		-177.02		-157.23
18		U		-61.99		168.76		57.17		99.29		-132.79		-69.12		-152.19		-176.04		-129.42
19		U		-87.47		176.7		82.19		103.96		-130.26		-103.13		-149.02		175.83		-171.31
20		C		-85.28		172.64		68.34		91.16		-137.79		-77.4		-157.97		177.17		-148.88
21		G		-76.05		163.68		69.41		88.52		-142.82		-77.43		-163.34		174.38		-159.64
22		A		-65.1		176.87		65.62		97.87		-136.16		-75.29		-148.64		-171.02		-156.72
23		C		-75.27		172.84		76.16		82.61		-139.6		-72.19		-165.41		158.79		-149.45
24		C		-67.37		167.39		61.89		82.24		-144.12		-79.88		-161.11		166.42		-149.51
25		A		-76.17		172.64		65.86		80.72		-147.56		-75.24		-171.77		164.52		-145.75
26		G		-62.08		168.58		54.86		77.05		-150.31		-71.01		-165.68		166.84		-138.13
27		C		-77.56		174.15		57.88		76.85		-149.43		-68.59		-167.46		161.16		-140.57
28		G		-63.48		169.1		59.94		85.44		-143.64		-79.85		-160.66		171.64		-149.95
29		A		-78.25		173.5		64.6		93.35		-137.82		-78.22		-154.21		-179.23		-160.24
30		A		-72.32		168.74		62.02		87.78		-143.03		-71.81		-161.5		160.6		-161.88
31		A		-65.26		169.39		64.32		90.43		-136.48		-74.04		-160.5		175.18		-135.32
32		G		-69.39		173.07		75.39		87.51		-138.77		-73.54		-165.98		171.38		-157.1
33		C		-64.77		168.08		64.5		90.02		-138.73		-67.87		-158.04		-175.88		-135.01
34		U		-63.22		176.87		58.5		88.04		-142.9		-73.79		-157.41		176.15		-146.65
35		C		-67.05		173.43		61.53		94.18		-139.18		-88.27		-149.7		178.33		-151.48
36		U		-67.24		163.68		55.78		97.06		-134.4		-78.04		-149.99		-175.52		-155.77
37		U		-62.62		171.81		73.12		95.54		-139.32		-92.74		-149.19		176.66		-176.71
38		A		-86.51		174.44		76.81		90.38		-136.72		-73.57		-159.27		173.56		-143.57
39		G		-77.77		168.36		79.19		90.06		-135.72		-89.96		-161.8		174.45		-156.6
40		A		-65.42		173.75		73.59		96.77		-134.74		-74.49		-156.2		-166.16		-142.38
41		C		-63.38		175.46		72.78		88.57		-143.97		-76.82		-159.52		175.09		-153.54
42		A		-63.11		172.48		62.34		92.84		-141.77		-73.21		-156.15		-176.04		-144.32
43		G		-80.64		168.73		79.99		88.54		-137.35		-76.87		-165.73		175.69		-145.02
44		G		-62.69		169.31		66.25		89.93		-142.72		-84.51		-155.45		-179.23		-161.2
45		A		-71.9		179.14		69.21		92.0		-137.94		-73.59		-160.86		179.97		-137.85
46		G		-68.77		171.21		88.6		91.46		-141.1		-74.87		-162.66		178.54		-151.84
47		G		-69.31		173.02		67.53		89.66		-137.58		-82.04		-159.81		178.93		-150.73
48		U		-55.74		172.2		51.19		96.98		-136.9		-78.39		-145.76		-171.99		-141.82
49		U		-63.06		174.03		54.16		96.95		-133.89		-91.47		-147.32		-177.55		-154.01
50		A		-83.63		177.05		81.93		100.37		-135.58		-71.53		-157.07		-154.76		-158.0
51		G		-84.9		174.52		72.22		89.35		-140.6		-80.24		-163.5		174.8		-155.33
52		G		-57.35		179.29		60.87		90.64		-142.35		-71.59		-158.8		-174.81		-148.81
53		U		-60.73		171.03		55.92		94.42		-137.02		-73.44		-151.9		179.98		-124.85
54		G		-88.77		174.55		79.18		93.21		-138.67		-78.17		-160.26		172.89		-148.09
55		C		-74.29		167.26		66.06		85.95		-142.54		-71.92		-163.45		163.0		-139.7
56		U		-64.01		176.62		54.9		87.0		-141.56		-73.88		-155.54		174.39		-148.01
57		C		-67.14		171.78		56.12		85.37		-141.39		-75.87		-162.85		173.92		-133.99
58		C		-70.0		173.47		56.6		84.4		-146.25		-69.16		-161.71		157.95		-142.17
59		G		-79.56		178.26		80.29		87.65		-139.65		-82.67		-165.33		173.46		-148.46
60		A		-64.25		178.38		60.4		99.4		-134.27		-88.04		-146.71		-179.25		-155.65
61		A		-68.9		169.64		65.81		93.8		-135.19		-75.45		-157.88		169.58		-146.98
62		A		-62.22		177.23		64.28		97.69		-135.3		-83.07		-150.38		179.97		-142.25
63		G		-72.2		171.85		66.39		86.67		-141.62		-72.87		-165.64		165.25		-149.72
64		G		-63.79		171.56		59.83		90.74		-143.91		-77.0		-158.18		178.56		-158.16
65		A		-64.0		170.65		56.58		86.48		-145.01		-74.96		-162.1		175.16		-148.62
66		G		-65.9		173.29		61.24		84.31		-146.59		-70.81		-162.57		170.27		-145.61
67		C		-76.12		173.36		73.99		82.33		-141.95		-77.25		-166.1		174.88		-149.18
68		A		-70.15		172.51		67.12		88.49		-141.73		-77.72		-160.31		173.3		-151.58
69		C		-72.45		172.2		66.84		85.04		-141.98		-80.42		-162.96		174.68		-154.78
70		U		-68.19		171.44		59.47		93.41		-141.55		-81.92		-151.87		176.37		-149.69
