No.	   Seq		 Alpha		 Beta		Gamma		Delta		 Epsilon	 Zeta		  Chi		  Eta		 Theta

0		G		-87.14		176.61		71.65		84.55		-144.12		-79.94		-165.32		166.28		-145.18
1		G		-77.57		176.62		67.12		92.62		-141.7		-73.77		-155.03		176.12		-147.83
2		G		-88.91		177.52		77.53		84.4		-143.11		-80.79		-165.92		165.34		-147.26
3		A		-74.25		174.17		64.74		92.66		-142.27		-76.58		-152.93		178.66		-150.14
4		G		-79.88		175.74		63.09		89.06		-141.12		-77.96		-160.67		169.34		-145.88
5		C		-69.57		174.3		61.98		94.65		-140.68		-66.18		-153.36		179.79		-133.31
6		C		-82.17		178.48		68.09		85.36		-141.76		-79.35		-161.94		167.72		-154.35
7		C		-64.08		172.23		59.49		87.73		-144.03		-69.42		-156.91		178.61		-142.29
8		U		-81.06		171.29		64.51		86.96		-139.42		-79.04		-160.93		168.94		-144.56
9		G		-65.69		173.41		59.21		96.06		-141.21		-73.56		-146.93		-178.32		-150.78
10		U		-85.53		175.4		65.37		93.14		-134.68		-80.86		-152.07		167.3		-134.8
11		C		-73.26		172.82		68.03		94.37		-142.31		-81.19		-149.61		173.96		-161.0
12		A		-102.96		176.15		81.0		92.19		-139.03		-79.55		-160.83		177.83		-145.86
13		C		-64.29		173.19		55.42		87.94		-148.83		-73.35		-155.09		178.49		-156.55
14		C		-75.47		172.73		61.98		80.58		-145.88		-75.82		-165.25		167.03		-148.71
15		G		-64.78		173.92		58.95		87.65		-147.4		-75.81		-157.5		179.57		-143.44
16		G		-87.64		171.86		78.28		88.2		-141.4		-78.86		-160.4		171.18		-150.31
17		A		-65.8		175.43		67.68		96.88		-139.23		-78.03		-150.4		-176.42		-148.22
18		U		-70.3		175.11		73.44		100.61		-130.77		-89.87		-150.02		176.31		-147.59
19		G		-65.13		174.2		66.84		95.65		-138.94		-72.91		-155.76		179.92		-140.58
20		U		-78.48		168.91		70.55		93.78		-137.85		-69.35		-156.75		-179.12		-144.63
21		G		-64.07		177.62		60.09		89.89		-143.75		-77.33		-151.56		176.37		-151.47
22		C		-68.6		175.16		67.7		87.94		-140.04		-77.94		-157.37		-179.17		-152.81
23		U		-59.89		175.81		58.65		106.33		-132.78		-85.55		-143.0		-165.44		-163.73
24		U		-60.26		178.63		75.66		96.05		-134.2		-74.73		-156.43		-176.54		-148.86
25		U		-60.71		172.95		55.77		93.77		-138.23		-64.33		-149.56		173.8		-139.66
26		C		-69.46		168.2		59.61		85.99		-139.66		-74.14		-160.99		162.21		-139.88
27		C		-62.79		177.47		64.32		84.77		-147.72		-77.08		-155.34		178.21		-154.2
28		G		-76.83		179.67		81.52		81.59		-145.22		-81.71		-166.21		179.3		-154.69
29		G		-61.22		175.22		64.06		86.65		-143.75		-76.83		-161.34		178.97		-142.34
30		U		-66.39		176.62		64.8		85.88		-138.02		-79.77		-159.55		170.45		-133.57
31		C		-66.37		178.2		59.61		91.8		-138.25		-84.1		-149.44		172.09		-147.33
32		U		-66.68		176.1		58.15		90.41		-139.19		-78.56		-156.98		169.97		-137.95
33		G		-80.67		177.74		73.36		100.37		-131.58		-85.48		-150.54		-174.08		-154.38
34		A		-63.96		176.19		56.29		96.88		-130.2		-80.2		-152.45		-171.33		-133.12
35		U		-61.0		178.03		60.21		107.36		-125.65		-88.02		-136.66		-173.26		-170.1
36		G		-68.25		-177.5		78.16		97.79		-131.69		-92.83		-149.92		-177.96		-161.31
37		A		-69.03		174.57		69.95		98.5		-134.13		-76.43		-148.77		-179.71		-150.55
38		G		-69.7		175.35		72.06		84.18		-137.49		-80.43		-164.07		166.42		-141.62
39		U		-58.6		176.38		55.94		89.87		-137.54		-76.8		-152.96		-178.66		-146.33
40		C		-69.11		170.84		57.46		77.94		-148.49		-69.19		-167.48		157.96		-136.69
41		C		-75.26		170.68		61.87		80.33		-148.93		-73.23		-163.87		168.69		-143.23
42		G		-66.2		175.54		61.22		79.69		-145.66		-77.78		-167.63		172.56		-150.41
43		U		-63.38		171.35		56.47		90.06		-137.17		-78.42		-153.76		177.11		-141.64
44		G		-92.82		175.34		87.67		89.09		-137.36		-82.8		-163.15		171.49		-150.65
45		A		-85.06		179.09		78.35		94.52		-135.08		-82.27		-154.12		171.33		-139.63
46		G		-101.83		177.75		96.46		89.46		-134.65		-78.18		-165.39		172.53		-143.01
47		G		-69.53		175.9		62.13		100.44		-135.12		-83.61		-150.52		-176.93		-140.85
48		A		-78.88		176.95		62.91		93.91		-138.04		-72.8		-158.48		-175.72		-134.81
49		C		-71.23		172.9		62.66		87.99		-140.37		-79.45		-156.09		170.68		-147.16
50		A		-76.7		178.0		65.91		93.08		-135.64		-79.22		-155.34		175.66		-147.9
51		A		-67.54		170.19		56.52		94.16		-137.15		-80.41		-151.89		173.44		-145.97
52		A		-68.36		178.02		64.87		93.99		-137.84		-78.4		-153.73		173.65		-142.1
53		A		-74.56		-179.85		66.61		95.22		-135.3		-75.49		-157.1		173.86		-142.17
54		C		-73.81		174.35		68.59		84.96		-142.54		-81.59		-160.06		162.3		-155.81
55		A		-66.08		174.31		61.51		85.09		-144.72		-76.6		-163.71		175.28		-150.62
56		G		-66.59		171.9		60.92		80.58		-147.37		-77.02		-165.8		169.86		-149.44
57		G		-69.41		172.7		62.6		81.11		-147.53		-74.18		-167.4		173.26		-146.05
58		G		-81.1		176.72		84.19		85.46		-143.26		-76.47		-164.84		171.8		-151.86
59		C		-71.76		171.02		63.46		86.2		-144.37		-76.68		-160.69		175.29		-149.6
60		U		-73.26		173.03		66.71		90.81		-140.86		-79.14		-158.64		174.34		-144.99
61		C		-76.73		173.44		60.25		95.97		-138.61		-82.56		-154.53		-178.67		-146.27
62		C		-84.02		176.38		73.64		87.9		-141.28		-74.32		-162.01		174.76		-147.52
63		C		-74.69		173.39		64.56		90.94		-141.71		-77.71		-156.05		-177.91		-151.46
64		G		-83.66		-179.2		69.61		93.1		-140.37		-86.58		-156.19		176.82		-155.32
65		A		-78.1		177.02		74.18		102.48		-134.83		-85.66		-151.36		-170.19		-143.57
66		A		-91.35		178.95		83.59		98.21		-134.45		-80.95		-153.49		172.92		-151.02
67		U		-73.37		176.46		75.45		97.22		-136.02		-76.48		-156.18		177.47		-146.54
68		U		-75.59		171.15		58.26		93.41		-138.34		-79.08		-154.56		170.53		-145.56
