No.	   Seq		 Alpha		 Beta		Gamma		Delta		 Epsilon	 Zeta		  Chi		  Eta		 Theta

0		G		-70.21		170.51		56.56		89.96		-145.1		-72.37		-157.34		179.97		-147.18
1		C		-77.5		172.84		67.25		82.97		-145.36		-77.18		-162.06		168.86		-144.47
2		G		-67.08		171.86		54.63		90.49		-145.09		-77.17		-153.39		177.58		-153.62
3		C		-72.95		174.23		65.22		86.02		-143.07		-78.43		-164.05		170.05		-148.38
4		G		-64.93		168.92		53.58		91.46		-143.66		-70.45		-155.11		-179.52		-146.38
5		G		-68.95		174.45		60.42		87.87		-142.18		-78.79		-159.07		174.57		-144.73
6		C		-65.54		170.48		52.71		93.96		-134.83		-67.48		-148.72		-176.37		-137.76
7		G		-79.59		173.89		71.73		84.56		-142.49		-79.71		-164.91		171.57		-150.76
8		A		-69.69		175.92		54.12		98.55		-134.28		-75.94		-146.85		-174.2		-144.97
9		U		-71.86		172.52		61.69		87.65		-139.81		-74.83		-160.54		170.23		-144.44
10		U		-66.17		174.5		54.28		95.82		-134.17		-73.73		-143.37		179.73		-139.21
11		U		-85.02		175.2		67.37		90.79		-138.04		-80.18		-157.25		166.95		-146.18
12		A		-75.68		176.25		59.39		92.01		-141.31		-72.76		-150.45		175.99		-147.4
13		A		-83.14		178.04		74.16		88.87		-138.68		-78.03		-164.29		173.7		-143.51
14		C		-64.18		174.56		55.57		89.0		-142.96		-69.32		-152.49		179.59		-146.33
15		C		-80.54		177.01		73.12		86.36		-141.03		-79.93		-163.94		172.97		-144.29
16		G		-67.72		171.91		55.49		101.31		-132.26		-64.74		-142.06		-166.37		-145.14
17		U		-83.35		173.52		73.96		91.51		-137.39		-86.56		-158.13		168.25		-151.1
18		A		-61.22		173.28		60.04		112.68		-123.05		-83.52		-132.44		-154.27		-163.66
19		U		-76.1		175.37		73.15		98.62		-131.63		-87.21		-154.4		174.98		-145.83
20		U		-60.3		174.97		55.84		106.87		-132.55		-69.54		-139.31		-153.93		-150.13
21		G		-75.38		176.25		63.11		94.72		-136.34		-87.12		-154.69		176.1		-143.66
22		C		-63.09		175.48		53.38		96.93		-143.24		-76.66		-145.69		-165.44		-166.88
23		A		-75.57		175.25		75.94		91.19		-136.72		-85.8		-159.03		-176.3		-150.73
24		G		-61.72		176.75		56.14		96.35		-144.75		-69.77		-147.21		-166.72		-159.73
25		U		-72.09		173.18		66.02		87.95		-140.15		-78.51		-159.13		171.74		-140.22
26		C		-60.99		172.88		50.42		90.63		-149.28		-69.71		-149.51		175.23		-145.25
27		G		-76.69		174.53		70.18		84.5		-142.6		-78.16		-166.68		171.11		-143.53
28		C		-61.44		175.68		52.87		94.62		-145.61		-73.24		-147.18		-168.96		-149.46
29		G		-71.42		175.52		70.7		82.13		-141.03		-76.7		-163.95		171.65		-145.05
30		U		-65.01		176.36		53.39		96.62		-136.79		-75.93		-143.66		-171.49		-139.12
31		G		-81.45		172.68		71.32		89.1		-138.02		-85.2		-160.91		167.43		-149.48
32		A		-61.99		-176.74		49.8		102.68		-135.7		-70.26		-138.97		-168.48		-138.35
33		U		-85.95		174.73		73.42		92.64		-134.59		-85.33		-155.58		165.89		-146.27
34		A		-70.34		-175.35		64.39		106.53		-129.29		-69.57		-134.07		-166.64		-163.42
35		A		-84.33		174.93		72.58		92.4		-135.77		-83.55		-159.87		178.51		-149.21
36		A		-60.46		-179.3		52.16		102.71		-138.15		-62.05		-136.63		-174.98		-147.58
37		U		-74.7		176.85		76.43		89.73		-137.59		-78.67		-159.79		169.84		-143.49
38		G		-62.25		178.8		60.03		102.7		-141.67		-73.02		-142.37		-174.59		-164.94
39		U		-82.14		173.42		74.41		88.71		-139.26		-77.66		-162.35		169.33		-146.82
40		A		-64.67		174.38		54.82		94.67		-147.95		-69.72		-149.07		178.29		-150.33
41		G		-91.25		174.03		81.33		85.25		-140.52		-79.62		-167.09		168.99		-144.99
42		C		-63.76		168.89		56.66		89.21		-151.87		-66.79		-153.96		176.45		-152.91
43		U		-75.42		174.24		68.07		87.39		-141.68		-84.38		-158.54		174.25		-151.33
44		A		-65.38		176.67		56.24		98.5		-143.96		-76.49		-142.94		-174.38		-154.32
45		A		-90.41		175.7		79.33		93.38		-136.71		-80.79		-158.01		171.89		-149.15
46		A		-60.82		177.99		61.39		99.51		-141.7		-71.65		-146.66		-174.92		-152.93
47		A		-76.85		177.16		75.86		93.2		-138.26		-80.32		-157.09		172.38		-146.71
48		A		-58.85		174.95		56.64		101.96		-142.61		-69.23		-146.52		-167.7		-148.8
49		G		-76.24		176.14		71.42		87.9		-142.68		-80.26		-160.43		173.25		-145.5
50		G		-61.99		178.11		57.39		96.57		-144.35		-72.5		-146.77		-174.7		-148.8
51		A		-85.11		178.74		76.95		89.89		-141.42		-78.11		-160.4		173.72		-148.71
52		A		-61.27		176.82		58.66		97.62		-144.22		-72.69		-147.4		-176.32		-155.32
