No.	   Seq		 Alpha		 Beta		Gamma		Delta		 Epsilon	 Zeta		  Chi		  Eta		 Theta

0		G		-61.51		170.82		57.66		95.15		-139.64		-79.11		-151.47		-175.49		-154.01
1		G		-66.23		172.02		62.18		93.45		-140.34		-78.91		-156.22		179.57		-149.24
2		C		-63.77		171.5		60.05		93.55		-142.61		-72.02		-151.45		-175.34		-141.04
3		G		-69.67		176.05		66.28		90.48		-143.83		-78.85		-157.33		178.31		-151.46
4		C		-64.33		171.23		60.91		94.01		-141.33		-74.68		-153.2		-175.76		-149.3
5		U		-65.38		171.46		56.81		91.64		-141.1		-77.92		-155.16		-179.74		-148.55
6		U		-61.08		173.93		52.55		99.2		-138.51		-77.11		-143.05		-177.17		-141.13
7		U		-70.8		173.37		57.24		97.91		-135.99		-82.02		-147.73		176.97		-148.72
8		G		-67.62		175.63		63.36		97.52		-137.13		-80.92		-148.89		-178.13		-153.59
9		A		-66.7		176.63		60.49		96.44		-136.39		-77.21		-150.25		-174.72		-142.13
10		C		-64.2		175.45		62.15		90.73		-142.74		-76.6		-151.94		177.26		-154.91
11		A		-66.41		176.22		62.95		92.7		-138.56		-75.18		-153.8		-177.65		-141.97
12		C		-66.29		170.54		59.92		89.92		-142.02		-75.11		-151.28		175.85		-152.11
13		A		-67.51		173.33		65.19		92.51		-138.84		-80.11		-151.26		179.35		-148.28
14		A		-64.29		173.71		60.63		100.19		-133.16		-77.49		-143.84		-175.09		-149.89
15		U		-65.61		174.69		68.99		97.39		-135.58		-81.68		-151.37		-179.22		-148.94
16		C		-63.25		174.69		62.73		98.08		-136.54		-73.0		-145.46		-175.78		-146.71
17		U		-69.69		176.39		66.72		98.18		-138.57		-85.07		-148.32		-179.4		-156.92
18		A		-65.08		176.79		65.96		101.46		-135.18		-77.71		-144.05		-169.78		-155.77
19		C		-69.18		172.44		70.41		96.1		-139.59		-82.1		-151.36		-178.27		-158.46
20		A		-65.09		176.76		67.31		99.01		-139.43		-78.38		-147.55		-173.72		-158.07
21		U		-64.44		174.34		66.43		97.26		-138.68		-78.79		-151.34		-175.86		-152.79
22		U		-63.19		170.98		58.77		96.33		-140.95		-69.53		-149.27		178.44		-151.72
23		G		-68.42		175.84		63.98		94.0		-141.21		-75.58		-155.42		-177.55		-147.75
24		U		-64.35		171.27		57.74		94.63		-141.33		-73.88		-148.11		176.33		-153.47
25		A		-66.92		175.8		62.1		95.18		-137.64		-77.92		-150.41		-176.43		-154.57
26		A		-63.83		171.02		59.5		94.08		-141.27		-76.02		-149.74		177.49		-149.62
27		A		-66.99		174.29		61.99		93.56		-140.99		-78.34		-152.8		174.78		-147.68
28		A		-63.47		176.54		64.79		97.3		-138.79		-79.23		-149.01		-175.19		-149.51
29		G		-68.82		176.9		68.9		93.49		-140.14		-78.57		-154.13		175.5		-149.97
30		C		-62.29		174.58		60.61		88.5		-146.58		-72.46		-156.05		175.73		-148.32
31		G		-66.7		175.47		60.17		93.14		-140.92		-84.03		-152.13		-179.95		-149.33
32		C		-65.19		176.89		60.4		93.26		-141.48		-74.61		-153.59		-179.63		-147.82
33		C		-69.26		177.43		63.7		95.04		-140.69		-82.15		-151.85		-179.03		-152.63
