No.	   Seq		 Alpha		 Beta		Gamma		Delta		 Epsilon	 Zeta		  Chi		  Eta		 Theta

0		G		-79.18		175.04		66.18		89.06		-139.46		-80.48		-162.16		170.27		-142.37
1		C		-66.33		173.88		58.84		92.05		-140.36		-71.08		-153.28		-179.71		-152.02
2		U		-72.5		176.94		66.66		88.4		-139.54		-81.31		-160.31		174.93		-140.75
3		G		-67.4		170.88		57.85		93.68		-140.71		-73.62		-150.73		177.28		-150.85
4		A		-83.47		176.05		70.21		91.21		-138.06		-78.86		-160.71		171.63		-141.95
5		C		-59.85		173.59		57.53		94.91		-138.62		-75.93		-146.76		-173.01		-152.09
6		C		-80.79		178.97		72.6		89.74		-139.25		-86.14		-159.05		170.74		-153.46
7		A		-63.82		168.82		57.51		95.12		-137.64		-72.54		-149.71		-171.67		-138.0
8		G		-84.04		176.96		74.73		88.15		-139.6		-80.47		-162.19		172.02		-144.57
9		C		-58.35		173.16		55.83		91.83		-142.28		-71.08		-147.71		178.84		-146.24
10		U		-83.25		175.99		71.39		91.13		-137.62		-85.98		-157.95		174.22		-151.44
11		A		-60.28		174.54		61.29		102.04		-135.34		-75.02		-144.69		-166.87		-147.24
12		U		-88.42		174.85		75.17		92.69		-136.29		-79.29		-157.59		172.37		-145.17
13		G		-64.43		175.58		62.32		94.7		-140.22		-80.82		-148.46		-179.57		-163.38
14		A		-91.39		176.43		80.45		94.26		-135.33		-79.54		-159.59		178.13		-144.42
15		G		-63.77		172.22		67.68		93.3		-141.89		-75.4		-152.45		-174.44		-155.08
16		G		-76.07		176.84		73.51		93.7		-137.31		-82.76		-156.73		179.4		-143.13
17		U		-66.1		175.84		60.55		96.41		-138.98		-71.44		-147.34		178.79		-148.15
18		C		-82.44		175.93		75.07		93.82		-136.11		-86.48		-155.55		178.08		-151.14
19		A		-64.24		177.06		61.68		95.34		-140.37		-68.42		-148.77		-175.17		-150.96
20		U		-74.68		173.93		68.56		90.86		-139.23		-84.4		-156.21		172.39		-151.07
21		A		-58.49		177.28		59.64		101.95		-133.93		-71.71		-142.2		-167.57		-149.12
22		C		-89.08		176.83		78.2		90.31		-138.65		-80.56		-159.99		167.54		-146.05
23		A		-60.79		-179.18		62.02		99.3		-139.55		-74.61		-147.4		-173.27		-159.45
24		U		-70.1		174.61		67.58		91.5		-137.71		-80.73		-156.59		174.49		-143.3
25		C		-62.68		172.18		60.57		89.68		-146.16		-69.63		-154.52		174.61		-151.58
26		G		-76.24		176.26		71.05		88.68		-140.57		-79.01		-162.71		175.53		-143.43
27		U		-64.34		175.59		55.95		94.06		-145.38		-68.59		-149.05		177.42		-150.15
28		C		-83.62		175.88		73.33		87.48		-138.91		-81.13		-161.25		171.16		-147.41
29		A		-60.82		171.53		58.88		91.65		-144.79		-69.57		-152.87		177.77		-148.13
30		U		-74.99		175.41		65.49		89.92		-138.68		-82.48		-158.13		171.34		-150.07
31		A		-59.39		173.15		55.65		96.14		-141.16		-72.35		-146.58		-178.55		-153.65
32		G		-84.12		175.8		74.74		88.1		-139.11		-77.07		-161.35		165.32		-143.64
33		C		-61.45		173.01		60.33		91.2		-145.32		-75.0		-152.72		176.52		-152.75
34		A		-74.72		174.76		64.14		90.71		-139.92		-80.88		-157.87		174.41		-146.94
35		C		-60.87		174.6		57.41		91.06		-144.13		-69.59		-152.43		176.0		-150.1
