No.	   Seq		 Alpha		 Beta		Gamma		Delta		 Epsilon	 Zeta		  Chi		  Eta		 Theta

0		A		-72.29		173.93		60.55		94.3		-141.39		-72.79		-153.31		-176.04		-145.49
1		U		-79.15		179.03		68.55		92.94		-141.01		-81.08		-156.77		175.35		-145.24
2		U		-70.79		175.63		58.6		95.74		-139.3		-76.22		-146.95		-179.54		-143.52
3		C		-80.44		176.94		66.86		94.42		-139.56		-84.48		-156.32		176.09		-148.12
4		A		-65.96		176.62		60.4		95.85		-139.99		-72.8		-151.19		-173.78		-148.32
5		G		-81.28		179.01		70.11		93.45		-139.52		-85.77		-156.29		179.38		-148.2
6		G		-66.23		176.14		60.57		97.42		-137.13		-78.48		-147.41		-173.0		-149.15
7		U		-75.54		178.14		66.38		92.7		-138.46		-80.78		-154.36		177.85		-140.06
8		G		-74.53		176.82		67.78		94.32		-140.91		-80.85		-151.15		175.55		-150.19
9		A		-82.22		178.49		67.81		96.81		-136.7		-83.44		-155.16		-178.57		-144.2
10		U		-62.54		175.69		59.66		94.65		-139.27		-77.93		-149.32		-177.41		-149.15
11		U		-77.09		-179.33		64.23		95.75		-136.69		-83.8		-151.44		178.34		-139.87
12		U		-75.8		176.93		61.82		97.46		-140.36		-73.07		-148.72		179.12		-145.14
13		G		-82.98		-178.34		75.5		92.93		-140.04		-84.78		-157.64		178.13		-148.83
14		C		-62.38		177.81		55.02		93.74		-142.16		-73.14		-149.34		-175.18		-147.45
15		U		-79.38		177.25		68.62		92.3		-138.9		-84.21		-155.56		174.46		-144.19
16		A		-70.71		179.59		64.44		97.54		-140.11		-72.92		-147.9		-175.82		-142.85
17		C		-86.74		177.44		70.76		89.29		-140.6		-80.44		-157.95		168.48		-144.93
18		C		-66.61		179.59		60.29		92.34		-142.65		-74.77		-150.33		-179.11		-146.58
19		U		-74.94		179.75		64.58		100.14		-135.0		-89.92		-150.24		-175.85		-146.84
20		U		-63.15		178.53		57.68		100.25		-137.9		-73.04		-143.87		-174.78		-149.4
21		U		-92.82		178.21		69.37		98.79		-134.46		-85.03		-151.74		173.74		-141.98
22		A		-69.18		-178.85		60.71		98.07		-139.9		-78.11		-146.43		175.33		-154.44
23		A		-80.3		179.96		72.89		96.44		-135.95		-83.87		-153.76		-178.3		-147.05
24		G		-65.41		177.22		65.22		98.19		-141.27		-77.04		-147.12		-179.19		-155.33
25		U		-76.94		178.22		71.69		92.31		-139.93		-81.36		-157.41		176.09		-145.13
26		G		-67.49		176.45		62.05		95.02		-143.15		-74.19		-149.99		-179.9		-152.89
27		C		-81.53		176.36		65.88		87.81		-141.85		-78.98		-158.84		170.39		-148.16
28		A		-68.74		177.63		60.46		91.34		-146.32		-73.9		-153.62		176.12		-149.35
29		G		-77.51		176.46		71.44		89.61		-140.37		-83.01		-158.26		174.23		-145.09
30		C		-68.43		175.11		59.0		92.06		-143.56		-71.03		-153.82		175.64		-148.97
31		U		-75.66		176.93		68.17		91.58		-139.14		-85.27		-156.49		175.58		-146.72
32		A		-68.84		177.96		57.53		96.19		-140.91		-77.9		-146.81		177.07		-144.39
33		G		-85.47		176.44		73.83		92.86		-138.33		-83.24		-157.23		176.3		-144.34
34		A		-69.96		178.49		65.59		97.36		-138.82		-79.24		-148.06		-177.55		-149.92
35		A		-79.98		-179.71		70.74		92.29		-139.85		-81.37		-157.41		176.37		-146.41
