No.	   Seq		 Alpha		 Beta		Gamma		Delta		 Epsilon	 Zeta		  Chi		  Eta		 Theta

0		G		-62.43		168.88		55.69		91.61		-142.75		-79.02		-154.97		-179.29		-151.33
1		G		-70.61		174.39		68.89		89.37		-141.92		-77.15		-159.99		175.97		-148.61
2		G		-60.64		168.74		55.27		94.67		-137.69		-75.37		-151.3		-178.02		-142.42
3		G		-73.63		173.11		75.83		88.87		-141.93		-74.95		-164.12		175.16		-155.93
4		G		-64.54		169.48		62.98		92.81		-138.71		-76.74		-159.35		-174.64		-151.45
5		G		-71.67		172.56		69.66		89.76		-139.85		-74.0		-161.63		177.84		-150.29
6		U		-67.88		172.66		60.21		90.92		-137.85		-73.83		-153.1		175.8		-136.47
7		G		-69.8		171.0		66.48		89.46		-140.31		-73.66		-157.99		178.15		-143.81
8		G		-76.18		171.05		64.97		89.34		-141.44		-73.67		-159.56		170.15		-150.93
9		A		-71.29		172.97		64.85		96.99		-137.85		-75.17		-153.67		-175.05		-147.19
10		U		-67.36		175.21		61.37		92.38		-137.83		-78.71		-149.74		173.86		-152.75
11		C		-73.99		174.64		69.59		91.14		-140.4		-74.64		-157.47		175.63		-143.27
12		G		-80.75		169.85		64.25		87.32		-139.83		-72.41		-158.5		171.88		-148.29
13		A		-73.26		174.26		68.91		96.45		-136.44		-90.74		-152.94		-173.61		-158.81
14		A		-64.56		169.99		55.17		101.77		-125.43		-72.59		-140.38		-159.94		-142.79
15		U		-75.21		173.76		72.24		103.91		-130.11		-89.51		-146.24		-174.7		-147.3
16		A		-90.06		173.1		79.57		108.33		-123.84		-75.16		-139.74		-155.56		-134.66
17		G		-88.69		174.75		84.08		93.5		-137.35		-93.49		-154.36		175.83		-168.17
18		A		-58.57		171.79		61.42		101.14		-131.83		-67.62		-143.88		-168.19		-151.1
19		U		-65.65		169.2		60.99		95.26		-138.04		-83.12		-151.66		176.07		-148.93
20		C		-67.57		172.51		70.55		98.5		-139.71		-72.43		-145.7		-175.27		-159.57
21		A		-70.7		173.18		60.65		88.6		-141.25		-76.33		-158.46		174.05		-147.5
22		C		-60.24		168.08		59.88		86.66		-146.08		-70.3		-155.51		176.53		-166.54
23		A		-61.21		172.04		58.5		87.33		-141.76		-75.49		-159.2		178.71		-150.6
24		C		-57.98		169.46		62.65		86.62		-149.35		-66.93		-158.09		177.84		-157.91
25		G		-71.87		173.25		68.92		81.92		-144.88		-75.68		-166.67		166.69		-147.78
26		G		-61.2		166.44		59.82		86.62		-146.91		-67.42		-157.29		174.02		-149.04
27		A		-73.93		172.26		66.38		83.37		-143.84		-77.1		-162.86		169.32		-143.46
28		C		-55.3		170.91		62.03		90.95		-143.8		-62.88		-153.78		-175.28		-150.77
29		U		-79.58		178.04		72.88		90.27		-139.96		-82.43		-159.17		170.87		-150.39
30		C		-56.72		175.02		56.22		93.6		-138.56		-64.0		-152.6		-170.6		-149.72
31		U		-76.89		175.06		67.39		90.92		-136.98		-83.1		-155.64		170.81		-150.98
32		A		-62.65		-176.76		57.72		103.9		-130.25		-76.36		-137.86		-167.94		-155.99
33		A		-86.44		174.74		78.66		99.17		-131.63		-88.45		-152.94		-178.35		-150.83
34		A		-56.36		178.46		65.99		103.52		-132.16		-74.46		-140.11		-176.79		-158.13
35		U		-64.78		174.05		66.99		99.21		-130.44		-84.81		-149.04		-178.41		-145.54
36		U		-55.39		172.78		53.23		99.0		-138.89		-71.58		-143.02		178.53		-143.45
37		C		-72.77		169.64		70.38		92.37		-139.25		-74.83		-158.47		176.97		-153.48
38		G		-57.41		172.11		54.85		89.23		-146.59		-76.51		-153.69		-179.76		-158.53
39		U		-61.35		168.87		60.08		87.68		-139.51		-70.82		-162.74		178.02		-145.32
40		G		-57.34		168.05		52.68		96.1		-139.38		-76.52		-145.94		-177.51		-138.02
41		C		-75.8		176.83		79.61		96.36		-136.31		-86.3		-153.88		-176.98		-156.98
42		A		-61.91		170.85		66.64		92.85		-143.06		-74.04		-153.58		178.07		-154.45
43		G		-71.66		170.66		82.0		98.11		-137.73		-87.97		-155.96		-169.26		-174.32
44		G		-55.02		169.42		58.31		91.09		-144.61		-66.14		-155.84		-173.15		-141.92
45		C		-66.85		171.16		62.49		87.52		-143.0		-76.07		-159.15		177.46		-145.65
46		G		-63.48		175.54		66.16		91.45		-144.19		-73.0		-155.94		-178.29		-150.58
47		G		-74.36		171.9		72.9		88.2		-141.32		-77.1		-162.7		177.26		-150.97
48		G		-58.72		172.98		59.62		92.12		-141.93		-70.81		-154.27		-175.51		-148.05
49		U		-61.85		174.06		56.51		89.51		-136.72		-74.33		-154.36		174.61		-131.08
50		G		-78.95		176.5		69.47		102.37		-130.18		-81.15		-145.36		-176.89		-153.53
51		A		-106.02		173.99		67.07		94.19		-136.25		-78.93		-154.96		160.11		-145.73
52		A		-63.3		174.91		63.39		96.11		-137.53		-73.55		-146.09		179.1		-148.16
53		A		-70.05		-178.02		63.43		101.09		-131.4		-87.7		-145.64		179.6		-141.98
54		C		-57.23		174.78		63.45		94.22		-137.49		-66.6		-153.5		175.26		-143.37
55		U		-63.6		172.95		58.87		90.69		-138.28		-75.78		-156.78		173.34		-135.87
56		C		-62.58		173.36		54.45		86.43		-147.39		-70.2		-156.51		167.78		-145.88
57		C		-66.49		171.8		54.42		82.17		-145.35		-74.43		-164.8		168.76		-143.62
58		C		-61.84		175.62		55.31		88.22		-146.23		-73.1		-155.93		176.07		-148.3
59		G		-68.0		173.66		59.24		85.0		-144.75		-77.51		-160.49		171.17		-148.35
60		U		-63.76		170.16		57.5		92.33		-141.45		-78.45		-152.14		174.37		-149.67
61		A		-70.51		173.87		66.81		88.69		-141.38		-79.78		-161.96		172.91		-148.18
62		C		-61.3		172.99		58.18		90.64		-142.67		-75.27		-153.37		175.12		-152.64
63		U		-69.27		175.13		65.08		88.16		-143.53		-76.15		-159.3		176.5		-149.25
64		C		-66.54		172.94		59.09		90.74		-141.56		-77.02		-153.45		175.38		-150.92
65		C		-66.22		173.05		58.84		85.19		-145.7		-75.04		-161.88		176.84		-147.44
66		C		-64.73		175.06		58.7		93.38		-141.51		-81.64		-149.39		177.08		-154.12
67		C		-71.75		177.07		70.99		92.41		-141.99		-80.54		-156.11		178.73		-156.32
68		G		-68.8		175.59		71.86		95.58		-136.16		-83.96		-150.64		178.82		-160.91
69		C		-71.19		174.11		66.95		93.22		-137.4		-82.23		-155.22		-178.36		-151.93
70		C		-65.3		174.3		62.58		94.59		-137.39		-86.72		-150.07		177.57		-159.24
71		A		-75.05		178.21		77.17		102.76		-133.63		-89.73		-148.23		-170.1		-157.89
