No.	   Seq		 Alpha		 Beta		Gamma		Delta		 Epsilon	 Zeta		  Chi		  Eta		 Theta

0		G		-87.93		175.14		73.87		83.48		-142.61		-78.94		-166.47		168.99		-145.76
1		G		-81.93		177.36		74.47		82.52		-144.07		-79.01		-166.59		168.6		-144.91
2		A		-80.81		178.87		65.4		82.8		-146.06		-77.32		-164.6		165.23		-145.31
3		C		-78.59		-178.97		68.62		85.01		-143.7		-79.56		-163.22		167.22		-146.88
4		C		-75.13		176.01		60.58		79.46		-145.84		-74.48		-166.26		162.27		-137.2
5		G		-81.19		177.52		66.59		79.67		-146.56		-77.18		-168.22		161.31		-145.6
6		G		-71.96		175.91		62.66		88.79		-140.43		-73.27		-161.27		174.8		-140.5
7		U		-85.6		179.11		68.02		89.63		-138.85		-77.86		-160.2		166.46		-146.73
8		A		-91.7		-178.8		73.52		97.89		-133.65		-82.61		-152.91		176.0		-136.3
9		G		-120.3		-179.22		80.64		92.84		-135.34		-78.77		-162.6		164.3		-139.56
10		C		-84.22		-179.65		73.64		83.83		-141.77		-74.39		-165.37		166.15		-142.5
11		C		-82.12		177.72		61.99		82.34		-143.49		-73.2		-163.73		168.07		-140.93
12		U		-86.12		177.57		72.11		88.17		-140.91		-85.94		-158.0		171.88		-150.89
13		A		-107.87		177.63		78.71		89.68		-140.29		-75.81		-159.53		169.12		-142.59
14		G		-97.44		174.1		78.7		84.29		-142.92		-73.88		-166.02		162.34		-142.76
15		C		-91.75		-179.52		78.86		90.99		-136.88		-76.49		-158.18		170.48		-138.72
16		C		-101.34		179.13		90.97		91.5		-135.51		-93.84		-155.7		172.37		-165.55
17		A		-89.55		177.84		82.96		101.28		-131.17		-98.47		-149.79		-178.57		-147.66
18		G		-165.04		176.28		82.18		101.74		-131.76		-85.3		-156.26		179.87		-142.57
19		G		-99.14		-177.38		83.78		102.28		-131.15		-94.77		-148.38		-177.18		-144.39
20		A		-93.87		-179.4		76.56		102.18		-127.88		-84.4		-148.46		-169.52		-137.47
21		C		-112.46		174.06		97.42		92.98		-136.53		-85.54		-157.04		170.51		-163.53
22		A		-96.38		-178.76		96.63		90.22		-138.38		-82.7		-161.52		-177.11		-152.15
23		G		-84.52		175.88		78.76		81.56		-143.3		-77.38		-165.51		164.87		-149.17
24		G		-85.5		178.4		74.16		79.98		-144.86		-75.88		-166.48		161.21		-146.66
25		G		-73.81		175.85		64.85		79.96		-145.87		-75.13		-167.32		168.81		-141.45
26		C		-77.53		177.13		64.99		77.22		-148.31		-75.46		-169.26		160.55		-138.56
27		G		-78.76		175.84		68.95		83.1		-145.44		-73.39		-168.27		171.28		-146.25
28		G		-81.11		-179.39		62.93		83.86		-144.3		-75.9		-164.91		167.18		-145.28
29		C		-74.42		178.9		66.05		78.98		-144.72		-66.28		-170.27		166.45		-140.62
30		G		-84.38		174.31		71.38		83.47		-142.27		-74.9		-167.61		164.48		-142.43
31		G		-80.52		174.48		65.68		83.95		-142.54		-74.6		-166.25		165.42		-147.16
32		C		-83.13		177.9		67.71		81.33		-141.37		-73.49		-166.93		163.82		-136.51
33		C		-76.59		179.82		60.81		85.48		-139.49		-74.59		-161.99		167.24		-131.35
34		U		-79.85		-175.87		65.43		87.97		-137.4		-75.27		-159.22		165.46		-131.8
35		C		-119.42		174.58		69.56		86.0		-140.68		-74.1		-163.02		143.55		-139.56
36		C		-90.22		177.32		61.65		86.74		-141.68		-73.45		-160.49		162.09		-140.14
37		U		-86.66		-177.04		69.25		88.84		-140.19		-83.47		-159.14		166.65		-147.62
38		A		-154.46		178.71		92.89		92.39		-131.95		-79.6		-161.69		162.76		-146.68
39		A		-105.83		173.56		77.15		87.76		-137.54		-75.88		-165.76		154.04		-138.39
40		G		-73.45		177.68		68.82		87.54		-139.31		-79.45		-162.98		168.52		-140.35
41		C		-72.44		178.03		59.24		84.54		-143.31		-77.06		-161.71		167.44		-140.38
42		C		-83.15		179.35		80.94		88.34		-141.2		-80.05		-160.23		172.73		-152.1
43		G		-84.78		175.02		73.98		84.37		-141.16		-78.61		-164.95		170.09		-143.09
44		C		-70.1		172.5		59.28		80.3		-145.47		-76.73		-162.81		167.74		-152.74
45		A		-71.23		172.45		63.85		81.58		-141.1		-76.1		-164.33		170.54		-143.33
46		G		-77.33		173.34		75.4		84.27		-141.93		-79.23		-162.53		165.7		-147.97
47		G		-76.4		174.36		72.58		85.71		-141.2		-76.13		-160.99		170.62		-142.73
48		U		-73.9		173.08		70.92		92.28		-135.74		-77.94		-156.2		-177.38		-130.62
49		C		-90.78		-178.13		78.76		92.95		-137.76		-86.87		-156.47		-179.03		-168.66
50		C		-87.14		-179.44		70.61		84.9		-143.14		-71.69		-166.67		-172.99		-146.48
51		G		-76.45		175.69		66.91		80.98		-146.19		-73.33		-166.22		169.2		-142.2
52		G		-81.36		179.18		74.98		85.56		-143.43		-75.25		-162.65		170.96		-146.3
53		G		-92.35		179.88		94.52		79.76		-143.14		-75.26		-170.89		168.34		-143.59
54		G		-93.45		179.65		78.28		84.63		-140.87		-77.22		-167.84		168.12		-142.04
55		U		-77.45		178.0		65.44		85.13		-139.05		-74.56		-162.47		167.18		-132.71
56		U		-78.93		175.65		56.7		84.95		-138.0		-74.64		-157.81		160.78		-130.8
57		C		-123.3		178.32		60.43		86.58		-138.52		-75.6		-159.81		131.72		-138.19
58		A		-86.31		-179.87		60.95		87.54		-139.2		-77.88		-157.07		161.92		-140.2
59		A		-89.51		-176.7		68.14		97.11		-130.32		-89.75		-149.78		175.52		-143.37
60		A		-75.41		-178.5		70.64		89.3		-134.69		-72.63		-161.81		153.07		-131.37
61		U		-67.9		176.66		66.62		94.57		-132.67		-74.81		-156.79		167.4		-123.85
62		C		-72.7		176.15		55.5		83.3		-143.74		-74.91		-162.19		155.67		-135.33
63		C		-75.89		178.18		63.39		81.15		-144.66		-75.06		-165.71		165.0		-146.82
64		C		-71.65		176.17		61.5		78.56		-147.89		-75.53		-166.53		166.63		-145.07
65		C		-70.8		175.09		59.75		78.21		-148.92		-74.93		-168.05		166.32		-147.87
66		G		-73.82		177.45		64.59		79.7		-146.73		-74.67		-170.08		170.18		-143.58
67		C		-74.74		176.46		67.5		77.33		-146.56		-74.19		-169.24		163.1		-145.96
68		C		-75.16		175.8		70.16		79.12		-146.17		-77.15		-167.23		166.38		-147.16
69		G		-81.16		173.06		71.5		82.25		-143.54		-80.47		-165.46		167.1		-147.49
70		G		-73.98		172.7		64.18		87.63		-143.74		-77.34		-160.61		175.2		-151.56
71		U		-74.95		176.11		64.36		86.7		-142.39		-76.16		-159.86		171.32		-145.24
72		C		-78.9		176.89		65.65		89.49		-141.1		-78.33		-156.97		172.79		-145.98
73		C		-79.12		176.14		64.8		87.76		-141.51		-77.98		-159.02		170.78		-147.88
74		G		-73.05		-178.79		76.23		94.21		-135.58		-87.22		-153.2		-176.97		-156.54
