No.	   Seq		 Alpha		 Beta		Gamma		Delta		 Epsilon	 Zeta		  Chi		  Eta		 Theta

0		U		-73.27		177.68		60.99		93.37		-139.98		-88.09		-158.52		175.65		-144.71
1		C		-75.85		177.53		70.39		82.46		-147.12		-76.66		-169.66		168.54		-154.86
2		C		-67.41		177.15		57.17		70.94		-150.53		-75.64		-168.86		166.95		-137.22
3		G		-68.95		172.72		54.77		87.25		-142.23		-82.02		-157.14		176.02		-147.68
4		A		-71.41		174.28		59.97		92.33		-132.56		-84.48		-157.42		174.55		-140.6
5		A		-75.64		173.07		64.96		111.27		-121.36		-95.71		-148.47		-155.33		-133.83
6		G		-87.34		179.08		73.01		102.97		-127.12		-94.51		-150.39		171.33		-133.16
7		U		-83.73		178.68		71.04		97.51		-134.14		-77.37		-153.06		173.39		-128.48
8		G		-94.81		178.6		86.17		102.22		-132.88		-87.02		-151.73		-168.42		-145.06
9		C		-129.32		173.23		69.44		89.18		-144.06		-69.61		-162.04		136.28		-149.47
10		A		-82.1		173.14		76.89		101.43		-135.58		-101.99		-152.89		-168.09		-172.51
11		A		-70.89		178.42		65.22		107.44		-130.34		-94.04		-141.26		-171.65		-152.95
12		C		-94.39		172.68		89.19		84.14		-143.14		-73.15		-166.11		157.21		-148.26
13		G		-70.83		178.31		76.89		81.95		-146.47		-80.16		-170.88		174.97		-147.11
14		G		-74.27		177.93		70.98		89.32		-142.37		-78.23		-165.66		179.86		-155.96
15		G		-94.84		175.07		85.23		96.27		-137.97		-81.47		-155.56		-173.4		-160.55
16		A		-126.04		176.07		77.56		106.88		-129.3		-82.72		-146.8		-159.8		-142.71
17		A		-100.32		174.15		81.46		104.1		-132.62		-88.79		-144.0		173.98		-155.12
18		A		-100.54		173.72		91.41		104.85		-130.5		-96.87		-147.26		-163.96		-170.75
19		A		-65.31		170.35		63.56		103.04		-134.12		-75.98		-148.47		-175.78		-145.3
20		U		-56.49		175.13		66.02		94.05		-140.03		-72.38		-155.19		179.5		-133.42
21		G		-75.31		178.59		71.81		101.51		-136.66		-76.09		-148.59		-177.33		-144.12
22		C		-85.52		-179.51		69.92		88.07		-145.45		-71.33		-159.85		169.02		-151.71
23		A		-71.65		-177.55		71.89		85.12		-147.73		-81.27		-160.51		177.37		-153.3
24		C		-65.88		168.92		51.24		87.5		-144.93		-80.59		-152.77		173.77		-147.46
25		U		-75.45		170.06		66.57		89.78		-145.13		-80.52		-157.58		168.08		-157.23
