No.	   Seq		 Alpha		 Beta		Gamma		Delta		 Epsilon	 Zeta		  Chi		  Eta		 Theta

0		U		-93.49		-179.48		81.86		90.25		-140.89		-83.88		-163.81		172.81		-154.04
1		G		-74.73		177.16		66.63		84.82		-144.43		-77.33		-165.49		171.2		-139.4
2		G		-89.81		174.69		66.56		84.14		-142.44		-74.82		-165.18		159.76		-140.74
3		G		-79.33		177.65		75.58		84.02		-145.66		-78.0		-166.8		168.64		-155.1
4		A		-78.44		176.06		73.81		83.75		-143.84		-72.66		-163.93		173.82		-145.98
5		G		-94.45		172.8		81.76		82.16		-145.37		-77.28		-167.86		164.74		-149.54
6		G		-80.41		178.87		76.52		97.35		-133.11		-82.07		-155.71		-179.04		-139.31
7		U		-76.25		-179.48		69.12		84.21		-140.26		-73.61		-164.73		165.76		-138.7
8		C		-131.07		176.61		74.56		92.8		-138.14		-81.58		-159.79		165.53		-140.53
9		G		-112.78		176.45		70.26		89.81		-139.01		-75.15		-164.39		166.49		-140.17
10		U		-79.55		179.97		61.7		81.77		-145.74		-75.7		-158.84		168.03		-137.78
11		C		-81.67		176.86		59.5		86.21		-142.91		-70.02		-158.45		166.24		-140.81
12		U		-121.43		173.64		84.69		88.96		-139.53		-84.87		-161.28		160.76		-153.71
13		A		-140.64		-179.52		112.32		92.08		-138.21		-88.54		-160.62		174.18		-164.74
14		A		-95.0		175.21		76.79		93.87		-133.04		-80.73		-153.72		169.87		-138.3
15		C		-105.98		179.22		81.99		94.5		-133.13		-76.07		-156.32		172.26		-127.01
16		G		175.78		-175.64		112.5		97.76		-129.63		-95.58		-157.2		-168.08		-145.97
17		G		-99.06		173.41		76.82		106.7		-125.53		-78.26		-143.98		-169.25		-136.24
18		U		-123.34		176.58		91.68		104.02		-129.25		-93.68		-146.49		-174.84		-166.17
19		A		-132.27		-177.67		117.82		98.0		-132.19		-90.64		-151.15		-170.68		-157.26
20		G		-133.98		174.1		95.91		88.59		-135.55		-76.09		-165.48		164.22		-147.94
21		G		-100.73		172.38		88.81		84.88		-143.94		-83.34		-165.67		164.54		-162.13
22		A		-75.25		176.96		70.52		82.05		-146.42		-74.49		-164.91		171.81		-145.3
23		C		-71.32		171.89		64.57		80.65		-146.75		-70.84		-165.03		165.47		-146.25
24		G		-83.34		175.64		81.23		85.57		-142.88		-71.01		-167.74		175.64		-143.97
25		G		-74.9		179.75		59.64		78.63		-148.21		-72.1		-166.47		160.77		-148.81
26		C		-71.99		176.7		66.24		75.31		-147.75		-68.43		-175.94		163.14		-143.09
27		G		-78.04		170.82		66.94		79.6		-143.9		-75.84		-170.92		163.19		-145.92
28		G		-85.32		174.22		71.69		79.95		-147.63		-77.94		-166.51		161.99		-148.41
29		A		-89.86		-176.46		76.93		86.95		-137.57		-74.09		-161.31		170.08		-129.41
30		C		-77.73		174.67		62.83		83.33		-139.11		-69.15		-163.63		164.41		-129.9
31		U		-82.67		-178.55		66.63		90.46		-135.43		-90.68		-159.36		169.47		-153.01
32		C		-77.57		177.78		55.68		90.38		-140.17		-72.86		-157.32		170.44		-137.88
33		U		-91.1		-173.15		66.91		87.49		-140.95		-74.38		-160.91		160.07		-140.38
34		G		-82.83		-172.89		74.11		91.23		-135.59		-73.06		-158.35		172.34		-134.92
35		G		-141.0		175.51		72.54		90.73		-132.1		-86.05		-163.98		154.47		-149.36
36		A		-71.45		177.51		70.67		96.64		-133.09		-75.05		-157.98		178.86		-137.96
37		U		-67.4		174.99		57.7		85.53		-143.99		-78.61		-156.32		166.03		-133.51
38		C		-84.25		177.6		71.36		84.84		-140.71		-70.24		-163.44		163.94		-138.3
39		C		-81.35		169.73		64.53		82.13		-143.88		-74.78		-165.1		158.71		-145.46
40		G		-64.98		-177.3		65.79		82.8		-145.68		-82.89		-162.74		173.32		-159.82
41		C		-59.06		171.65		52.77		78.8		-148.0		-67.94		-168.12		174.43		-137.14
42		U		-72.11		170.98		67.41		87.26		-139.08		-79.26		-158.08		164.53		-136.11
43		G		-84.84		179.06		95.37		92.82		-133.82		-86.65		-154.94		173.77		-148.94
44		G		-61.75		175.76		69.15		90.89		-138.33		-77.54		-157.23		-174.41		-151.45
45		U		-64.54		173.45		79.95		109.1		-126.96		-117.57		-146.49		-150.42		167.66
46		G		-55.21		178.55		71.92		89.27		-139.29		-75.06		-158.56		-153.76		-144.94
47		G		-111.69		174.77		78.96		84.44		-143.83		-70.67		-167.26		168.24		-150.65
48		A		-71.52		-179.99		69.05		85.39		-144.45		-70.32		-162.04		177.97		-139.15
49		G		-83.49		-178.83		93.3		83.56		-142.22		-78.73		-166.23		174.22		-152.18
50		G		-70.88		178.54		73.16		85.86		-139.42		-73.16		-165.16		173.11		-139.89
51		U		-64.79		170.6		57.95		86.82		-139.34		-68.16		-157.03		171.94		-134.03
52		U		-71.6		-174.29		61.37		90.6		-138.79		-79.9		-154.02		166.03		-133.2
53		C		-109.97		173.1		55.31		87.55		-138.49		-68.97		-158.96		124.85		-134.57
54		G		-83.38		-175.03		74.06		85.86		-140.99		-82.48		-163.36		169.74		-150.81
55		A		-64.41		-171.96		63.3		95.34		-133.77		-84.42		-149.09		-173.81		-143.52
56		G		-59.65		-178.18		59.54		88.86		-136.89		-75.06		-159.9		164.8		-132.95
57		U		-65.07		-178.85		64.28		93.51		-131.66		-68.49		-158.04		172.74		-110.67
58		C		-88.85		-176.11		70.73		84.94		-142.39		-76.12		-163.8		156.39		-145.26
59		C		-71.42		179.26		53.25		82.48		-145.17		-71.97		-164.03		166.85		-143.33
60		U		-65.33		178.4		49.34		86.45		-144.1		-71.66		-160.82		176.79		-136.0
61		C		-67.95		172.88		52.3		81.03		-149.12		-70.22		-160.53		161.76		-138.07
62		C		-87.92		-176.0		67.38		83.24		-145.24		-72.27		-164.43		163.08		-142.47
63		C		-72.65		-179.3		63.71		79.52		-147.5		-79.03		-167.53		166.41		-150.66
64		C		-61.53		177.73		59.11		78.36		-147.42		-71.77		-165.64		170.65		-149.57
65		U		-69.73		171.8		59.98		81.02		-145.55		-74.97		-161.45		166.42		-142.93
66		C		-77.34		174.47		59.13		82.18		-146.27		-73.24		-163.15		157.7		-147.39
67		C		-67.66		175.89		57.28		80.34		-147.99		-71.08		-164.79		166.21		-146.25
68		C		-72.66		174.48		58.34		87.53		-143.18		-81.41		-154.49		167.59		-151.75
69		A		-73.15		178.88		68.27		90.64		-140.66		-78.55		-158.37		177.58		-149.92
70		G		-66.81		175.32		72.89		90.54		-136.53		-78.72		-155.51		177.16		-151.75
71		C		-75.28		179.68		64.48		91.46		-136.0		-75.21		-156.98		175.4		-142.95
72		C		-74.45		178.42		72.94		91.94		-136.88		-82.17		-153.92		170.99		-155.37
73		A		-78.83		177.08		77.57		98.02		-134.53		-85.23		-149.8		-176.6		-154.5
