No.	   Seq		 Alpha		 Beta		Gamma		Delta		 Epsilon	 Zeta		  Chi		  Eta		 Theta

0		G		-82.56		173.88		79.1		85.6		-143.98		-80.34		-165.31		170.45		-151.41
1		G		-73.52		169.9		66.31		79.77		-146.81		-74.11		-169.6		167.05		-144.41
2		C		-79.87		173.53		75.48		85.61		-145.92		-73.64		-166.3		173.31		-144.81
3		G		-73.95		178.66		69.04		87.0		-143.54		-78.91		-160.95		172.24		-154.6
4		C		-73.21		174.05		65.75		85.34		-143.01		-79.09		-162.58		171.86		-149.55
5		G		-73.06		172.74		69.17		84.74		-141.14		-74.7		-167.65		169.05		-146.53
6		G		-80.3		175.19		73.92		82.85		-145.76		-73.65		-167.29		165.51		-148.63
7		G		-72.99		170.89		65.37		80.8		-145.75		-73.07		-166.85		166.66		-150.4
8		G		-89.8		170.59		77.35		92.47		-136.0		-74.13		-158.74		-179.94		-142.71
9		U		-91.14		170.77		72.82		87.59		-139.45		-76.16		-160.0		165.9		-141.77
10		A		-95.95		177.89		72.12		92.54		-138.0		-72.43		-158.11		177.1		-139.24
11		C		-85.77		174.97		66.53		84.08		-143.7		-72.81		-165.95		160.61		-150.86
12		C		-77.72		176.52		67.64		82.76		-146.05		-75.34		-163.08		169.72		-155.72
13		G		-77.63		176.42		67.63		81.89		-146.79		-75.73		-164.54		169.14		-146.2
14		G		-83.45		173.93		79.95		85.68		-144.98		-71.0		-166.17		172.51		-147.68
15		G		-80.65		172.16		78.87		81.65		-143.23		-72.96		-169.89		167.07		-143.5
16		C		-80.22		172.7		75.39		85.31		-139.85		-73.63		-164.95		167.03		-146.29
17		U		-70.06		169.99		68.87		91.3		-134.49		-74.85		-156.97		177.58		-144.11
18		U		-85.74		173.6		71.91		96.96		-132.9		-80.81		-148.6		177.43		-155.91
19		G		-121.69		174.42		76.75		94.13		-131.81		-77.87		-157.63		157.08		-146.02
20		G		-77.9		178.27		69.49		101.26		-127.6		-87.96		-149.57		-170.95		-150.24
21		U		-66.41		-178.6		80.68		94.72		-131.97		-86.08		-152.9		174.35		-159.53
22		A		-86.44		177.25		83.52		96.63		-134.58		-79.51		-155.0		-179.48		-138.96
23		G		-136.77		175.06		96.24		88.83		-139.69		-75.77		-166.55		160.07		-150.65
24		C		-65.02		172.05		60.43		80.73		-145.39		-71.28		-161.96		169.97		-144.14
25		C		-70.95		175.87		65.45		76.77		-147.19		-68.75		-167.31		163.7		-157.96
26		C		-74.03		172.64		68.79		79.75		-146.94		-76.52		-168.01		165.84		-157.5
27		G		-63.72		173.41		69.09		73.5		-149.55		-72.77		-176.26		165.98		-149.85
28		G		-70.67		-178.74		69.75		80.76		-141.82		-80.48		-165.49		172.36		-142.55
29		G		-95.87		179.15		78.38		80.01		-141.77		-72.35		-171.84		152.8		-141.83
30		G		-89.56		-178.66		93.61		89.0		-137.25		-83.35		-163.24		177.71		-147.41
31		C		-78.61		172.58		70.48		84.16		-139.63		-72.48		-165.41		167.56		-146.84
32		U		-70.88		173.89		63.52		97.38		-133.32		-82.33		-150.74		-176.74		-153.66
33		U		-73.45		-179.21		56.17		101.2		-128.94		-73.07		-146.67		179.34		-154.65
34		C		-89.67		178.78		69.86		88.18		-136.18		-69.9		-163.47		165.14		-147.74
35		G		-87.32		-179.09		89.98		87.46		-137.51		-76.99		-167.95		167.08		-152.16
36		G		-69.8		-179.76		74.98		84.39		-138.25		-73.05		-168.6		170.3		-146.41
37		C		-63.64		177.98		65.8		79.15		-142.12		-65.87		-168.19		167.59		-132.46
38		C		-87.63		177.15		66.22		80.02		-143.61		-68.04		-168.15		150.46		-138.41
39		G		-83.83		172.4		67.64		80.26		-145.36		-80.29		-165.24		153.71		-155.94
40		A		-76.27		167.2		63.1		84.05		-142.42		-68.38		-166.6		162.35		-150.05
41		G		-68.86		168.17		69.06		79.02		-146.07		-71.24		-169.34		160.94		-143.31
42		G		-73.91		-180.0		72.21		84.45		-141.53		-72.63		-170.92		169.63		-144.12
43		G		-72.93		-179.79		70.97		84.9		-135.95		-77.49		-170.01		167.42		-144.68
44		C		-72.0		175.19		66.38		86.22		-137.79		-69.8		-163.88		172.54		-143.54
45		G		-61.12		176.35		58.61		88.6		-140.08		-87.51		-154.12		177.12		-155.73
46		A		-71.2		175.76		62.14		100.13		-131.31		-74.68		-145.02		-167.12		-151.38
47		G		-80.43		175.99		78.2		90.67		-136.94		-79.41		-159.08		168.78		-158.43
48		A		-61.33		170.98		63.25		89.41		-139.93		-66.29		-158.05		176.24		-141.36
49		G		-70.82		169.85		66.75		82.15		-143.79		-69.13		-167.47		165.22		-148.23
50		C		-61.51		167.12		53.25		83.64		-144.3		-65.1		-156.49		176.89		-142.55
51		C		-70.49		175.35		66.11		79.31		-142.86		-71.19		-162.32		165.34		-145.19
52		C		-58.78		169.63		56.9		85.45		-145.26		-70.6		-155.68		177.09		-154.78
53		U		-70.65		170.82		64.45		88.91		-138.78		-73.46		-163.05		171.7		-157.35
54		C		-55.06		173.07		58.73		86.61		-143.55		-64.11		-160.14		-179.37		-148.21
55		G		-98.56		-179.55		78.44		80.44		-146.42		-72.91		-171.35		157.92		-143.64
56		G		-65.07		176.23		72.72		87.96		-142.29		-70.78		-160.7		176.27		-147.66
57		G		-80.93		171.1		82.15		79.93		-142.62		-70.95		-171.19		166.88		-149.8
58		G		-57.92		174.1		66.0		84.81		-142.55		-74.02		-166.03		178.13		-149.28
59		U		-64.74		173.43		54.48		87.92		-138.96		-70.3		-158.0		170.49		-136.72
60		U		-63.98		175.38		54.43		86.2		-140.21		-68.31		-158.69		170.95		-135.48
61		C		-92.93		174.14		60.18		85.47		-141.61		-65.7		-161.5		139.79		-136.21
62		G		-62.72		-178.71		58.44		83.45		-146.07		-73.73		-163.12		169.31		-148.31
63		A		-62.39		179.73		60.44		99.16		-131.33		-82.03		-146.96		-171.84		-142.78
64		U		-53.56		175.88		56.3		97.63		-129.74		-69.61		-147.89		165.11		-130.44
65		U		-73.34		178.64		69.91		90.89		-135.48		-73.58		-155.9		160.25		-133.68
66		C		-67.34		176.01		52.95		86.06		-143.43		-74.25		-157.75		158.85		-142.83
67		C		-64.53		177.03		57.58		77.95		-148.1		-71.43		-165.88		162.83		-152.86
68		C		-58.59		179.05		54.12		81.87		-147.66		-74.72		-161.41		179.28		-143.56
69		C		-63.55		173.81		59.55		77.88		-148.97		-69.23		-167.78		164.3		-143.67
70		C		-64.65		177.74		62.2		83.18		-146.35		-72.5		-165.71		175.56		-139.49
71		C		-68.53		176.69		60.68		81.25		-144.53		-76.59		-164.81		168.03		-148.51
72		C		-60.78		173.12		56.85		81.34		-147.28		-73.46		-163.03		169.61		-149.65
73		U		-64.63		172.45		62.26		87.76		-141.55		-81.41		-156.2		174.75		-156.58
74		G		-66.57		169.56		61.16		88.32		-144.5		-73.7		-158.74		172.14		-153.39
75		C		-67.87		174.53		61.1		86.3		-144.54		-73.05		-159.75		169.47		-153.69
76		G		-64.68		174.4		65.92		89.88		-141.95		-74.57		-157.87		176.01		-150.27
77		C		-67.66		176.43		65.98		86.13		-140.59		-77.88		-159.39		176.8		-153.69
78		C		-63.71		171.42		65.82		86.86		-141.16		-74.31		-158.32		176.13		-156.53
79		G		-68.59		177.08		66.11		93.76		-134.48		-80.81		-154.14		180.0		-154.45
80		C		-67.64		175.2		62.65		92.28		-138.32		-73.01		-153.91		175.86		-156.94
