No.	   Seq		 Alpha		 Beta		Gamma		Delta		 Epsilon	 Zeta		  Chi		  Eta		 Theta

0		G		-65.87		173.64		64.88		99.5		-135.12		-78.03		-151.06		-175.14		-170.81
1		G		-69.01		168.65		68.11		92.29		-135.18		-79.49		-158.81		-179.12		-152.2
2		G		-63.83		164.02		63.2		90.37		-141.08		-74.09		-157.45		-176.85		-155.79
3		A		-68.0		173.03		63.59		90.05		-140.71		-79.92		-155.21		-179.66		-151.14
4		C		-62.04		168.7		55.52		89.21		-141.95		-73.95		-152.54		175.89		-148.59
5		C		-72.31		172.7		65.4		90.75		-140.76		-87.99		-155.7		172.43		-164.6
6		A		-55.81		170.22		57.43		91.48		-143.71		-73.45		-153.38		-176.57		-145.95
7		G		-65.46		171.36		60.7		88.51		-143.15		-72.24		-159.53		175.54		-151.92
8		G		-63.44		169.9		60.14		89.76		-142.62		-70.9		-158.5		176.97		-147.35
9		G		-71.21		173.49		63.54		93.08		-137.67		-86.05		-157.25		177.99		-154.92
10		G		-61.0		169.81		61.9		88.33		-143.23		-75.0		-159.95		-179.31		-148.61
11		U		-70.81		167.98		59.53		95.36		-136.87		-71.03		-154.18		-175.04		-145.23
12		G		-65.06		175.79		62.39		92.68		-139.12		-76.15		-153.19		179.76		-148.75
13		C		-72.8		173.23		61.29		93.15		-134.98		-70.27		-153.83		-177.24		-141.69
14		U		-59.98		167.15		54.82		96.63		-136.08		-75.12		-146.17		-178.12		-156.9
15		U		-68.99		173.39		64.35		96.96		-133.34		-69.51		-149.98		-179.04		-141.0
16		G		-67.29		170.44		62.6		93.92		-137.84		-73.49		-151.77		173.89		-149.0
17		U		-60.57		168.42		51.4		100.32		-130.54		-79.44		-138.97		-176.52		-150.65
18		U		-60.01		172.42		56.21		98.06		-132.72		-79.87		-142.1		-178.62		-156.62
19		C		-72.8		171.65		63.04		102.75		-128.91		-76.53		-140.69		-158.75		-156.97
20		A		-67.19		173.02		69.74		93.25		-140.34		-66.88		-158.15		-176.77		-151.24
21		C		-56.8		172.72		60.14		92.52		-136.26		-81.2		-147.95		-174.21		-157.98
22		A		-59.65		172.51		68.15		88.83		-139.2		-67.51		-159.6		178.86		-147.23
23		G		-58.19		162.93		61.53		92.61		-139.72		-68.71		-153.66		-177.77		-138.8
24		G		-67.15		170.85		71.85		91.53		-143.41		-73.39		-158.47		175.4		-156.09
25		C		-62.2		171.05		62.6		92.96		-137.85		-74.87		-151.48		-177.82		-155.85
26		U		-64.18		168.51		68.41		92.68		-140.27		-79.5		-150.49		-179.63		-167.32
27		G		-58.53		169.14		59.83		88.45		-144.02		-71.37		-156.23		-177.91		-157.09
28		A		-60.91		167.58		58.67		91.21		-140.82		-66.11		-154.06		-176.74		-155.32
29		G		-60.33		172.48		58.05		89.95		-137.98		-79.59		-154.99		175.71		-158.78
30		A		-54.7		172.5		58.55		98.04		-136.76		-71.1		-143.78		-171.54		-170.09
31		A		-65.68		168.58		65.29		93.64		-137.13		-68.17		-150.55		-179.68		-153.76
32		A		-66.12		170.35		74.92		94.74		-139.1		-77.44		-152.22		-178.98		-174.46
33		G		-57.64		168.02		57.61		91.93		-136.98		-69.13		-153.23		179.04		-152.58
34		U		-59.06		167.35		56.5		92.44		-142.92		-70.5		-152.22		-177.81		-152.81
35		C		-63.58		169.36		59.49		87.55		-145.79		-66.39		-154.46		173.66		-133.57
36		C		-69.78		176.43		64.81		83.58		-148.95		-69.8		-162.06		172.71		-146.55
37		C		-60.32		172.28		56.67		88.73		-140.55		-68.83		-156.24		-173.63		-152.88
38		U		-55.41		171.69		57.59		93.22		-137.91		-76.24		-152.64		-176.05		-159.89
39		U		-59.81		169.2		56.54		96.74		-137.98		-62.8		-147.15		-174.16		-153.75
40		U		-68.55		171.94		64.2		101.63		-134.14		-82.33		-145.75		179.77		-153.81
41		G		-64.01		169.91		63.74		94.02		-141.6		-71.33		-149.55		179.08		-172.48
42		A		-65.78		170.14		59.19		99.77		-137.4		-78.32		-144.76		-170.02		-160.86
43		A		-52.74		168.61		57.35		98.02		-138.75		-59.29		-149.8		-167.21		-151.22
44		C		-58.1		174.33		58.09		90.32		-139.32		-74.21		-153.06		176.91		-144.95
45		C		-58.46		164.81		53.39		89.58		-142.89		-65.59		-152.84		173.5		-149.25
46		U		-62.88		167.48		53.38		90.26		-144.16		-75.11		-151.71		174.04		-152.68
47		G		-63.02		168.27		62.79		91.05		-145.49		-67.23		-153.22		178.36		-166.18
48		A		-69.38		168.97		59.46		90.68		-140.77		-74.26		-152.43		171.33		-148.74
49		A		-61.68		168.3		71.11		95.72		-137.21		-69.41		-151.93		173.57		-157.48
50		C		-63.97		168.01		64.95		92.04		-138.94		-88.84		-151.38		171.38		-166.79
51		A		-55.49		171.42		61.98		86.79		-146.4		-67.06		-158.79		175.31		-151.32
52		G		-67.52		170.61		73.62		93.3		-138.9		-85.16		-157.21		-177.44		-151.23
53		G		-56.69		173.61		62.14		89.04		-144.59		-66.23		-156.14		-174.29		-152.59
54		G		-61.24		170.51		61.36		93.55		-135.52		-70.09		-155.85		-173.46		-142.26
55		U		-63.0		170.7		57.53		94.5		-141.37		-73.13		-149.09		175.14		-149.57
56		A		-78.95		173.35		78.97		104.29		-131.78		-96.74		-146.92		-174.35		-165.79
57		A		-59.93		171.83		63.17		98.91		-133.93		-77.6		-144.61		-170.55		-154.04
58		U		-61.95		169.03		62.53		95.22		-135.47		-75.79		-152.83		178.39		-145.58
59		G		-55.71		173.63		57.42		97.18		-135.18		-70.92		-143.02		-171.55		-140.52
60		C		-80.21		175.55		70.31		90.02		-139.0		-77.1		-159.62		171.91		-142.23
61		C		-56.34		175.62		59.91		89.18		-147.09		-71.28		-156.37		174.71		-155.26
62		U		-61.74		172.85		57.68		89.0		-141.58		-78.69		-155.56		177.48		-147.65
63		G		-63.13		170.77		60.18		91.1		-145.18		-70.31		-154.24		169.5		-153.54
64		C		-65.77		166.78		62.55		82.65		-143.12		-74.14		-164.66		165.92		-139.1
65		G		-61.01		171.45		58.46		93.02		-141.53		-76.07		-154.14		178.13		-153.25
66		C		-68.09		171.88		60.01		91.18		-139.95		-85.23		-157.82		178.56		-154.71
67		A		-60.23		170.75		58.25		92.21		-144.31		-68.31		-155.38		-178.8		-155.97
68		G		-65.76		177.05		68.58		86.49		-140.69		-78.09		-162.11		174.66		-145.08
69		G		-62.5		170.46		58.59		89.94		-141.39		-73.83		-156.42		174.41		-152.98
70		G		-67.71		167.67		68.95		88.14		-140.11		-76.59		-163.58		173.4		-151.37
71		A		-65.62		170.53		62.94		94.75		-141.21		-80.72		-150.45		-178.65		-158.15
72		G		-72.86		171.0		68.58		88.63		-140.46		-75.0		-163.0		173.32		-148.41
73		U		-62.79		169.41		58.19		95.45		-135.74		-75.03		-148.23		179.42		-150.87
74		G		-65.91		169.76		59.26		88.84		-139.89		-77.66		-157.74		171.62		-149.6
75		U		-57.71		172.31		59.67		93.95		-138.73		-78.19		-147.13		176.98		-154.62
76		C		-75.43		175.38		70.14		88.31		-140.42		-81.49		-160.61		171.23		-151.49
