No.	   Seq		 Alpha		 Beta		Gamma		Delta		 Epsilon	 Zeta		  Chi		  Eta		 Theta

0		G		-84.72		172.72		70.29		89.85		-140.09		-80.74		-161.04		174.13		-147.07
1		G		-79.47		177.9		73.04		85.81		-142.69		-77.26		-165.84		168.8		-144.54
2		C		-78.68		177.85		68.87		87.4		-141.39		-81.72		-161.28		173.65		-143.44
3		C		-90.02		175.77		76.49		85.57		-141.6		-80.36		-165.3		166.62		-147.96
4		G		-81.56		176.97		74.04		88.27		-142.29		-82.46		-162.18		171.32		-151.82
5		A		-77.8		178.43		63.24		87.27		-142.22		-81.34		-161.45		169.36		-146.68
6		C		-73.98		176.9		66.05		89.07		-138.86		-78.61		-160.94		168.68		-142.59
7		G		-75.05		174.63		62.7		87.77		-140.42		-79.53		-160.83		168.92		-140.52
8		G		-102.94		-179.77		81.58		98.82		-134.76		-87.47		-157.1		179.66		-159.15
9		A		-77.62		174.88		62.28		93.72		-137.1		-79.29		-157.78		175.05		-143.43
10		G		-87.9		177.05		72.74		90.62		-138.07		-77.5		-161.82		174.33		-144.86
11		G		-81.7		173.48		65.04		87.15		-140.59		-78.75		-162.74		172.54		-141.65
12		C		-88.81		174.39		76.08		84.61		-143.26		-75.26		-164.56		168.56		-149.0
13		G		-79.32		176.32		74.63		84.88		-142.22		-78.63		-162.1		174.44		-148.67
14		C		-94.3		173.23		70.02		88.26		-142.48		-75.98		-161.98		165.23		-141.94
15		G		-83.29		173.17		78.63		87.45		-141.14		-78.52		-162.89		171.47		-145.63
16		C		-84.89		173.11		71.53		86.54		-142.19		-73.9		-162.43		171.25		-144.28
17		C		-79.84		171.51		69.88		85.58		-141.79		-78.9		-162.92		165.16		-149.33
18		C		-84.92		174.0		70.93		92.69		-138.6		-82.45		-153.71		178.59		-149.11
19		G		-92.53		176.64		83.52		95.8		-135.69		-89.47		-155.41		176.73		-157.27
20		A		-81.71		175.42		77.59		99.23		-133.43		-79.03		-153.29		-177.95		-146.36
21		G		-110.21		175.18		90.04		90.96		-136.12		-80.62		-165.16		168.91		-147.3
22		A		-71.87		171.55		71.53		98.36		-130.78		-79.91		-153.79		179.96		-137.76
23		U		-83.42		174.24		79.77		88.03		-138.18		-73.65		-162.35		166.64		-145.65
24		G		-81.72		172.82		72.49		86.47		-141.68		-81.13		-161.07		171.3		-149.45
25		A		-76.19		170.95		64.23		82.1		-142.44		-72.76		-166.44		167.45		-145.47
26		G		-71.55		168.69		70.59		80.92		-144.4		-76.93		-164.36		169.04		-151.96
27		U		-79.1		177.63		69.52		87.88		-140.39		-83.24		-158.56		172.59		-155.44
28		A		-78.53		172.62		67.12		83.49		-143.17		-76.98		-166.25		165.07		-144.57
29		G		-92.39		175.83		79.39		82.88		-140.67		-78.63		-168.83		166.08		-143.78
30		G		-70.53		175.35		58.5		80.6		-145.36		-75.93		-165.09		165.56		-146.62
31		C		-70.35		172.21		60.33		82.98		-145.03		-71.82		-162.86		167.82		-143.04
32		U		-71.57		172.14		64.8		88.37		-142.48		-81.35		-161.9		-179.73		-149.97
33		G		-83.24		173.07		74.9		92.98		-137.62		-81.14		-159.89		174.06		-150.68
34		U		-82.39		175.68		69.47		88.34		-136.8		-74.22		-163.25		172.07		-135.42
35		C		-79.1		178.69		72.43		86.96		-139.99		-75.67		-161.95		168.89		-141.45
36		C		-73.16		175.7		64.15		85.64		-137.97		-75.96		-162.55		175.8		-138.1
37		C		-87.98		172.47		75.51		85.69		-139.42		-82.58		-161.22		168.31		-151.41
38		A		-86.3		178.93		71.94		97.69		-133.73		-83.97		-154.41		177.47		-141.34
39		U		-75.37		174.41		65.49		92.27		-135.38		-74.9		-155.72		167.58		-143.56
40		C		-90.05		171.94		77.53		88.32		-138.79		-83.3		-161.91		168.48		-157.18
41		A		-82.84		171.71		71.47		89.15		-139.41		-79.48		-161.64		169.4		-154.07
42		G		-75.88		170.91		79.74		85.02		-141.52		-78.6		-164.37		170.09		-150.35
43		G		-73.68		172.31		70.28		85.52		-139.69		-75.11		-165.79		174.16		-147.83
44		G		-85.6		175.34		84.16		87.37		-138.86		-79.16		-168.5		169.93		-146.84
45		G		-76.47		173.67		69.32		87.36		-137.75		-83.95		-163.23		171.6		-146.27
46		A		-78.09		169.85		68.37		85.55		-140.03		-73.81		-167.37		168.92		-141.6
47		G		-75.45		168.36		66.8		85.33		-142.2		-80.0		-163.98		168.75		-147.84
48		G		-92.94		174.82		80.24		92.7		-135.97		-84.37		-157.61		-178.75		-152.0
49		A		-94.75		173.54		83.23		92.53		-135.64		-81.25		-158.27		172.84		-153.6
50		A		-72.28		170.32		71.07		93.92		-133.78		-78.19		-157.93		177.26		-146.56
51		U		-63.91		167.9		58.32		92.89		-136.41		-79.83		-155.69		173.93		-149.74
52		C		-78.26		175.59		67.71		88.88		-137.1		-75.85		-161.22		171.14		-142.91
53		G		-74.48		177.04		70.49		84.04		-143.0		-76.87		-164.8		169.4		-142.17
54		G		-70.46		177.58		71.26		79.58		-144.61		-74.95		-167.59		173.56		-145.24
55		G		-82.28		171.37		69.15		82.42		-144.17		-75.63		-169.43		172.61		-141.07
56		G		-86.8		174.6		80.37		85.02		-144.44		-77.51		-164.8		169.11		-150.28
57		A		-88.82		176.89		74.25		88.8		-141.12		-78.8		-160.45		175.58		-141.73
58		C		-97.61		173.64		77.41		84.85		-139.57		-75.18		-164.96		163.26		-145.46
59		G		-96.65		173.86		89.15		84.94		-138.48		-76.05		-168.46		168.83		-141.75
60		G		-78.26		175.51		65.74		86.84		-140.65		-77.77		-166.06		173.66		-149.97
61		C		-73.11		176.21		63.99		89.74		-139.98		-73.43		-162.28		171.16		-141.31
62		U		-77.43		178.26		61.99		92.12		-136.77		-75.32		-157.36		168.8		-134.4
63		G		-109.38		177.51		85.97		95.3		-133.98		-89.1		-155.68		165.21		-154.28
64		A		-80.05		171.38		64.5		92.28		-134.94		-82.46		-156.54		166.81		-148.33
65		A		-89.35		179.49		84.43		96.71		-131.82		-87.46		-154.73		174.01		-156.07
66		A		-75.7		175.81		68.12		90.79		-136.65		-77.08		-159.99		162.81		-138.09
67		G		-102.24		175.34		81.62		92.96		-137.45		-79.53		-159.6		165.41		-158.8
68		G		-73.82		179.56		70.92		85.08		-139.79		-77.07		-166.82		171.42		-139.05
69		C		-75.5		174.81		58.27		83.32		-141.42		-71.22		-164.44		165.63		-136.68
70		G		-84.89		175.38		77.11		85.14		-140.92		-85.3		-164.06		171.29		-154.64
71		A		-88.82		178.36		79.17		90.44		-138.35		-80.84		-161.9		177.98		-156.56
72		G		-78.52		168.36		74.71		81.52		-145.63		-75.1		-169.48		163.85		-142.48
73		G		-76.94		174.57		64.84		93.5		-139.03		-76.58		-156.78		178.22		-137.83
74		G		-80.64		173.25		71.43		85.91		-141.47		-78.13		-164.44		170.75		-145.19
75		C		-76.5		174.21		76.32		87.9		-140.89		-78.19		-158.3		171.02		-155.66
76		G		-70.75		172.95		60.87		87.09		-143.39		-77.79		-162.29		174.69		-145.29
77		C		-66.68		175.44		53.96		95.72		-137.83		-72.1		-150.87		178.65		-139.85
78		C		-83.24		177.46		76.18		88.76		-136.91		-74.43		-161.22		174.96		-146.26
79		G		-91.9		177.11		72.66		101.81		-132.48		-98.59		-146.57		-172.06		-167.31
80		A		-85.76		171.89		72.59		91.19		-139.26		-76.79		-163.56		176.64		-146.55
81		A		-70.49		169.07		60.61		96.9		-134.32		-71.93		-148.98		-175.27		-129.58
82		G		-101.16		178.27		91.09		87.93		-137.34		-76.69		-163.38		166.46		-146.81
83		G		-82.02		173.21		74.35		90.72		-140.64		-76.7		-157.59		176.27		-147.3
84		G		-91.54		173.25		84.76		89.26		-140.6		-75.59		-164.99		174.67		-153.77
85		U		-68.0		172.44		59.17		90.26		-141.46		-70.57		-154.92		177.82		-142.38
86		G		-91.48		172.75		71.01		83.82		-143.6		-75.39		-164.55		164.39		-151.76
87		C		-71.1		173.72		58.3		88.29		-142.3		-74.47		-157.98		174.26		-148.99
88		A		-80.09		172.1		66.81		82.98		-141.62		-74.96		-165.0		172.69		-141.32
89		G		-76.67		174.04		67.08		95.6		-137.39		-82.15		-150.01		-176.98		-155.92
90		A		-77.58		176.2		69.87		92.63		-137.02		-82.02		-157.63		174.56		-147.86
91		G		-62.37		173.03		63.61		94.82		-134.21		-74.03		-154.57		178.92		-143.06
92		U		-77.12		175.16		59.63		89.68		-138.35		-74.29		-157.45		160.52		-139.33
93		U		-66.42		169.34		57.11		94.13		-139.0		-65.42		-151.53		176.01		-143.37
94		C		-84.25		175.55		69.35		85.04		-140.81		-79.06		-160.65		167.25		-148.39
95		C		-65.74		169.79		55.34		84.36		-147.34		-68.25		-161.53		177.78		-140.11
96		U		-75.99		-177.92		68.21		87.07		-140.63		-81.52		-161.86		173.28		-144.97
97		C		-69.29		176.42		63.32		89.79		-142.93		-67.34		-157.42		178.77		-143.43
98		C		-80.1		178.13		60.98		83.6		-143.69		-80.57		-160.24		160.0		-147.71
99		C		-65.2		174.78		54.87		87.36		-147.69		-73.34		-156.48		174.25		-140.75
100		G		-83.7		179.59		70.31		86.27		-141.93		-77.13		-163.41		163.51		-149.45
101		C		-64.19		171.67		59.34		83.8		-149.68		-66.58		-160.55		170.34		-145.8
102		U		-70.71		174.23		65.26		86.38		-139.35		-79.66		-164.16		168.78		-144.86
103		C		-60.62		173.46		56.28		91.21		-140.02		-77.47		-153.49		-175.55		-144.75
104		U		-81.36		176.33		62.62		91.88		-134.66		-78.42		-156.77		168.48		-144.34
105		G		-63.79		175.03		59.64		94.88		-136.98		-78.12		-149.97		178.46		-138.49
106		C		-83.33		178.3		73.2		95.4		-131.97		-87.96		-154.11		171.35		-157.75
107		A		-57.56		178.34		63.0		102.78		-131.11		-80.59		-143.91		-169.62		-139.59
108		U		-83.97		176.05		74.68		94.96		-136.48		-81.66		-154.93		174.86		-150.16
109		G		-68.16		178.17		80.76		94.64		-139.38		-73.53		-155.19		176.27		-150.55
110		C		-76.69		172.2		71.07		83.68		-143.28		-77.55		-161.27		171.86		-147.47
111		C		-59.76		179.05		58.39		88.93		-145.21		-80.76		-155.3		-179.32		-158.51
112		U		-57.31		168.53		62.17		91.22		-137.63		-77.95		-153.19		-171.9		-150.91
113		G		-68.14		176.2		64.96		91.33		-141.98		-78.38		-156.27		178.01		-148.11
114		G		-67.73		167.13		63.46		89.32		-139.5		-73.32		-160.68		178.38		-132.71
115		G		-69.87		-178.73		74.08		91.69		-139.26		-79.06		-156.68		-178.87		-152.3
116		G		-69.11		170.03		71.46		88.46		-142.43		-78.74		-158.39		-173.09		-150.79
117		G		-75.17		174.02		70.36		92.41		-140.89		-76.13		-154.27		-175.34		-153.1
118		U		-72.85		171.36		72.44		100.05		-132.66		-89.86		-146.28		-171.85		-158.98
119		A		-71.24		-175.78		66.95		106.46		-127.47		-86.66		-139.48		-159.02		-169.34
120		U		-68.83		173.07		64.16		97.39		-137.5		-73.5		-152.31		178.66		-147.72
121		G		-67.05		-178.53		71.62		98.08		-136.47		-76.79		-151.11		-170.24		-145.97
122		G		-69.67		178.77		62.61		83.69		-146.14		-73.88		-164.27		175.24		-143.41
123		G		-67.42		178.94		60.77		90.08		-142.83		-68.48		-155.56		173.97		-144.0
124		G		-78.57		172.68		62.48		87.68		-143.69		-76.97		-158.44		170.55		-154.47
125		A		-80.27		177.5		70.63		91.22		-139.21		-77.38		-151.36		173.06		-149.61
126		A		-79.05		168.98		63.52		85.11		-141.46		-74.1		-158.26		163.88		-145.39
127		U		-71.96		173.69		64.63		99.2		-134.01		-79.17		-146.74		177.2		-157.47
128		A		-78.57		178.71		62.05		88.7		-139.27		-70.34		-160.82		161.05		-136.78
129		C		-71.25		173.27		60.51		90.28		-141.6		-71.28		-154.75		172.03		-141.79
130		C		-70.76		178.88		60.45		87.62		-141.46		-71.93		-158.13		171.57		-142.98
131		C		-67.78		178.92		60.58		89.36		-142.07		-76.07		-154.02		177.53		-149.67
132		A		-69.62		173.74		59.41		90.06		-143.29		-75.92		-154.14		176.66		-148.93
133		U		-70.08		168.02		60.56		94.42		-138.84		-87.39		-149.46		168.52		-164.87
134		A		-71.68		176.93		69.84		93.39		-139.45		-75.25		-155.86		178.21		-146.04
135		C		-67.54		168.86		56.63		88.52		-142.4		-67.73		-157.52		170.57		-140.44
136		C		-67.84		170.53		59.56		84.53		-147.55		-73.72		-159.44		174.88		-150.17
137		A		-71.16		175.81		61.15		92.0		-137.65		-84.97		-154.65		-178.19		-153.91
138		C		-65.46		169.24		57.84		89.91		-142.93		-71.48		-155.25		177.59		-150.26
139		U		-64.08		170.67		63.11		95.08		-137.82		-80.4		-150.69		175.75		-145.95
140		G		-73.85		179.81		71.43		100.61		-135.86		-88.21		-147.36		-177.97		-155.77
141		U		-80.15		172.85		66.72		93.14		-136.07		-78.77		-156.18		169.98		-140.95
142		C		-67.38		174.08		62.69		94.4		-142.62		-82.21		-152.24		179.99		-158.91
143		A		-67.4		175.87		59.74		89.32		-144.68		-81.36		-155.72		179.89		-152.69
144		C		-64.89		175.95		62.46		86.75		-144.52		-74.87		-159.01		177.6		-154.22
145		G		-65.64		171.67		57.96		86.25		-142.92		-74.68		-157.02		176.97		-143.01
146		G		-70.44		-175.5		75.62		90.75		-141.42		-83.34		-158.28		-176.83		-156.86
147		A		-65.02		171.42		59.42		93.52		-139.94		-71.11		-157.23		-178.77		-140.76
148		G		-77.21		177.96		72.77		93.38		-138.51		-76.79		-158.55		178.84		-147.88
149		G		-69.47		173.53		61.39		97.12		-136.45		-74.13		-152.21		-175.6		-127.95
150		U		-81.11		175.63		64.0		97.04		-135.87		-80.95		-150.22		176.04		-141.39
151		C		-70.89		171.5		63.76		99.02		-135.71		-80.06		-149.72		-170.42		-145.7
152		U		-78.78		-179.7		63.67		100.23		-135.86		-88.58		-148.3		-171.66		-152.07
153		C		-70.59		179.78		69.16		94.49		-140.89		-77.65		-152.95		-176.77		-148.99
154		U		-66.7		177.34		59.26		94.49		-137.23		-78.86		-149.33		176.97		-139.19
155		C		-72.77		179.69		73.79		91.14		-141.2		-75.08		-157.87		169.18		-143.45
156		C		-72.49		174.74		63.72		89.18		-143.19		-78.07		-157.9		169.15		-142.19
157		G		-67.82		178.61		66.95		93.07		-141.74		-83.33		-154.95		-175.85		-150.79
158		U		-67.87		171.34		57.94		88.75		-140.51		-76.13		-155.17		166.14		-140.35
159		G		-70.31		176.41		65.85		92.99		-138.73		-75.49		-156.39		-178.23		-142.1
160		G		-70.32		171.0		57.59		90.03		-140.58		-80.41		-156.04		168.57		-143.99
161		A		-69.55		-178.15		68.34		95.35		-137.33		-78.71		-152.0		-175.83		-152.29
162		G		-77.25		174.4		74.32		89.07		-139.23		-81.88		-160.82		168.69		-148.66
163		A		-66.95		178.43		61.84		94.99		-138.49		-75.66		-152.58		179.05		-139.39
164		G		-71.59		172.05		67.18		87.35		-140.89		-76.99		-161.54		170.94		-143.41
165		C		-67.29		-178.42		60.74		89.86		-143.27		-78.36		-153.9		178.92		-150.54
166		C		-71.65		172.98		63.29		85.39		-143.92		-76.75		-161.13		172.32		-149.43
167		G		-65.71		-179.53		61.36		93.17		-144.02		-83.2		-151.22		-178.76		-157.68
168		U		-69.05		174.38		62.26		88.02		-141.34		-76.95		-159.03		173.98		-149.15
169		C		-66.2		178.09		63.0		89.8		-141.64		-75.98		-154.08		172.66		-150.16
170		G		-80.64		176.06		75.02		88.92		-139.33		-80.67		-162.34		175.01		-149.2
171		G		-66.36		174.54		59.2		91.02		-142.5		-78.06		-155.79		176.63		-147.85
172		U		-75.96		174.45		69.1		91.29		-137.75		-80.33		-158.15		177.13		-147.32
173		C		-70.92		179.06		62.33		93.19		-141.79		-77.28		-153.6		176.58		-145.08
