No.	   Seq		 Alpha		 Beta		Gamma		Delta		 Epsilon	 Zeta		  Chi		  Eta		 Theta

0		G		-60.19		172.07		62.78		88.35		-139.13		-77.01		-158.71		-177.17		-148.34
1		A		-78.67		170.37		64.85		83.4		-143.0		-80.36		-164.99		167.04		-143.18
2		G		-64.91		171.21		60.47		90.81		-139.54		-89.17		-154.66		176.98		-157.72
3		G		-69.37		174.44		74.93		85.94		-141.61		-76.68		-164.12		179.07		-148.29
4		G		-64.65		163.72		61.1		88.88		-140.51		-69.89		-160.73		-178.5		-146.13
5		A		-75.74		174.65		69.95		99.52		-133.08		-79.83		-153.98		-176.54		-148.13
6		G		-64.76		168.85		62.99		88.18		-137.39		-72.78		-159.39		178.36		-161.49
7		A		-72.8		167.49		69.54		92.21		-136.92		-78.75		-159.49		177.56		-158.49
8		G		-62.01		163.23		63.54		89.87		-140.23		-68.28		-157.4		-179.63		-147.58
9		G		-67.56		179.71		69.13		93.15		-134.67		-82.07		-153.97		-176.62		-141.97
10		U		-60.68		172.14		55.83		100.31		-126.39		-67.75		-143.7		-165.25		-148.77
11		G		-92.34		171.29		76.77		96.03		-135.63		-93.49		-157.76		174.8		-168.12
12		A		-65.71		168.43		51.49		94.81		-136.88		-63.38		-150.33		-163.05		-152.63
13		A		-73.37		169.52		63.14		87.53		-138.06		-70.93		-156.75		168.32		-148.36
14		G		-68.35		167.85		60.99		95.63		-132.0		-98.59		-141.24		-175.21		-177.13
15		A		-67.12		173.24		60.21		97.3		-132.76		-90.14		-154.44		-169.33		-162.78
16		A		-56.49		168.03		55.8		108.0		-123.74		-65.69		-141.57		-150.59		-137.28
17		U		-70.16		176.93		61.85		106.18		-130.43		-92.99		-141.05		176.91		-156.86
18		A		-64.9		173.14		55.6		101.08		-131.38		-74.93		-139.73		-174.01		-146.94
19		C		-56.81		165.89		57.22		89.71		-138.47		-70.61		-158.2		-179.95		-132.98
20		G		-61.01		172.96		54.29		89.29		-145.62		-74.43		-153.86		176.3		-155.81
21		A		-64.75		174.78		54.52		98.76		-137.13		-83.24		-150.31		-174.44		-150.62
22		C		-57.51		162.38		58.08		91.01		-140.42		-59.43		-151.97		174.71		-162.17
23		C		-63.43		168.24		63.11		92.33		-138.81		-74.77		-151.73		-178.88		-160.0
24		A		-61.52		171.73		54.88		89.26		-141.83		-62.12		-155.56		176.74		-141.9
25		C		-58.47		164.67		56.75		88.24		-141.33		-66.63		-158.95		-179.67		-159.14
26		C		-51.57		172.34		49.49		87.01		-143.35		-53.56		-156.29		-174.91		-143.17
27		U		-59.36		167.58		50.18		92.86		-144.01		-75.33		-150.56		-178.96		-147.89
28		A		-66.47		177.24		54.02		104.73		-135.6		-61.9		-138.95		-172.58		-165.74
29		G		-57.85		168.09		64.21		88.85		-140.23		-74.44		-157.74		-177.28		-160.02
30		G		-56.61		171.21		57.97		89.86		-141.69		-70.31		-155.98		-177.41		-147.89
31		U		-57.61		168.5		55.56		98.25		-136.12		-79.13		-150.48		-172.79		-156.92
32		A		-60.74		179.32		53.64		103.19		-133.35		-58.22		-138.74		-169.27		-145.86
33		C		-68.9		166.09		55.26		92.51		-137.27		-60.75		-153.98		169.76		-128.11
34		C		-59.24		172.03		53.73		95.82		-139.21		-71.61		-146.79		-169.18		-160.73
35		A		-57.25		175.4		50.19		115.64		-116.14		-93.72		-133.34		-139.48		-145.45
36		U		-48.75		171.34		52.73		104.25		-130.92		-63.73		-134.62		-171.02		-172.63
37		U		-57.84		164.44		55.32		107.67		-127.74		-75.87		-137.66		-178.9		-121.89
38		G		-59.98		173.73		53.85		105.28		-135.89		-74.57		-136.35		-173.13		-150.57
39		C		-64.79		168.28		56.26		88.46		-145.32		-69.64		-154.92		175.1		-154.09
40		A		-53.29		170.88		52.0		92.7		-145.5		-63.61		-153.58		-165.45		-149.18
41		C		-61.93		161.33		54.11		81.04		-150.93		-68.93		-160.57		174.25		-144.99
42		C		-59.48		171.77		53.77		87.18		-151.03		-62.11		-156.07		-175.39		-152.23
43		C		-60.62		170.81		53.58		82.74		-149.87		-66.57		-157.72		175.17		-149.66
44		G		-61.29		-178.53		66.53		91.4		-149.5		-69.48		-151.85		-179.06		-155.7
45		G		-62.16		167.92		69.89		98.4		-134.25		-66.48		-148.2		-170.6		-144.77
46		U		-64.61		170.31		66.52		97.29		-141.09		-67.88		-146.11		172.62		-158.07
47		A		-67.37		175.48		68.15		101.6		-134.74		-68.65		-142.6		-177.85		-147.67
48		C		-61.86		174.13		55.97		94.2		-147.24		-69.82		-145.23		173.41		-159.54
49		C		-57.82		169.68		58.51		88.16		-142.69		-65.26		-153.01		-177.11		-142.83
50		U		-58.97		178.94		59.65		99.39		-138.92		-86.3		-137.95		-166.91		179.65
51		A		-55.27		174.5		56.29		99.33		-138.41		-60.36		-142.23		-176.06		-167.11
52		A		-59.58		171.33		59.59		96.95		-140.0		-65.51		-146.93		173.13		-152.4
53		A		-62.33		177.33		71.81		95.99		-136.62		-71.69		-145.36		167.67		-152.79
54		A		-61.61		178.13		69.75		97.28		-138.98		-65.89		-145.43		175.0		-150.87
55		C		-58.83		165.3		58.61		88.28		-149.1		-72.29		-154.26		178.12		-167.82
56		A		-56.76		167.57		50.87		88.66		-150.66		-63.02		-151.45		176.43		-150.74
57		U		-57.96		166.66		56.13		85.87		-149.77		-73.31		-154.38		173.11		-155.92
58		A		-59.76		164.71		54.19		91.73		-146.88		-65.88		-150.1		171.44		-152.18
59		C		-56.4		169.6		60.11		85.76		-150.66		-64.92		-161.46		175.73		-149.81
60		C		-61.56		169.73		56.59		88.4		-148.67		-76.52		-151.91		175.04		-155.78
61		C		-58.64		172.37		62.31		89.33		-144.45		-72.99		-154.99		178.24		-158.31
62		U		-59.2		171.1		61.89		98.48		-141.38		-81.14		-142.65		-179.6		-171.31
63		C		-55.86		168.99		55.2		97.04		-143.09		-70.66		-147.73		-169.29		-153.58
