No.	   Seq		 Alpha		 Beta		Gamma		Delta		 Epsilon	 Zeta		  Chi		  Eta		 Theta

0		C		-73.14		174.23		66.6		92.42		-138.68		-85.96		-157.2		176.7		-150.42
1		U		-74.34		175.56		66.58		92.34		-138.45		-80.42		-156.22		173.79		-149.0
2		C		-69.6		174.09		67.9		86.75		-143.01		-78.0		-161.2		176.24		-146.46
3		G		-72.19		174.82		68.11		89.34		-140.8		-70.48		-160.16		-179.66		-148.2
4		U		-72.64		171.84		66.59		90.55		-139.12		-84.71		-155.92		173.85		-152.87
5		A		-71.82		175.43		67.66		102.84		-128.75		-84.24		-146.54		-170.23		-153.0
6		U		-83.52		174.56		78.18		96.28		-134.31		-83.1		-157.27		173.34		-151.3
7		G		-78.15		176.87		69.66		103.0		-132.68		-80.97		-149.62		-172.79		-153.99
8		G		-79.54		175.2		68.98		94.08		-136.07		-84.98		-156.84		179.59		-151.31
9		C		-66.41		171.93		60.06		94.79		-139.86		-75.78		-149.2		-175.8		-153.53
10		G		-74.74		175.8		74.06		91.63		-140.68		-77.2		-159.81		-177.44		-151.05
11		C		-76.21		173.03		70.26		92.51		-141.06		-78.46		-155.56		-178.45		-157.27
12		A		-82.82		175.18		79.34		90.19		-137.02		-86.59		-158.42		175.51		-158.2
13		G		-61.02		170.89		57.85		93.73		-135.01		-78.9		-151.41		-177.69		-149.64
14		U		-71.64		171.33		59.34		96.45		-134.32		-77.17		-154.42		176.08		-139.62
15		G		-77.83		174.33		67.13		103.35		-131.9		-83.65		-144.19		-159.94		-152.63
16		G		-78.41		174.68		64.19		104.69		-129.06		-90.45		-143.97		-172.89		-146.91
17		U		-67.02		169.15		58.22		102.43		-128.89		-72.96		-142.94		-165.19		-159.38
18		A		-81.56		177.86		79.02		104.95		-131.99		-87.84		-147.74		-166.24		-157.18
19		G		-70.34		170.15		59.39		94.26		-137.28		-71.5		-151.26		-179.01		-155.96
20		C		-71.33		170.6		65.68		87.22		-141.88		-72.93		-159.92		170.76		-147.43
21		G		-66.81		170.62		55.07		91.03		-139.17		-69.62		-151.9		-178.59		-140.39
22		C		-74.94		173.61		63.47		85.62		-143.87		-77.14		-158.61		169.88		-153.1
23		A		-65.99		168.03		60.7		88.83		-140.22		-68.69		-156.87		179.57		-147.75
24		G		-68.46		169.21		59.91		85.93		-141.48		-73.97		-159.12		172.09		-143.96
25		C		-68.16		171.74		56.07		87.63		-143.82		-69.73		-153.01		170.22		-147.35
26		A		-72.06		171.38		65.25		90.99		-138.44		-75.42		-155.59		176.37		-145.18
27		G		-70.75		169.92		69.72		91.27		-140.49		-78.76		-152.42		172.34		-163.05
28		A		-66.0		167.97		61.9		94.33		-135.86		-68.48		-154.91		-176.89		-138.38
29		U		-63.22		169.04		57.09		95.5		-135.83		-65.27		-148.36		-178.67		-146.42
30		U		-65.9		179.79		64.86		97.97		-134.95		-79.97		-149.36		-178.69		-155.1
31		G		-69.26		166.82		55.94		92.63		-141.47		-66.64		-150.75		178.52		-147.83
32		C		-74.44		176.04		68.21		93.04		-141.44		-77.55		-153.35		-179.23		-159.08
33		A		-62.35		177.39		66.56		92.31		-140.56		-70.34		-147.47		-171.76		-165.05
34		A		-73.4		174.02		72.77		90.53		-138.38		-83.02		-154.16		174.56		-163.89
35		A		-58.52		161.13		54.58		93.29		-141.26		-65.21		-151.81		-179.44		-141.37
36		U		-61.09		170.11		61.8		91.09		-141.19		-75.97		-153.33		177.19		-140.99
37		C		-63.06		172.5		54.05		92.44		-145.24		-66.1		-145.65		-178.91		-157.43
38		U		-67.46		172.15		65.28		94.15		-140.5		-81.68		-154.79		-171.14		-161.89
39		G		-58.21		171.5		59.28		98.96		-139.1		-75.96		-145.39		-167.41		-169.54
40		U		-54.89		170.94		54.33		92.42		-139.4		-70.17		-152.16		-168.97		-144.04
41		U		-59.35		172.21		59.44		99.88		-137.87		-78.73		-142.15		-176.33		-164.88
42		G		-66.46		173.67		72.49		97.57		-135.58		-82.02		-152.73		-172.35		-153.35
43		G		-64.42		175.04		69.72		94.67		-143.02		-70.13		-151.56		-167.12		-148.29
44		U		-64.21		174.11		64.7		97.76		-137.36		-73.4		-150.88		-169.73		-145.32
45		C		-59.66		176.73		62.07		92.11		-143.1		-61.34		-152.56		-175.92		-161.8
46		C		-66.19		172.43		57.78		89.93		-143.58		-71.83		-158.31		-177.8		-147.64
47		U		-59.49		169.74		50.49		91.78		-145.03		-67.61		-146.54		-179.87		-147.95
48		U		-63.53		175.71		62.01		94.99		-138.66		-84.01		-145.48		178.34		-154.55
49		A		-60.56		175.83		63.14		98.75		-133.45		-64.6		-145.12		-174.24		-148.14
50		G		-59.52		172.22		66.63		94.2		-136.95		-76.71		-157.12		178.84		-145.84
51		U		-55.43		-179.11		55.86		101.84		-134.18		-70.52		-139.02		-173.26		-149.34
52		U		-63.13		173.32		59.39		92.52		-137.24		-75.46		-152.03		172.79		-140.58
53		C		-61.0		172.27		55.96		92.51		-145.62		-67.2		-149.99		173.74		-152.47
54		G		-65.24		173.11		62.37		87.89		-143.29		-79.43		-156.88		177.19		-151.42
55		A		-59.71		179.4		56.42		97.01		-139.35		-72.17		-142.85		-174.4		-155.16
56		U		-58.88		171.58		64.22		90.82		-137.78		-70.08		-157.57		173.77		-138.02
57		C		-59.07		170.18		57.8		94.12		-143.77		-68.1		-150.76		177.88		-151.08
58		C		-64.81		173.6		55.96		89.13		-144.2		-75.92		-156.93		175.43		-147.88
59		U		-60.26		171.64		52.99		90.47		-146.4		-72.04		-149.39		175.96		-157.52
60		G		-63.04		169.58		61.66		88.05		-142.53		-78.37		-155.13		174.91		-152.75
61		A		-58.21		167.72		56.39		89.55		-147.42		-69.93		-154.52		176.13		-151.42
62		G		-62.9		170.8		62.57		89.11		-142.83		-78.28		-159.19		176.47		-151.92
63		U		-58.19		177.46		58.24		94.43		-140.59		-72.69		-147.97		179.47		-153.53
64		G		-68.44		174.61		70.85		89.39		-140.95		-78.24		-158.31		173.79		-148.93
65		C		-60.88		170.31		56.49		92.29		-141.36		-73.31		-149.85		179.67		-146.77
66		G		-66.13		176.95		65.37		93.27		-138.12		-81.42		-153.45		-178.45		-154.68
67		A		-63.05		178.05		61.72		99.18		-135.97		-78.72		-145.78		-169.72		-154.67
68		G		-69.94		174.53		70.55		91.72		-141.7		-76.68		-156.52		174.97		-150.79
