No.	   Seq		 Alpha		 Beta		Gamma		Delta		 Epsilon	 Zeta		  Chi		  Eta		 Theta

0		U		-76.26		176.47		55.7		77.36		-149.3		-73.63		-169.51		161.88		-136.61
1		C		-80.64		-177.96		63.45		83.75		-144.59		-76.58		-164.73		166.36		-136.64
2		C		-73.85		179.5		54.06		81.94		-144.8		-75.53		-160.93		164.67		-139.35
3		C		-85.69		-177.43		73.43		76.03		-146.55		-78.65		-169.45		159.86		-146.8
4		A		-75.78		177.68		62.3		90.79		-135.56		-85.2		-157.68		176.8		-134.81
5		G		-81.98		177.55		64.2		86.77		-140.85		-75.75		-163.82		158.89		-135.47
6		U		-70.58		-178.83		57.57		91.71		-135.07		-79.5		-154.67		170.53		-122.99
7		C		-100.34		-177.39		58.04		98.82		-131.58		-86.62		-146.79		157.7		-127.81
8		C		-136.55		-178.04		86.88		90.75		-139.72		-89.49		-159.22		157.02		-153.19
9		A		-75.25		-177.88		59.78		97.28		-136.25		-84.6		-151.73		-168.29		-141.72
10		C		-77.75		176.58		60.44		81.95		-146.08		-77.91		-163.24		159.34		-147.53
11		C		-72.23		179.99		66.95		82.31		-145.81		-74.94		-162.78		173.01		-137.89
12		G		-92.29		-179.44		84.18		85.96		-143.79		-82.74		-165.26		172.19		-152.41
13		C		-83.35		178.97		76.93		84.94		-144.66		-76.92		-162.02		168.61		-146.81
14		G		-98.38		175.78		89.21		87.72		-140.09		-81.89		-165.77		174.4		-150.47
15		G		-74.56		176.12		63.91		89.23		-140.23		-81.39		-159.95		173.9		-147.25
16		U		-77.93		169.83		64.52		92.21		-136.1		-72.8		-155.95		172.12		-143.92
17		G		-103.48		175.69		83.1		100.9		-132.87		-98.24		-146.79		177.54		-153.0
18		A		-110.75		179.97		72.69		97.92		-135.25		-80.93		-154.55		179.35		-144.27
19		G		-100.59		179.99		91.51		103.41		-130.73		-96.0		-147.55		-166.04		-161.81
20		A		-129.64		-172.27		108.63		105.16		-125.71		-92.76		-146.29		-161.58		-155.07
21		A		-79.24		-179.24		79.2		93.62		-137.95		-74.83		-156.57		171.3		-141.88
22		G		-78.5		175.38		78.39		90.35		-138.12		-81.54		-156.72		173.69		-139.84
23		G		-84.03		-177.7		69.86		87.46		-141.88		-76.8		-160.1		171.48		-145.47
24		G		-89.66		179.82		78.61		84.31		-145.98		-79.64		-162.98		170.28		-150.65
