No.	   Seq		 Alpha		 Beta		Gamma		Delta		 Epsilon	 Zeta		  Chi		  Eta		 Theta

0		G		-71.8		169.78		61.48		83.47		-144.87		-76.71		-162.16		172.33		-137.65
1		G		-70.98		176.92		60.86		87.12		-144.52		-65.76		-162.45		174.58		-136.52
2		C		-83.98		-179.17		71.14		86.05		-142.19		-89.36		-159.92		167.98		-153.57
3		A		-78.45		177.02		60.11		90.38		-140.98		-82.43		-155.87		168.96		-150.5
4		G		-77.83		173.01		62.19		86.87		-143.35		-76.52		-161.59		173.44		-142.45
5		A		-69.02		176.76		53.77		95.89		-138.56		-71.86		-148.36		-179.96		-132.8
6		G		-88.97		-177.04		70.77		106.64		-127.9		-108.27		-144.88		-175.89		-170.0
7		A		-99.96		174.31		63.5		105.21		-124.89		-88.75		-142.38		-164.0		-139.61
8		A		-93.05		177.39		80.64		120.11		-124.18		-104.67		-136.87		-148.55		-156.24
9		A		-73.61		-178.28		62.91		100.69		-134.9		-80.15		-138.85		178.85		-141.86
10		C		-79.64		176.29		64.4		94.9		-135.98		-83.45		-152.77		175.5		-152.05
11		A		-57.74		172.71		56.13		93.0		-139.34		-73.56		-150.61		-175.31		-141.97
12		C		-87.12		173.96		68.66		87.4		-144.27		-79.26		-160.18		175.55		-155.7
13		A		-61.1		174.63		55.57		88.97		-144.51		-73.94		-152.33		179.81		-148.19
14		C		-81.72		173.32		65.65		89.05		-140.17		-75.99		-154.36		168.84		-137.61
15		G		-65.31		173.27		77.65		88.8		-143.99		-85.44		-156.3		176.49		-156.53
16		A		-82.69		174.78		69.74		106.67		-134.35		-82.91		-143.7		-173.85		-146.19
17		U		-60.58		170.47		69.36		104.61		-134.58		-76.01		-145.56		-174.53		-155.87
18		C		-96.87		-174.94		73.75		114.24		-129.62		-102.64		-135.51		-165.14		-150.84
19		G		-74.4		-178.84		70.38		101.93		-142.04		-73.8		-151.15		-163.66		-157.36
20		U		-70.35		-178.26		66.29		103.96		-136.89		-84.63		-144.73		-168.75		-153.1
21		G		-60.22		177.98		65.74		93.33		-146.83		-71.28		-157.45		-168.63		-159.28
22		G		-82.26		175.57		67.65		95.55		-139.34		-75.4		-154.01		-179.92		-138.87
23		U		-70.53		-179.18		58.6		96.28		-145.09		-75.91		-151.38		-175.53		-157.17
24		A		-78.15		176.61		57.85		96.81		-137.09		-71.5		-145.59		174.08		-128.85
25		C		-84.04		173.19		61.08		85.48		-146.99		-71.25		-158.14		159.08		-145.44
26		A		-64.13		175.0		56.18		98.17		-137.96		-84.64		-148.05		-174.93		-143.05
27		U		-58.37		-178.13		50.92		105.72		-132.38		-77.18		-135.28		-168.91		-145.2
28		U		-72.85		177.49		56.45		99.55		-139.71		-83.26		-145.0		164.83		-143.98
29		A		-69.88		178.81		64.13		101.99		-134.26		-75.62		-147.1		173.97		-129.27
30		C		-66.54		178.68		60.52		90.93		-143.03		-81.81		-155.45		174.62		-149.47
31		C		-60.34		178.62		54.99		96.03		-139.86		-81.53		-146.67		-175.6		-152.41
32		U		-64.65		176.0		58.46		88.94		-145.5		-78.27		-157.88		175.83		-142.48
33		G		-67.96		173.01		61.61		98.0		-142.34		-80.83		-146.59		176.69		-144.0
34		C		-77.21		173.71		61.65		87.73		-145.98		-74.12		-160.17		178.16		-140.92
35		C		-66.29		175.79		57.09		86.46		-148.2		-72.1		-156.43		169.14		-150.99
