No.	   Seq		 Alpha		 Beta		Gamma		Delta		 Epsilon	 Zeta		  Chi		  Eta		 Theta

0		G		-87.8		176.56		82.75		87.37		-141.07		-76.52		-165.88		170.79		-150.23
1		G		-82.92		175.72		70.52		82.27		-145.41		-78.28		-167.01		165.12		-147.15
2		G		-85.67		177.93		81.9		82.82		-143.93		-74.17		-166.94		171.53		-139.3
3		C		-79.44		178.85		67.06		81.64		-145.49		-76.16		-164.5		164.63		-141.76
4		C		-96.44		176.76		74.04		84.62		-144.52		-80.68		-165.38		161.68		-150.21
5		A		-96.85		-176.13		75.87		89.44		-138.78		-83.47		-163.26		170.01		-146.86
6		C		-79.53		176.94		64.99		84.48		-143.85		-74.47		-163.41		167.04		-142.57
7		G		-95.78		-175.92		82.37		92.17		-136.37		-81.97		-160.24		170.45		-146.25
8		G		-109.14		-179.01		73.04		99.02		-132.36		-89.61		-155.56		178.56		-149.63
9		A		-169.2		-178.16		101.73		101.08		-127.74		-82.3		-155.98		169.26		-138.28
10		A		-93.09		177.93		82.69		95.78		-134.98		-87.51		-154.43		178.66		-147.25
11		A		-93.61		-178.55		75.63		90.77		-136.39		-78.84		-158.39		169.6		-139.3
12		C		-84.06		177.97		70.82		83.67		-140.4		-74.09		-163.04		164.02		-135.32
13		C		-84.66		178.28		66.93		82.78		-144.92		-76.05		-162.86		165.95		-144.06
14		G		-87.34		179.17		76.1		85.07		-143.98		-84.23		-164.66		167.77		-156.98
15		C		-75.34		172.39		62.84		81.68		-144.4		-72.0		-164.47		170.62		-143.83
16		G		-87.32		174.74		76.4		85.34		-140.67		-76.95		-162.9		166.07		-141.83
17		C		-81.47		177.84		71.99		84.1		-143.72		-78.84		-162.14		165.18		-147.7
18		G		-80.25		173.48		70.35		83.58		-143.4		-80.6		-166.48		167.03		-153.18
19		C		-82.62		175.75		77.27		89.44		-140.98		-77.42		-162.77		176.68		-147.54
20		G		-89.43		179.12		72.66		84.02		-145.88		-79.08		-164.08		164.72		-145.87
21		G		-78.07		-175.93		74.68		86.8		-141.26		-76.47		-163.27		176.88		-144.9
22		U		-74.7		173.18		62.82		85.24		-140.32		-73.02		-162.71		168.68		-135.72
23		G		-91.55		175.34		76.87		85.02		-142.25		-79.1		-165.07		163.53		-146.9
24		A		-79.87		178.92		61.24		89.59		-140.55		-75.07		-156.96		171.1		-135.42
25		U		-78.95		175.52		64.63		91.59		-135.46		-70.88		-155.95		169.27		-141.21
26		C		-97.62		179.94		76.81		89.72		-135.69		-78.16		-156.9		163.18		-140.51
27		A		-99.41		178.53		66.66		89.85		-137.45		-76.58		-161.43		165.02		-145.16
28		A		-73.99		176.59		67.75		91.16		-135.75		-77.26		-158.57		174.03		-144.15
29		U		-67.74		-179.09		65.74		91.05		-135.89		-75.49		-153.9		170.97		-145.22
30		G		-131.78		-178.78		94.3		88.99		-137.63		-82.4		-160.31		157.51		-145.42
31		A		-85.17		175.44		72.34		84.73		-141.19		-76.3		-167.49		166.92		-141.63
32		G		-81.66		178.55		90.3		89.58		-138.05		-79.28		-164.92		176.5		-156.52
33		C		-73.74		176.36		60.13		78.96		-145.41		-77.97		-168.25		166.0		-139.19
34		C		-75.31		173.64		64.3		81.32		-146.64		-73.54		-164.89		165.63		-143.31
35		G		-77.61		179.53		71.75		81.06		-144.37		-78.69		-165.51		169.88		-139.99
36		C		-87.88		-178.45		77.58		83.9		-142.97		-75.92		-166.0		171.82		-148.06
37		G		-74.07		176.38		71.91		85.83		-140.7		-79.09		-167.39		170.06		-139.48
38		U		-69.45		-175.73		70.96		96.77		-133.9		-77.32		-154.7		-174.2		-139.57
39		U		-86.29		175.46		66.12		91.2		-136.69		-77.13		-157.39		158.48		-136.75
40		C		-89.48		178.06		64.66		89.92		-140.34		-74.13		-158.06		161.79		-140.4
41		G		-69.4		176.89		61.53		85.33		-142.41		-79.46		-162.95		172.72		-142.25
42		C		-70.56		178.84		58.54		84.43		-142.7		-74.1		-160.05		171.75		-142.58
43		U		-76.41		-177.57		70.25		83.8		-142.57		-75.13		-164.57		167.16		-140.06
44		C		-74.68		-178.81		59.3		85.31		-143.91		-74.53		-160.24		163.41		-137.03
45		C		-83.26		-179.65		67.75		77.1		-144.09		-71.93		-171.66		159.21		-141.17
46		C		-79.24		-179.11		62.97		83.57		-142.84		-82.04		-161.27		167.36		-149.17
47		G		-77.23		-179.18		66.54		82.11		-143.15		-77.98		-167.04		167.85		-148.42
48		U		-65.18		172.48		57.66		87.25		-140.83		-74.59		-158.8		169.47		-139.04
49		G		-87.42		173.18		73.34		84.57		-140.83		-74.99		-166.37		159.65		-141.89
50		G		-78.22		177.36		64.61		86.72		-141.81		-76.96		-162.84		166.6		-143.72
51		C		-72.4		175.07		63.95		81.77		-143.09		-72.9		-165.88		166.3		-143.68
52		C		-72.13		173.5		63.76		80.73		-143.75		-73.36		-165.15		168.48		-139.55
53		C		-80.15		172.81		71.07		84.97		-141.67		-78.12		-162.0		167.43		-151.54
54		A		-80.12		176.7		60.46		93.75		-138.14		-80.75		-155.92		173.7		-147.58
55		C		-83.17		178.26		70.74		89.93		-138.14		-77.62		-158.48		169.44		-144.73
56		A		-81.46		177.82		72.09		92.12		-137.29		-82.51		-155.41		170.96		-145.56
57		A		-89.62		-179.68		92.29		90.91		-139.02		-80.43		-159.23		171.62		-153.39
