No.	   Seq		 Alpha		 Beta		Gamma		Delta		 Epsilon	 Zeta		  Chi		  Eta		 Theta

0		C		-82.12		176.84		69.57		97.92		-136.0		-77.0		-151.29		-175.64		-147.37
1		G		-73.8		178.35		66.71		93.35		-141.12		-82.09		-154.31		-178.0		-145.55
2		U		-74.62		178.25		59.66		95.06		-136.91		-75.71		-147.47		-179.31		-147.55
3		C		-72.84		176.32		58.96		93.74		-140.4		-80.8		-152.45		176.97		-149.38
4		A		-76.95		174.58		55.89		100.94		-133.19		-81.67		-144.16		-173.05		-154.9
5		A		-76.41		177.66		63.55		94.62		-138.16		-86.83		-151.65		176.52		-151.74
6		A		-70.55		172.95		57.84		97.26		-133.26		-75.55		-146.69		-169.27		-141.97
7		G		-75.09		176.38		61.87		93.56		-137.54		-80.61		-153.59		179.88		-139.56
8		C		-76.69		177.24		57.19		95.31		-137.79		-75.44		-146.25		-177.45		-146.42
9		A		-81.42		178.57		68.1		97.83		-136.53		-84.02		-149.9		177.94		-147.42
10		C		-70.37		170.83		55.95		95.59		-139.53		-73.31		-147.79		-177.96		-150.72
11		U		-72.87		174.51		63.5		94.97		-136.93		-78.33		-152.93		178.45		-145.38
12		U		-72.25		173.43		53.61		99.74		-134.81		-78.21		-143.0		-174.49		-144.86
13		U		-82.45		177.75		64.44		98.28		-136.6		-85.08		-149.87		175.49		-156.78
14		G		-70.53		175.46		54.87		95.47		-140.98		-74.41		-149.49		-172.65		-142.71
15		C		-80.97		178.66		61.61		95.62		-138.81		-80.04		-150.78		179.26		-149.65
16		A		-72.07		-179.14		60.58		101.85		-135.71		-82.3		-141.85		-173.15		-150.85
17		A		-76.54		174.39		64.26		98.9		-134.46		-83.51		-147.28		-177.08		-157.62
18		A		-70.88		173.57		60.64		96.49		-138.98		-73.5		-150.0		179.86		-145.3
19		A		-75.54		174.58		66.08		98.49		-137.06		-72.82		-148.97		-178.25		-143.44
20		G		-71.67		-178.99		61.84		97.83		-140.06		-77.07		-144.96		-176.43		-152.14
21		C		-64.44		171.76		57.75		99.24		-134.74		-68.68		-145.94		-168.82		-150.35
22		U		-69.59		173.58		59.01		100.01		-138.36		-79.69		-144.11		-170.72		-156.97
23		A		-71.46		177.19		60.91		107.74		-131.95		-91.98		-137.98		-165.73		-169.32
24		A		-68.59		177.7		60.95		97.95		-139.12		-69.45		-144.92		-174.51		-147.45
25		C		-69.17		173.12		62.69		95.32		-140.15		-79.7		-147.27		177.85		-147.86
26		G		-68.32		-179.14		64.05		98.66		-144.18		-76.63		-145.15		-168.68		-154.31
27		U		-70.74		171.6		60.48		96.89		-140.82		-79.48		-148.54		-176.37		-156.89
28		A		-67.32		177.23		61.25		103.57		-140.19		-72.39		-142.92		-164.53		-157.49
29		U		-71.23		175.33		60.49		98.5		-136.81		-82.82		-145.01		-177.34		-145.67
30		C		-69.28		176.6		57.78		98.83		-140.03		-69.6		-143.93		-174.74		-151.52
31		U		-70.49		177.04		67.35		94.02		-138.05		-78.38		-151.33		-174.01		-146.98
32		G		-65.16		177.93		59.35		99.46		-142.85		-79.65		-145.79		-169.64		-152.36
33		U		-66.96		174.22		57.26		101.31		-131.79		-78.05		-143.62		-171.22		-132.47
34		U		-69.09		-177.62		63.2		106.69		-135.15		-68.48		-138.68		-171.36		-138.33
35		U		-76.34		177.41		64.17		101.33		-133.23		-82.22		-142.24		179.54		-154.46
36		C		-67.85		177.04		56.23		97.92		-144.29		-76.15		-144.81		-176.59		-163.06
37		U		-63.36		170.81		54.01		94.76		-137.03		-77.35		-147.23		-173.21		-149.55
38		U		-69.21		-175.42		62.52		100.47		-139.64		-76.98		-142.81		-172.84		-155.93
39		G		-67.76		173.83		59.15		92.84		-140.62		-70.3		-153.04		-178.45		-143.43
40		C		-67.12		178.4		54.23		92.26		-144.66		-68.88		-151.83		-179.19		-140.19
41		C		-65.08		171.53		55.75		87.14		-145.93		-73.42		-154.2		179.34		-141.91
42		U		-69.85		-178.63		56.48		96.89		-142.83		-80.03		-143.78		-176.58		-151.39
43		U		-69.44		170.37		59.36		96.12		-142.18		-72.96		-151.03		179.05		-152.55
44		U		-70.99		177.86		55.76		105.21		-132.95		-71.01		-139.49		-178.45		-140.63
45		U		-73.46		172.29		59.55		96.01		-139.09		-77.44		-148.77		173.96		-153.3
46		A		-70.21		-177.97		54.2		107.18		-133.12		-84.27		-137.68		-169.92		-157.04
47		C		-65.76		172.97		59.37		90.79		-142.02		-71.84		-153.24		177.2		-146.79
48		C		-71.08		-177.81		56.64		99.49		-137.31		-84.65		-140.52		-178.99		-154.36
49		A		-68.83		178.04		64.91		97.16		-134.49		-80.34		-148.25		-176.55		-148.32
50		G		-72.4		179.72		62.26		100.79		-136.05		-78.59		-143.22		-177.09		-166.36
51		A		-73.53		172.58		58.1		94.41		-141.42		-71.81		-148.79		176.63		-139.69
52		A		-75.79		175.61		56.72		96.02		-140.3		-76.91		-146.56		176.04		-146.86
53		A		-69.59		176.07		68.33		96.27		-136.59		-77.07		-146.87		-177.42		-157.89
54		C		-77.45		175.36		57.48		95.46		-138.36		-80.72		-146.79		-179.44		-154.85
55		A		-68.24		173.87		58.19		95.53		-140.08		-79.06		-148.52		-174.27		-151.81
56		G		-75.42		178.51		58.42		105.15		-134.35		-78.2		-142.32		-164.38		-148.82
57		C		-69.2		175.77		61.25		96.39		-140.91		-74.1		-146.58		-175.87		-157.06
58		C		-78.65		175.24		60.4		100.09		-138.74		-76.83		-145.12		-171.87		-145.2
59		G		-74.73		179.44		73.53		98.42		-140.1		-82.85		-148.24		-174.85		-158.11
60		U		-74.47		177.94		54.82		109.94		-126.29		-89.65		-136.91		-160.71		-155.41
61		U		-72.16		177.08		65.43		100.82		-136.39		-77.09		-144.37		-177.97		-153.91
62		U		-77.82		175.38		49.65		114.13		-127.93		-99.69		-133.54		-162.48		-148.07
63		G		-70.39		176.04		58.11		99.77		-134.51		-73.98		-146.21		-168.83		-150.59
64		U		-80.76		177.78		56.43		105.46		-129.03		-90.16		-137.2		-159.96		-150.13
65		A		-75.29		-178.61		60.98		104.09		-134.12		-85.52		-140.4		-173.96		-158.87
66		A		-72.56		175.8		58.49		99.56		-134.94		-71.35		-145.71		-168.92		-134.19
67		G		-80.28		174.98		66.83		96.66		-139.09		-72.67		-151.8		176.93		-151.13
68		G		-77.29		176.46		57.69		100.67		-135.49		-79.23		-143.75		-175.21		-143.9
69		U		-75.54		176.9		58.14		99.72		-133.57		-78.01		-143.36		-175.64		-143.06
70		G		-75.54		173.15		54.67		100.51		-134.56		-80.25		-143.94		-171.9		-144.66
71		U		-75.13		178.02		57.98		97.1		-138.48		-74.55		-147.97		-178.93		-148.05
72		G		-72.61		-179.22		56.21		97.86		-140.16		-78.09		-145.52		-176.77		-144.52
73		C		-68.83		174.48		54.1		93.54		-139.19		-70.94		-147.84		-177.01		-141.28
74		U		-70.96		175.73		57.96		99.18		-136.14		-79.24		-144.52		-173.05		-138.91
75		A		-80.15		178.17		67.71		100.56		-134.22		-89.0		-143.35		-173.75		-152.19
76		A		-73.09		176.92		59.27		98.72		-136.09		-72.68		-146.15		-175.23		-142.64
77		U		-64.53		173.98		58.37		102.56		-131.58		-79.41		-139.97		-179.03		-140.18
78		U		-65.64		-177.47		53.23		107.18		-135.29		-90.91		-133.8		-169.54		-149.64
79		U		-69.51		175.2		58.61		106.33		-132.56		-80.47		-136.81		-172.72		-144.82
80		G		-77.5		-178.68		72.14		97.46		-141.49		-81.88		-148.23		-172.21		-157.67
81		A		-69.24		177.07		64.13		94.7		-139.11		-75.56		-149.23		-178.87		-146.01
82		C		-67.19		178.88		59.44		92.24		-144.65		-71.98		-148.73		-177.38		-150.8
83		U		-68.51		175.33		63.35		93.56		-144.17		-76.61		-148.45		-178.78		-143.86
84		G		-72.21		176.47		58.77		98.8		-145.95		-75.78		-145.8		-173.45		-153.7
85		U		-68.94		175.13		61.09		94.83		-143.34		-80.41		-146.06		178.22		-155.21
86		A		-69.91		-174.22		64.47		107.15		-136.93		-72.48		-136.7		-169.42		-160.49
87		U		-67.32		176.96		63.47		94.81		-140.86		-81.05		-146.34		178.84		-160.25
88		A		-65.14		-178.52		67.09		103.36		-140.84		-72.35		-140.46		-164.75		-155.49
89		G		-64.3		174.27		62.03		94.53		-141.76		-80.04		-149.68		-177.79		-154.8
90		U		-61.44		-175.2		61.84		105.07		-139.64		-76.12		-139.63		-168.89		-157.08
91		U		-63.77		177.83		68.3		100.87		-135.93		-79.35		-144.83		-172.03		-150.05
92		U		-70.43		-177.62		66.13		104.07		-142.14		-77.2		-143.39		-171.65		-165.62
93		U		-62.64		172.98		59.01		97.39		-140.61		-74.51		-149.01		-174.84		-149.16
94		U		-68.85		-177.83		57.36		99.75		-144.86		-76.45		-143.85		-175.72		-153.43
95		G		-67.39		178.98		64.59		97.63		-141.7		-82.5		-148.95		-172.57		-153.55
96		U		-68.66		-178.68		65.14		99.64		-143.99		-76.83		-143.96		-173.78		-154.77
97		A		-69.03		176.47		66.6		95.99		-140.79		-79.37		-152.28		-175.14		-151.5
98		A		-63.54		178.33		54.38		98.44		-143.31		-70.76		-147.16		-175.54		-144.45
99		U		-66.25		174.19		58.51		95.42		-141.84		-74.08		-151.33		178.0		-142.11
100		C		-66.74		179.58		54.54		97.36		-146.16		-73.75		-147.43		-179.03		-146.47
101		U		-67.03		172.95		58.13		95.92		-143.14		-74.93		-149.75		177.85		-146.15
102		U		-63.67		178.06		52.9		100.21		-142.36		-75.09		-143.22		-177.49		-151.22
103		U		-63.73		176.05		56.58		97.48		-139.69		-77.62		-147.57		-177.41		-145.97
104		U		-68.21		-178.19		57.56		101.96		-138.39		-75.55		-142.36		179.0		-145.34
