No.	   Seq		 Alpha		 Beta		Gamma		Delta		 Epsilon	 Zeta		  Chi		  Eta		 Theta

0		A		-74.32		172.45		66.75		96.65		-142.39		-70.15		-151.65		-172.88		-142.99
1		G		-70.62		170.72		70.15		96.5		-138.92		-82.28		-153.07		-176.74		-161.62
2		A		-69.98		172.64		63.46		94.56		-142.08		-74.84		-152.86		-174.33		-152.19
3		U		-73.17		167.73		62.46		99.24		-136.27		-85.45		-151.19		-176.81		-174.89
4		A		-74.86		174.72		75.34		99.68		-134.98		-78.11		-148.11		-170.25		-152.94
5		G		-67.76		166.83		58.77		94.92		-138.46		-84.41		-149.46		-177.47		-155.29
6		U		-58.24		170.86		56.85		92.35		-141.87		-69.21		-149.37		-178.81		-142.51
7		C		-72.05		170.58		69.57		93.65		-139.67		-77.51		-159.44		-174.4		-148.37
8		G		-56.01		178.67		65.17		87.87		-146.41		-82.03		-161.6		-174.72		-161.86
9		U		-64.4		172.83		53.1		83.72		-147.4		-72.87		-160.74		171.15		-136.11
10		G		-62.85		171.26		58.01		81.68		-152.27		-69.22		-164.55		166.73		-145.92
11		G		-81.29		174.2		67.62		82.72		-149.79		-69.34		-164.7		167.95		-144.05
12		G		-61.83		167.55		65.02		84.47		-149.51		-73.86		-167.51		177.23		-160.38
13		U		-66.01		173.74		62.3		98.63		-131.11		-74.87		-147.37		-175.65		-140.94
14		U		-70.23		174.78		57.78		93.38		-139.75		-71.36		-157.0		173.02		-133.9
15		C		-82.31		173.99		57.16		88.93		-139.99		-69.19		-155.31		159.8		-129.59
16		C		-63.52		174.9		52.87		82.71		-149.18		-70.54		-159.54		174.33		-149.9
17		C		-63.21		177.78		55.57		99.21		-134.3		-90.54		-136.65		-172.59		-141.38
18		U		-63.76		176.99		59.74		99.55		-134.27		-76.99		-147.88		-162.08		-137.73
19		U		-81.0		178.66		95.81		108.69		-120.57		-83.16		-142.5		-170.32		-129.79
20		U		-91.0		179.55		66.21		99.8		-128.88		-79.37		-147.37		157.07		-145.78
21		C		-67.21		166.43		58.26		90.05		-141.57		-71.39		-152.93		165.21		-166.48
22		U		-55.63		166.86		51.64		96.95		-134.7		-74.31		-146.33		-167.82		-153.8
23		G		-65.78		174.33		86.89		99.01		-134.88		-83.17		-149.01		-160.41		-169.18
24		G		-75.39		172.16		73.25		95.85		-135.22		-79.35		-151.54		-177.09		-154.97
25		A		-71.08		172.68		82.47		95.55		-134.86		-71.89		-160.41		-173.5		-149.27
26		G		-63.3		172.69		73.82		81.2		-147.66		-75.09		-163.91		170.28		-153.57
27		G		-66.17		163.3		60.59		81.78		-152.1		-71.09		-162.75		175.71		-151.4
28		G		-63.87		163.44		58.07		82.13		-149.09		-74.17		-161.39		168.6		-147.53
29		A		-63.36		171.87		61.33		89.54		-139.57		-74.41		-153.12		-174.95		-153.94
30		G		-66.79		166.34		66.72		87.38		-142.83		-90.6		-156.25		168.34		176.88
31		A		-49.7		166.57		54.8		93.27		-142.73		-69.3		-154.26		-163.25		-157.38
32		G		-50.61		172.14		70.64		80.38		-145.86		-68.84		-169.67		175.4		-141.0
33		G		-54.67		178.34		61.34		86.28		-140.5		-70.12		-158.2		-171.92		-137.93
34		G		-84.15		171.94		77.01		85.39		-137.01		-74.33		-164.45		164.98		-155.38
35		A		-69.28		-177.26		72.0		95.67		-138.83		-85.01		-151.84		-174.02		-155.98
36		A		-76.02		174.73		60.36		95.08		-135.01		-75.26		-152.95		174.46		-134.14
37		U		-62.42		170.3		53.82		94.96		-141.01		-71.0		-149.82		176.03		-144.81
38		U		-68.67		170.65		60.48		87.61		-140.39		-75.56		-156.64		173.39		-151.39
39		C		-62.47		174.72		57.51		83.95		-145.87		-70.56		-160.69		169.26		-146.41
40		C		-70.13		174.64		64.49		80.13		-145.45		-72.73		-165.67		169.34		-152.0
41		A		-60.85		178.93		56.12		92.14		-139.96		-71.4		-156.39		-175.07		-149.0
42		C		-63.6		165.25		61.36		84.35		-137.89		-66.38		-165.15		163.37		-143.68
43		G		-65.79		173.14		69.09		94.29		-134.94		-73.33		-161.24		178.82		-149.93
44		U		-61.88		170.93		53.63		98.84		-131.68		-82.12		-149.33		172.19		-139.53
45		U		-66.95		166.84		54.5		96.21		-136.14		-72.91		-147.75		168.8		-156.31
46		G		-118.86		167.07		89.56		93.12		-137.0		-82.82		-165.4		169.25		-167.05
47		A		-61.79		173.95		60.31		86.12		-147.13		-66.74		-164.87		179.22		-150.62
48		C		-63.91		175.95		73.57		84.15		-141.86		-73.53		-162.51		173.37		-152.38
49		C		-63.43		176.15		65.11		89.83		-138.35		-81.02		-154.54		175.57		-158.99
50		G		-68.72		173.13		77.76		84.32		-140.98		-81.05		-172.52		169.28		-165.58
51		G		-58.66		169.75		67.43		89.6		-139.49		-75.23		-166.08		-174.64		-147.32
52		G		-70.68		170.14		60.42		84.57		-142.23		-62.77		-167.07		163.93		-144.63
53		G		-71.15		177.26		85.58		89.0		-139.16		-72.34		-161.8		-178.78		-146.68
54		G		-71.14		167.11		63.02		85.05		-140.05		-85.57		-157.81		171.66		-158.86
55		A		-73.54		171.5		69.32		99.97		-129.95		-111.23		-147.73		-167.79		-167.76
56		A		-72.62		176.84		71.31		92.87		-132.26		-81.48		-157.37		165.28		-143.25
57		C		-61.85		178.63		69.75		92.56		-132.7		-68.19		-157.89		171.13		-135.43
58		C		-65.98		174.65		58.79		81.75		-141.36		-76.1		-162.63		170.85		-136.93
59		G		-73.01		177.52		66.88		87.76		-138.82		-79.89		-164.66		172.83		-138.87
60		G		-68.72		177.99		53.7		89.49		-141.09		-75.23		-159.92		169.79		-140.25
61		C		-76.25		176.9		62.99		86.47		-142.0		-68.6		-163.7		165.25		-144.62
62		C		-86.72		175.84		73.79		86.42		-141.84		-89.47		-159.19		165.99		-162.4
63		A		-72.02		173.9		68.98		85.19		-139.09		-79.71		-163.69		173.25		-159.5
64		G		-63.52		160.74		59.67		84.45		-138.27		-68.72		-166.59		167.03		-124.47
65		G		-68.64		172.56		61.14		83.05		-143.69		-65.83		-168.01		162.21		-137.38
66		C		-76.68		177.18		63.19		82.28		-144.87		-74.32		-168.4		162.75		-141.6
67		C		-64.99		170.48		55.22		81.07		-144.19		-69.65		-165.21		168.81		-145.22
68		C		-83.57		174.07		69.9		80.68		-144.72		-74.29		-167.83		165.33		-146.78
69		G		-72.44		169.34		62.48		83.45		-142.5		-78.41		-163.64		169.39		-148.67
70		G		-106.5		175.99		87.28		94.3		-132.57		-92.91		-159.96		177.57		-176.76
71		A		-66.14		173.2		74.26		89.17		-139.14		-74.13		-159.94		169.78		-154.14
72		A		-108.76		175.12		90.71		91.78		-135.38		-74.45		-159.72		161.95		-136.24
73		G		-74.08		173.97		72.03		87.67		-139.65		-72.88		-165.5		167.16		-144.37
74		G		-93.2		179.48		85.79		86.42		-137.29		-69.97		-169.9		177.52		-147.94
75		G		-68.35		171.85		59.18		86.25		-143.14		-76.02		-162.11		173.06		-148.43
76		A		-78.16		169.12		63.92		86.93		-141.47		-71.37		-161.84		165.66		-141.27
77		G		-69.65		171.7		65.86		88.92		-139.78		-75.02		-158.58		174.67		-142.4
78		C		-79.89		175.35		63.01		89.42		-140.15		-78.57		-155.37		170.29		-146.34
79		A		-81.65		-173.15		71.27		103.77		-132.32		-90.8		-144.45		-169.48		-151.73
80		A		-66.28		171.52		60.92		91.56		-135.57		-73.14		-154.1		172.86		-147.65
81		C		-64.35		172.2		65.58		83.46		-141.72		-68.81		-162.44		158.71		-146.3
82		C		-67.2		175.88		59.39		86.66		-144.34		-77.78		-159.14		168.44		-147.56
83		G		-63.09		-177.05		59.71		87.58		-145.16		-76.17		-160.88		178.57		-151.67
84		U		-64.68		171.06		60.5		84.58		-143.13		-67.51		-162.87		172.21		-143.22
85		G		-72.36		171.35		64.8		85.72		-145.32		-74.74		-162.34		168.11		-143.89
86		C		-69.96		170.3		56.96		85.96		-146.41		-72.99		-162.44		169.58		-142.47
87		C		-70.21		176.63		61.13		83.98		-147.96		-73.82		-162.17		174.57		-153.91
88		C		-78.9		174.88		69.86		83.39		-142.88		-75.55		-164.31		172.45		-148.74
89		G		-81.87		175.32		68.51		84.05		-147.11		-76.26		-164.19		170.37		-150.54
90		G		-73.15		173.12		64.1		87.52		-140.79		-78.16		-161.51		178.64		-151.23
91		C		-67.17		173.61		54.13		85.73		-146.11		-68.91		-157.44		166.85		-145.46
92		U		-79.64		174.83		69.5		92.37		-137.66		-82.73		-154.31		166.62		-155.87
93		A		-75.29		171.3		66.11		98.64		-134.78		-81.49		-149.7		174.89		-148.58
94		U		-68.98		165.87		59.07		90.89		-137.14		-73.24		-157.91		174.86		-145.63
95		C		-67.09		173.33		56.35		93.3		-139.08		-77.39		-151.56		178.46		-147.43
