No.	   Seq		 Alpha		 Beta		Gamma		Delta		 Epsilon	 Zeta		  Chi		  Eta		 Theta

0		G		-72.43		171.97		69.88		85.78		-148.53		-75.19		-163.72		170.98		-152.81
1		G		-96.84		177.02		81.82		86.24		-143.33		-79.3		-166.5		170.01		-142.08
2		C		-75.34		175.61		68.43		83.71		-145.17		-75.22		-164.3		173.06		-142.43
3		U		-78.99		-179.3		65.64		86.84		-140.42		-79.97		-160.15		168.92		-137.53
4		C		-88.59		172.2		63.55		85.21		-144.87		-78.73		-165.39		160.97		-156.06
5		A		-80.14		177.2		68.17		99.81		-132.9		-75.63		-156.41		-177.03		-146.44
6		U		-69.99		176.04		60.11		94.26		-134.72		-78.73		-148.25		175.74		-143.07
7		C		-112.11		-174.02		94.76		102.05		-126.85		-97.69		-145.94		177.84		-152.96
8		A		-87.99		174.86		79.92		96.64		-130.77		-79.01		-156.36		-173.47		-135.94
9		C		-94.42		178.32		84.18		89.6		-138.73		-84.81		-157.75		169.61		-154.06
10		A		-65.35		172.23		61.04		90.17		-136.56		-81.21		-151.43		178.78		-137.72
11		U		-76.88		174.31		69.05		95.11		-134.58		-84.16		-148.67		176.21		-149.44
12		C		-78.12		176.26		72.56		92.93		-135.85		-83.94		-152.77		174.99		-153.8
13		C		-68.48		173.05		56.78		89.38		-138.91		-68.67		-161.52		179.16		-155.78
14		U		-74.26		171.28		67.49		94.38		-136.4		-101.9		-153.81		-177.19		-176.83
15		G		-64.84		170.34		71.42		95.95		-136.79		-86.76		-153.08		-169.41		-168.57
16		G		-80.43		169.94		76.46		89.66		-140.63		-76.95		-160.39		175.52		-143.92
17		G		-76.03		169.92		76.86		91.54		-138.69		-78.27		-159.86		179.1		-139.12
18		G		-78.62		178.16		72.76		93.34		-139.1		-92.14		-155.21		175.13		-164.24
19		C		-70.58		167.96		52.32		94.71		-137.44		-80.92		-149.86		179.33		-156.64
20		U		-73.85		177.07		59.03		91.46		-143.94		-76.91		-158.07		172.67		-151.82
21		G		-70.95		173.65		55.44		93.66		-137.56		-72.91		-150.89		178.99		-142.47
22		G		-91.71		174.74		63.27		90.18		-135.26		-73.32		-159.21		174.25		-150.97
23		A		-70.48		169.58		58.42		89.66		-137.59		-75.27		-156.19		171.47		-143.48
24		A		-68.45		176.88		61.84		97.49		-134.24		-78.15		-149.67		-176.64		-152.05
25		A		-66.81		174.52		59.11		101.06		-131.1		-69.71		-144.92		-177.93		-125.6
26		C		-78.18		170.87		62.09		101.84		-128.69		-70.39		-145.63		169.55		-137.84
27		G		-65.06		174.48		63.94		86.29		-138.26		-71.25		-158.09		174.9		-136.07
28		G		-72.03		169.14		57.2		99.17		-134.62		-75.18		-151.58		-171.5		-150.97
29		U		-70.28		166.47		63.2		84.37		-145.47		-65.07		-163.82		167.94		-147.45
30		C		-70.56		170.16		55.55		82.98		-144.91		-71.62		-155.96		174.32		-148.2
31		C		-73.77		170.61		62.16		81.6		-141.8		-72.45		-159.05		166.69		-144.83
32		C		-63.94		163.26		49.78		86.24		-143.53		-82.21		-153.49		178.12		-168.05
33		A		-59.16		174.82		67.6		97.25		-135.8		-89.41		-148.74		-170.14		-169.2
34		A		-68.04		161.93		60.05		95.25		-137.92		-71.87		-149.79		176.93		-140.99
35		G		-67.47		176.62		80.56		94.92		-142.58		-72.69		-158.57		178.33		-151.59
36		G		-62.9		172.61		57.16		91.46		-136.73		-65.65		-161.11		-176.53		-131.51
37		G		-68.81		171.05		56.28		88.49		-143.85		-68.58		-160.29		176.6		-145.93
38		U		-62.78		165.6		51.66		108.84		-126.54		-122.58		-133.16		-166.06		173.5
39		A		-57.63		163.65		53.02		99.42		-133.09		-71.92		-142.55		-168.76		-174.33
40		U		-75.19		169.86		60.98		105.77		-124.85		-68.42		-140.34		-152.38		-154.65
41		G		-64.76		177.67		66.04		88.94		-143.3		-70.35		-157.01		-179.47		-137.12
42		G		-64.44		172.6		57.93		87.21		-144.35		-73.23		-154.67		179.15		-147.59
43		C		-57.58		175.93		55.56		84.86		-149.47		-68.41		-157.65		-178.62		-151.3
44		U		-63.13		169.9		51.72		91.45		-144.02		-72.13		-146.34		178.67		-146.06
45		G		-71.61		178.34		66.97		98.08		-136.1		-85.14		-144.31		177.18		-161.51
46		U		-68.62		162.72		51.48		96.02		-131.44		-60.43		-144.54		-177.27		-156.25
47		U		-53.86		170.45		52.67		97.38		-134.13		-76.94		-146.02		-168.96		-142.93
48		C		-69.84		169.07		54.16		93.58		-143.5		-65.55		-149.97		-178.18		-150.21
49		G		-61.16		177.64		64.98		91.79		-144.51		-67.52		-158.1		-174.45		-144.31
50		C		-67.26		-179.36		60.67		91.8		-138.64		-66.05		-146.04		176.48		-136.83
51		C		-65.24		176.1		69.0		88.05		-138.45		-76.46		-152.77		171.48		-148.34
52		A		-66.34		176.08		71.1		96.66		-135.9		-72.79		-146.0		-173.4		-142.88
53		U		-63.88		170.79		59.59		94.46		-138.82		-75.91		-147.99		171.87		-160.2
54		U		-60.37		172.84		57.83		97.69		-134.74		-68.58		-139.37		176.28		-140.61
55		U		-64.62		177.65		56.29		101.78		-129.5		-78.16		-138.5		162.7		-147.67
56		A		-56.44		174.08		60.6		96.34		-138.42		-72.28		-145.91		-164.3		-160.83
57		A		-59.08		173.09		66.81		93.38		-135.96		-71.65		-149.57		177.43		-162.56
58		A		-53.92		172.15		66.4		84.98		-150.42		-73.03		-161.95		174.72		-152.9
59		G		-54.52		171.63		60.16		84.44		-146.25		-70.74		-159.26		172.01		-149.37
60		U		-58.79		168.65		58.86		94.79		-146.2		-69.31		-148.59		-177.13		-154.78
61		G		-69.69		174.41		64.26		85.28		-151.54		-79.51		-159.3		170.29		-156.63
62		G		-61.57		168.32		55.66		88.4		-152.51		-67.07		-159.8		-174.09		-154.14
63		U		-64.68		167.34		57.16		86.09		-144.77		-72.62		-154.2		171.33		-152.38
64		A		-62.65		175.87		59.98		97.26		-144.53		-77.09		-150.02		-163.97		-157.45
65		G		-63.0		170.58		61.27		84.5		-145.32		-76.71		-157.48		169.43		-145.87
66		C		-58.0		176.22		59.27		92.37		-143.29		-66.75		-153.04		-164.2		-147.93
67		U		-66.36		179.02		69.61		94.28		-139.08		-83.37		-152.11		-175.96		-150.74
68		A		-60.34		179.4		55.35		101.66		-144.8		-63.71		-144.68		-171.16		-155.17
