No.	   Seq		 Alpha		 Beta		Gamma		Delta		 Epsilon	 Zeta		  Chi		  Eta		 Theta

0		G		-78.04		173.59		67.33		90.06		-140.87		-77.71		-162.26		174.97		-151.65
1		U		-90.57		173.73		75.56		83.13		-141.77		-72.61		-169.47		167.51		-141.71
2		C		-77.08		173.36		60.89		87.86		-144.23		-76.23		-157.96		172.7		-145.32
3		U		-80.57		176.8		68.09		82.91		-143.34		-76.5		-161.4		166.45		-148.43
4		C		-85.73		175.78		69.35		85.26		-143.15		-79.26		-162.55		166.09		-145.43
5		G		-79.36		174.0		68.77		90.16		-140.28		-79.93		-162.91		170.39		-154.55
6		U		-75.54		-179.52		68.86		86.54		-142.83		-78.41		-163.24		165.71		-139.18
7		C		-83.33		174.4		64.65		86.56		-142.92		-77.39		-160.74		162.7		-144.56
8		C		-76.89		174.56		65.11		78.68		-146.97		-71.37		-167.33		160.92		-137.27
9		C		-78.63		174.35		69.46		80.55		-146.19		-80.56		-164.67		170.27		-151.37
10		G		-76.69		177.64		68.21		88.71		-139.56		-83.97		-159.71		173.41		-160.35
11		U		-80.49		174.62		70.34		96.69		-133.47		-78.98		-157.77		179.35		-145.89
12		G		-99.33		176.84		83.74		95.83		-133.2		-86.11		-158.29		174.18		-145.4
13		G		-116.16		174.7		90.2		87.58		-138.95		-77.58		-167.58		165.92		-150.48
14		G		-87.38		175.07		79.22		90.86		-136.41		-78.94		-160.08		178.01		-141.14
15		G		-87.09		173.1		81.73		83.35		-142.78		-74.62		-165.13		171.33		-147.74
16		C		-78.93		170.94		67.38		90.71		-141.33		-84.5		-154.55		176.75		-155.74
17		U		-78.79		176.16		77.41		96.87		-132.26		-82.4		-152.58		-174.58		-156.57
18		C		-89.34		173.1		77.4		89.56		-140.34		-78.94		-159.81		169.91		-155.96
19		G		-78.87		175.58		66.21		99.13		-133.99		-83.75		-151.28		-177.37		-160.78
20		G		-68.7		178.18		80.8		89.45		-135.41		-78.71		-164.51		-179.69		-153.87
21		C		-61.4		172.07		63.34		97.5		-132.16		-75.08		-148.75		179.72		-150.55
22		G		-76.69		173.87		77.15		90.03		-136.66		-74.33		-162.95		173.35		-144.46
23		G		-63.7		171.35		64.63		95.63		-135.27		-78.69		-155.13		-178.15		-149.6
24		U		-68.39		167.3		63.89		84.39		-138.69		-73.84		-162.71		173.06		-151.71
25		G		-65.79		174.43		64.0		86.45		-139.58		-77.36		-159.26		178.23		-144.19
26		G		-96.68		173.57		73.83		78.57		-144.23		-69.39		-174.72		154.27		-139.06
27		G		-70.04		175.04		59.7		79.67		-146.63		-73.44		-166.84		166.81		-149.69
28		G		-69.25		179.46		66.64		83.15		-140.32		-76.79		-164.69		170.74		-140.26
29		G		-76.16		171.66		59.04		85.54		-143.12		-72.82		-161.69		164.33		-153.67
30		A		-71.95		178.38		66.45		84.83		-141.19		-73.13		-165.72		170.16		-141.18
31		G		-70.18		174.12		56.21		86.71		-138.13		-64.55		-156.45		165.96		-136.75
32		C		-94.59		175.67		66.95		80.22		-144.05		-80.41		-167.71		153.73		-155.92
33		A		-55.89		172.1		51.01		97.87		-128.43		-66.68		-144.43		-168.69		-130.95
34		U		-68.05		176.04		61.19		83.76		-139.34		-74.44		-162.92		163.74		-139.16
35		C		-62.5		174.39		52.79		92.95		-129.38		-64.43		-149.14		175.37		-125.23
36		U		-78.58		176.87		64.41		82.23		-136.43		-78.83		-164.72		155.25		-136.17
37		C		-72.7		-178.58		69.74		89.87		-134.26		-81.6		-150.62		173.43		-158.44
38		C		-68.83		168.82		60.23		81.53		-142.3		-69.82		-165.29		168.61		-148.47
39		U		-63.43		176.39		67.48		91.46		-140.5		-68.11		-151.7		-178.59		-152.14
40		G		-101.35		175.91		90.26		91.1		-132.28		-77.69		-160.22		-177.21		-144.73
41		U		-61.9		166.73		60.16		93.4		-134.22		-61.44		-149.77		176.12		-160.16
42		A		-75.76		174.16		77.7		88.14		-137.31		-76.37		-164.94		173.82		-142.22
43		G		-69.22		170.92		70.57		90.2		-142.28		-73.23		-158.73		-177.81		-169.32
44		G		-68.06		170.94		68.62		80.78		-143.42		-71.19		-170.59		173.08		-147.93
45		G		-59.24		171.36		56.27		86.98		-146.86		-69.58		-154.86		-171.29		-146.11
46		G		-69.24		172.31		63.46		82.96		-144.02		-78.56		-163.27		165.85		-152.23
47		A		-63.24		166.82		60.54		99.74		-131.03		-56.91		-142.25		-161.81		-150.67
48		G		-95.82		175.05		92.11		85.19		-140.63		-95.86		-164.54		167.38		-169.19
49		A		-52.07		175.07		59.1		95.87		-134.7		-54.66		-146.9		-169.28		-138.61
50		U		-70.6		172.82		66.22		88.61		-131.05		-75.68		-163.01		176.4		-135.39
51		G		-56.72		179.89		61.32		95.76		-131.84		-67.35		-146.57		-165.89		-147.82
52		U		-95.64		178.25		62.2		94.98		-131.66		-83.52		-151.75		163.78		-144.84
53		A		-66.51		-178.43		61.03		97.91		-145.09		-77.06		-140.74		179.8		-158.38
54		A		-75.0		173.29		71.93		84.48		-138.87		-70.53		-167.16		175.26		-134.94
55		C		-57.64		170.1		60.94		81.93		-153.04		-63.43		-159.94		171.41		-152.94
56		C		-74.16		173.35		66.16		76.33		-145.89		-73.12		-169.32		167.3		-138.97
57		C		-60.04		170.86		48.08		79.59		-158.88		-63.32		-161.05		174.6		-148.62
58		C		-76.51		171.61		61.66		77.07		-145.57		-71.76		-169.51		166.95		-142.66
59		C		-56.95		168.46		52.08		83.92		-148.52		-61.86		-159.95		177.66		-145.21
60		U		-70.68		173.98		62.77		88.0		-136.61		-80.56		-161.15		165.53		-148.9
61		U		-45.0		170.74		50.71		97.73		-134.56		-55.45		-147.03		-166.22		-138.94
62		U		-85.72		168.11		63.82		90.44		-137.57		-82.11		-159.8		153.9		-145.32
63		A		-62.7		174.79		58.03		94.8		-145.59		-59.55		-152.68		173.8		-150.66
64		C		-75.87		170.96		72.98		81.44		-143.28		-75.3		-167.21		168.43		-148.72
65		C		-55.79		170.36		51.97		86.2		-154.37		-61.81		-156.7		179.76		-160.72
66		U		-75.89		175.96		70.87		78.91		-145.22		-76.79		-168.64		167.37		-146.63
67		G		-60.19		171.02		51.5		92.46		-147.45		-63.04		-151.34		173.71		-159.64
68		C		-76.0		173.91		62.97		75.23		-144.25		-65.07		-178.26		156.57		-139.69
69		C		-59.8		173.79		55.85		88.0		-148.05		-69.7		-152.53		171.11		-156.88
70		G		-108.78		176.39		82.3		82.71		-140.62		-79.37		-168.28		162.34		-154.88
71		A		-58.87		166.16		59.04		91.62		-140.95		-71.43		-150.44		-172.42		-159.79
72		A		-71.2		166.27		67.69		86.92		-135.31		-73.86		-165.97		166.58		-136.75
73		C		-64.48		176.01		60.65		91.17		-143.26		-75.01		-149.94		165.38		-145.43
74		C		-87.61		178.23		75.49		91.88		-137.23		-76.82		-161.02		172.64		-153.82
75		C		-55.48		176.17		61.09		84.26		-148.8		-70.81		-157.14		177.0		-149.79
76		C		-71.25		174.75		61.24		86.2		-141.0		-83.57		-161.56		176.93		-148.24
77		G		-57.15		174.15		54.26		99.39		-131.35		-66.05		-145.64		-177.27		-139.92
78		C		-118.5		175.74		95.18		87.79		-139.99		-69.24		-165.91		162.54		-154.53
79		C		-68.21		178.25		67.07		94.64		-142.41		-87.73		-145.73		176.51		-177.12
80		A		-75.46		166.61		73.61		82.32		-139.97		-76.51		-168.43		172.47		-141.8
81		G		-66.26		165.04		63.73		94.53		-137.34		-67.23		-152.69		178.4		-147.86
82		G		-87.43		171.58		73.02		78.83		-145.77		-69.92		-170.74		157.53		-140.62
83		C		-69.1		170.29		59.71		85.44		-147.43		-73.52		-158.73		165.26		-151.98
84		C		-76.48		167.06		67.03		79.37		-144.42		-75.19		-169.19		167.01		-145.64
85		C		-67.32		171.75		56.09		84.8		-145.5		-73.94		-155.48		165.62		-145.76
86		G		-80.33		173.19		69.08		80.51		-144.04		-77.3		-166.35		165.54		-148.95
87		G		-79.9		177.41		75.43		91.53		-137.79		-82.9		-154.91		164.3		-172.19
88		A		-78.61		168.1		80.68		88.64		-134.72		-75.26		-161.13		166.09		-147.87
89		A		-67.19		168.94		62.17		93.78		-135.36		-75.26		-149.92		163.57		-135.8
90		G		-92.03		178.71		100.94		85.12		-140.72		-77.08		-169.5		168.26		-149.5
91		G		-78.73		171.21		63.16		87.66		-139.5		-70.83		-162.07		171.81		-142.3
92		G		-112.47		169.17		88.73		82.0		-141.02		-75.78		-168.97		164.81		-161.93
93		A		-59.68		163.76		58.06		89.05		-140.36		-68.35		-154.8		175.53		-146.17
94		G		-80.95		171.25		73.11		85.41		-142.38		-74.47		-163.53		169.93		-151.06
95		C		-91.46		168.51		73.36		86.7		-139.72		-79.29		-160.67		163.22		-152.17
96		A		-120.79		173.39		97.57		83.39		-140.39		-77.71		-165.75		164.22		-161.44
97		A		-65.27		174.22		75.02		90.17		-136.34		-81.61		-154.52		177.93		-159.38
98		C		-76.01		166.33		65.24		83.97		-141.36		-75.31		-161.32		158.78		-147.87
99		G		-97.38		176.44		88.97		90.63		-138.55		-80.73		-161.99		171.43		-151.41
100		G		-83.44		176.0		70.24		87.34		-141.07		-75.66		-160.52		172.93		-152.18
101		U		-67.74		170.61		73.46		89.76		-138.59		-71.65		-160.29		169.26		-161.77
102		A		-84.29		170.43		66.41		92.98		-135.94		-79.33		-157.29		170.32		-142.25
103		G		-84.55		169.79		73.34		85.26		-142.02		-73.73		-167.84		165.2		-147.87
104		G		-88.03		174.7		80.92		90.97		-138.17		-73.95		-160.53		172.63		-154.53
105		C		-84.16		174.27		71.87		84.81		-141.53		-73.88		-164.11		169.25		-158.49
106		A		-79.25		178.03		71.27		89.81		-138.82		-79.44		-159.73		174.53		-142.73
107		G		-92.62		172.06		66.69		88.97		-138.4		-78.32		-161.98		168.92		-155.61
108		G		-90.7		176.37		74.38		85.33		-140.71		-78.33		-162.42		156.82		-155.93
109		A		-69.85		176.3		61.28		84.28		-140.49		-67.12		-164.96		167.4		-133.89
110		C		-94.19		170.18		74.44		83.83		-139.85		-76.71		-166.26		148.02		-148.89
111		G		-70.09		173.07		67.66		87.5		-140.75		-78.35		-168.15		-179.02		-150.98
112		U		-70.65		174.23		57.55		86.84		-140.03		-73.92		-160.78		171.11		-142.74
113		C		-66.63		170.63		55.41		82.97		-142.38		-71.11		-163.85		158.51		-135.63
114		G		-74.51		176.61		70.01		89.22		-135.26		-75.76		-162.24		171.71		-143.74
115		G		-89.16		177.58		76.98		88.49		-138.99		-82.18		-166.2		165.62		-146.49
116		C		-70.67		175.04		62.92		88.18		-141.48		-73.01		-160.39		174.39		-140.03
117		G		-88.33		175.77		77.04		81.92		-139.82		-77.38		-170.02		161.99		-135.8
118		C		-70.24		171.86		62.05		83.57		-140.52		-69.95		-165.84		167.02		-138.6
119		U		-68.22		166.79		55.04		86.1		-140.64		-76.66		-158.73		165.09		-134.79
120		C		-68.04		168.48		52.69		86.47		-144.17		-76.44		-155.84		166.53		-145.25
121		A		-71.26		172.75		62.97		82.44		-142.7		-71.01		-168.3		163.91		-138.43
122		C		-62.89		170.79		58.6		83.95		-143.21		-73.43		-162.98		165.57		-148.42
123		G		-66.74		179.44		66.64		83.46		-141.69		-77.73		-166.73		165.21		-144.3
124		G		-62.87		172.83		60.09		83.7		-144.93		-75.35		-167.19		168.35		-144.76
125		G		-67.01		169.17		64.67		81.14		-143.46		-74.04		-167.63		168.94		-142.67
126		G		-73.59		175.08		65.76		86.33		-143.43		-80.06		-161.47		172.95		-150.49
127		G		-77.81		175.22		73.61		83.67		-142.25		-74.99		-168.54		169.63		-149.5
128		U		-65.2		169.43		57.3		86.23		-141.84		-72.41		-162.22		175.47		-143.16
129		G		-73.94		173.95		67.33		84.28		-142.27		-76.0		-164.63		172.43		-150.49
130		C		-74.35		170.85		59.4		80.28		-145.01		-71.03		-166.84		163.57		-143.46
131		G		-68.77		177.03		71.08		79.94		-145.77		-76.47		-167.07		172.62		-151.51
132		G		-73.52		172.92		63.25		89.14		-138.34		-81.47		-158.1		176.78		-148.46
133		G		-77.78		173.79		72.0		85.6		-143.18		-77.23		-161.88		167.5		-154.56
134		A		-72.75		174.83		63.28		92.64		-137.19		-79.9		-155.04		177.75		-144.68
135		C		-73.93		175.0		68.69		86.26		-140.54		-74.25		-160.71		167.43		-149.34
