No.	   Seq		 Alpha		 Beta		Gamma		Delta		 Epsilon	 Zeta		  Chi		  Eta		 Theta

0		G		-70.7		173.39		64.21		87.83		-143.97		-72.94		-157.02		173.9		-139.88
1		G		-73.4		176.98		56.58		91.73		-139.43		-77.62		-148.3		179.23		-150.03
2		A		-74.1		173.51		59.33		90.36		-142.0		-77.39		-157.51		174.8		-151.46
3		A		-73.19		176.27		65.52		101.45		-133.61		-76.93		-148.46		-164.61		-149.68
4		G		-73.91		178.69		62.29		97.13		-136.05		-76.12		-144.42		-175.19		-137.24
5		U		-71.94		173.55		49.49		101.56		-133.11		-81.15		-138.61		-169.12		-147.77
6		A		-73.88		177.97		65.6		111.2		-125.29		-79.88		-138.17		-155.36		173.51
7		G		-68.41		174.07		61.55		103.46		-135.03		-91.59		-146.02		-119.72		-157.38
8		A		-65.21		176.07		54.4		105.29		-130.07		-76.2		-139.24		-166.33		-142.35
9		U		-67.27		175.42		56.53		100.16		-134.65		-80.23		-137.88		-177.05		-138.31
10		G		-81.5		-178.11		88.55		95.65		-138.17		-83.73		-148.79		179.52		-148.7
11		G		-83.48		170.73		61.96		93.27		-142.77		-73.98		-159.0		-165.61		-149.7
12		U		-58.34		172.3		51.15		95.77		-140.28		-70.21		-148.4		-170.59		-141.71
13		U		-70.21		-177.59		51.25		98.64		-134.45		-72.11		-138.05		-173.42		-132.72
14		C		-126.2		174.82		65.5		95.6		-138.29		-74.82		-146.47		114.21		-147.75
15		A		-74.97		-177.2		75.54		94.78		-142.8		-74.66		-146.65		179.84		-158.95
16		A		-59.96		-176.46		65.08		107.39		-132.05		-95.29		-134.05		-162.35		-160.14
17		G		-69.77		-177.27		72.04		105.13		-131.46		-68.48		-140.71		-171.82		-143.35
18		U		-60.72		179.66		59.85		114.48		-127.06		-70.45		-137.48		-163.86		-112.84
19		C		-77.61		-171.96		61.99		92.64		-146.25		-73.77		-147.09		171.23		-146.23
20		C		-73.5		-179.64		57.28		88.54		-147.56		-73.38		-153.06		178.99		-159.1
21		A		-62.86		-176.96		56.73		97.63		-144.03		-77.4		-147.98		-168.12		-160.77
22		U		-54.38		177.05		52.1		95.12		-142.52		-70.92		-146.28		-172.76		-148.73
23		U		-67.55		176.35		59.22		105.38		-137.43		-70.26		-138.8		-176.2		-135.45
24		U		-76.15		-179.87		63.49		98.68		-138.66		-73.57		-147.86		162.78		-149.35
25		A		-64.45		-178.38		60.78		93.96		-149.26		-72.22		-151.2		-177.43		-152.4
26		C		-62.1		173.88		51.91		89.4		-146.72		-72.71		-148.07		173.48		-150.77
27		U		-63.77		176.93		54.71		96.97		-149.46		-71.02		-148.49		177.81		-156.05
28		U		-61.67		173.78		54.53		92.06		-146.29		-76.39		-149.28		175.11		-152.63
29		C		-68.25		171.14		50.23		88.62		-155.94		-64.91		-153.18		167.25		-149.04
30		C		-67.89		174.8		55.16		85.04		-149.34		-78.11		-158.1		172.27		-146.14
31		A		-62.19		-178.41		60.58		96.88		-142.65		-73.51		-147.21		-175.53		-152.36
32		C		-64.9		171.95		57.23		89.6		-141.89		-67.74		-153.91		174.79		-142.74
33		C		-63.62		176.09		57.08		95.39		-145.46		-75.02		-147.3		178.77		-154.46
34		A		-67.46		175.84		55.31		98.52		-139.34		-81.85		-145.37		177.32		-139.31
