No.	   Seq		 Alpha		 Beta		Gamma		Delta		 Epsilon	 Zeta		  Chi		  Eta		 Theta

0		G		-73.58		176.44		71.33		91.48		-144.49		-73.81		-161.36		179.76		-144.96
1		G		-76.28		171.64		59.94		86.96		-142.55		-78.26		-162.13		172.72		-138.35
2		C		-81.02		173.84		67.62		93.05		-142.93		-75.29		-159.19		173.06		-152.39
3		U		-77.59		175.1		74.26		89.32		-141.42		-82.23		-162.17		179.65		-150.98
4		C		-73.76		176.57		66.81		90.68		-143.42		-77.18		-155.6		179.24		-156.63
5		U		-67.33		172.77		59.56		83.59		-141.91		-76.44		-160.44		167.35		-137.03
6		G		-71.09		175.93		61.55		94.82		-138.13		-80.95		-151.71		-179.1		-146.25
7		G		-81.45		178.8		77.28		88.56		-140.3		-86.15		-163.82		176.08		-153.26
8		A		-65.35		177.49		62.75		101.2		-134.14		-66.95		-148.74		-167.38		-136.55
9		G		-97.07		175.38		75.91		87.68		-139.5		-82.71		-161.15		164.3		-145.7
10		A		-71.4		178.32		66.04		93.92		-137.96		-77.84		-151.31		-176.12		-149.55
11		G		-80.14		167.29		70.55		81.4		-144.0		-78.25		-166.09		169.43		-158.11
12		A		-66.62		172.14		61.35		93.19		-141.36		-79.74		-152.33		-175.58		-154.47
13		A		-91.12		175.47		71.78		90.34		-138.19		-74.8		-161.26		168.94		-133.22
14		C		-68.73		177.7		66.32		90.91		-140.3		-78.35		-152.81		175.98		-136.1
15		C		-90.61		178.26		81.86		82.47		-142.96		-76.59		-171.96		166.32		-145.78
16		G		-64.73		174.82		61.52		91.65		-142.56		-82.43		-154.83		-178.86		-147.42
17		U		-70.57		173.27		62.83		91.03		-137.86		-77.43		-156.86		174.19		-146.48
18		U		-61.3		171.36		56.45		100.46		-135.31		-88.19		-140.63		179.0		-142.95
19		U		-127.81		178.78		91.01		97.92		-132.99		-94.51		-152.42		168.74		-163.51
20		A		-68.19		178.46		68.92		98.61		-136.19		-79.83		-155.47		-175.37		-151.53
21		A		-64.73		174.94		67.41		93.34		-133.62		-73.78		-159.56		-177.06		-145.89
22		U		-59.12		176.04		55.97		89.47		-141.5		-77.36		-154.41		177.68		-145.37
23		C		-69.25		171.23		62.54		88.85		-139.14		-73.98		-159.99		174.75		-133.14
24		G		-70.97		175.32		63.32		84.19		-146.84		-72.76		-162.58		170.26		-146.19
25		G		-71.47		173.4		58.79		86.56		-144.33		-78.06		-159.19		170.93		-145.17
26		U		-64.88		172.09		54.11		89.6		-138.68		-77.97		-155.35		174.73		-147.12
27		C		-91.49		172.44		97.89		87.6		-139.68		-77.22		-166.75		169.78		-142.68
28		G		-77.39		174.9		65.39		88.15		-144.39		-79.56		-162.09		170.33		-150.87
29		C		-69.24		174.23		59.11		77.3		-145.24		-75.05		-166.63		166.99		-142.88
30		C		-63.71		172.46		61.34		86.06		-139.25		-78.89		-160.34		-178.46		-144.78
31		G		-69.38		177.71		68.58		88.08		-139.86		-85.89		-160.0		177.02		-150.9
32		A		-63.56		174.82		59.74		99.36		-137.35		-75.95		-152.26		-178.24		-150.49
33		A		-80.78		177.1		75.48		99.71		-129.82		-83.99		-153.8		171.62		-140.8
34		G		-69.16		177.77		81.86		97.06		-133.05		-79.79		-156.55		175.06		-153.81
35		G		-81.02		174.8		74.09		90.27		-136.57		-84.71		-163.8		176.8		-147.42
36		A		-65.76		166.79		53.72		91.52		-140.05		-71.47		-158.14		-179.06		-137.16
37		G		-72.49		174.01		61.98		83.31		-140.02		-79.4		-162.43		168.68		-146.55
38		C		-63.91		166.91		53.75		85.73		-140.62		-73.65		-161.12		171.89		-137.07
39		A		-80.95		174.8		67.2		86.68		-139.93		-80.58		-164.12		165.72		-149.36
40		A		-68.5		175.07		65.14		86.18		-143.56		-74.88		-162.74		170.39		-135.87
41		G		-83.6		171.31		72.81		76.15		-145.59		-73.72		-173.74		157.26		-143.56
42		C		-65.53		169.48		61.11		80.52		-147.17		-72.19		-165.4		164.79		-141.04
43		U		-66.23		172.69		56.89		86.18		-142.6		-78.42		-162.04		167.55		-140.16
44		C		-64.91		169.96		48.98		87.22		-143.46		-76.88		-157.4		170.81		-140.1
45		U		-73.58		170.71		68.62		90.64		-137.61		-74.53		-163.46		175.57		-140.53
46		G		-63.98		176.64		63.8		88.1		-139.42		-80.46		-158.9		179.28		-155.45
47		C		-74.48		175.25		64.96		85.44		-140.96		-72.57		-168.21		172.35		-141.41
48		G		-62.56		179.37		70.54		87.38		-140.05		-75.81		-165.73		176.65		-142.0
49		G		-77.28		171.81		74.03		89.33		-138.78		-81.71		-161.54		177.7		-141.97
50		A		-78.55		167.89		66.78		89.78		-138.03		-73.14		-159.58		168.67		-156.68
51		A		-80.29		169.21		69.47		94.47		-136.54		-80.79		-156.82		179.12		-137.87
52		A		-73.8		177.43		64.2		95.62		-135.56		-74.56		-153.23		176.3		-148.76
53		C		-84.46		172.86		84.41		86.01		-141.43		-77.52		-162.93		168.08		-143.65
54		G		-70.22		177.88		71.99		93.07		-138.31		-80.5		-159.57		-174.98		-164.09
55		C		-63.38		174.87		62.4		83.0		-145.52		-75.74		-165.36		170.37		-147.83
56		A		-66.87		172.07		55.07		93.24		-138.61		-78.22		-153.08		177.42		-145.83
57		G		-87.95		175.47		92.84		88.67		-137.59		-87.28		-163.01		165.57		-151.93
58		A		-73.0		172.32		77.83		90.55		-138.15		-78.16		-163.58		174.7		-146.28
59		G		-72.47		176.09		69.97		93.4		-136.44		-80.81		-159.86		178.54		-144.57
60		U		-68.72		176.49		60.25		97.31		-137.2		-83.4		-150.7		-175.39		-144.25
61		G		-96.43		177.18		83.77		94.25		-134.4		-80.48		-157.65		179.26		-153.52
62		A		-75.51		169.44		59.4		92.55		-138.34		-76.29		-156.37		175.55		-141.92
63		A		-77.06		173.58		59.76		92.47		-133.94		-76.24		-157.58		173.73		-136.13
64		A		-70.63		176.14		74.2		92.81		-135.33		-82.52		-156.61		180.0		-141.21
65		C		-80.16		176.63		75.11		86.33		-141.88		-71.4		-163.71		165.66		-136.05
66		U		-69.55		174.59		65.11		88.17		-144.99		-75.3		-160.97		176.19		-140.19
67		C		-70.49		172.54		54.6		84.6		-145.54		-72.72		-159.44		167.52		-140.76
68		U		-67.62		173.35		57.18		89.51		-142.01		-73.91		-155.66		174.05		-145.69
69		C		-84.59		175.42		69.36		87.12		-141.51		-85.58		-158.75		164.03		-153.48
70		A		-75.09		175.68		70.61		83.53		-145.12		-75.24		-166.9		169.24		-146.84
71		G		-79.73		175.6		74.55		89.03		-138.7		-82.61		-164.38		173.4		-142.87
72		G		-67.88		177.11		68.37		85.32		-142.91		-74.2		-164.26		173.86		-141.98
73		C		-94.66		176.57		73.55		92.85		-137.46		-78.98		-156.12		172.1		-134.71
74		A		-84.23		174.69		70.44		96.43		-138.41		-86.88		-154.97		-176.58		-157.5
75		A		-80.29		169.09		64.46		101.25		-133.25		-81.29		-150.02		-179.16		-147.26
76		A		-77.18		173.36		66.02		95.63		-139.01		-83.91		-151.78		173.01		-160.42
77		A		-74.42		179.59		78.63		101.15		-131.0		-80.44		-151.08		-178.12		-132.39
78		G		-78.81		175.12		78.35		95.44		-137.99		-76.29		-158.11		177.68		-156.49
79		G		-73.22		176.29		78.86		91.5		-138.94		-80.59		-160.04		178.61		-153.16
80		A		-70.02		173.19		65.27		90.85		-142.15		-74.47		-157.67		176.76		-143.41
81		C		-73.41		174.0		64.7		82.62		-145.03		-77.74		-161.98		169.2		-147.21
82		A		-75.57		173.43		66.45		90.3		-143.04		-76.6		-158.7		177.6		-147.31
83		G		-81.63		175.74		73.09		85.2		-145.84		-79.81		-162.86		166.66		-152.59
84		A		-70.67		173.5		66.18		87.31		-145.23		-78.73		-161.21		178.51		-146.04
85		G		-73.02		175.13		66.59		86.91		-142.29		-77.15		-164.04		172.5		-142.16
86		U		-73.11		179.39		69.79		95.29		-139.29		-80.77		-156.53		-178.01		-146.81
87		C		-77.08		173.7		64.22		86.67		-142.94		-76.62		-160.79		171.25		-140.61
