No.	   Seq		 Alpha		 Beta		Gamma		Delta		 Epsilon	 Zeta		  Chi		  Eta		 Theta

0		G		-83.47		174.59		79.45		87.85		-142.93		-77.62		-161.6		172.53		-149.38
1		G		-70.33		173.11		66.88		91.21		-140.91		-72.13		-154.74		-179.39		-149.79
2		G		-78.36		174.81		74.38		85.41		-142.7		-78.0		-165.99		171.79		-145.83
3		C		-70.91		172.98		65.87		93.24		-136.55		-73.2		-154.84		-176.88		-148.12
4		U		-75.69		175.2		65.02		92.37		-138.79		-84.37		-156.17		176.01		-145.05
5		U		-65.01		174.61		56.78		94.73		-138.7		-74.83		-146.04		-180.0		-151.4
6		C		-85.31		173.75		66.39		91.82		-139.74		-77.02		-159.49		170.88		-142.58
7		G		-63.22		172.35		60.93		98.78		-135.27		-84.67		-149.31		-170.22		-160.34
8		U		-73.87		178.77		67.02		95.01		-134.62		-86.59		-152.4		-179.0		-151.84
9		U		-64.96		169.48		55.53		97.63		-132.84		-83.18		-146.71		-173.48		-148.52
10		A		-82.58		177.66		69.7		89.77		-138.77		-79.87		-160.22		169.1		-137.67
11		G		-72.02		174.58		60.83		86.66		-143.06		-80.17		-156.59		174.31		-149.39
12		G		-69.24		176.4		63.11		90.29		-137.4		-84.44		-156.19		177.66		-145.43
13		U		-60.36		172.45		51.61		95.2		-137.31		-73.29		-148.18		-167.9		-138.33
14		G		-86.97		176.13		76.55		90.89		-139.97		-84.27		-160.38		173.69		-147.4
15		A		-70.36		172.35		53.8		99.4		-134.18		-75.41		-145.94		-175.74		-147.77
16		G		-72.61		172.24		73.03		90.28		-137.4		-79.76		-158.21		174.09		-153.3
17		G		-61.8		171.72		58.8		101.65		-130.2		-74.85		-143.28		-163.73		-143.55
18		C		-68.82		170.01		61.32		96.13		-135.58		-77.66		-152.61		178.26		-146.69
19		U		-69.55		178.12		67.08		100.55		-129.6		-81.17		-146.39		-168.41		-149.67
20		C		-70.28		175.11		61.5		88.12		-140.49		-80.33		-158.51		173.25		-147.21
21		C		-60.69		174.75		55.37		85.59		-143.83		-65.39		-155.36		175.83		-145.06
22		U		-70.65		176.19		66.92		86.22		-141.85		-83.27		-160.3		176.35		-144.6
23		G		-63.73		173.42		58.91		94.68		-138.33		-72.26		-145.95		179.37		-157.85
24		U		-75.79		173.12		76.89		86.71		-139.69		-76.92		-163.68		171.16		-143.41
25		A		-62.95		171.53		55.06		97.4		-136.51		-69.67		-148.86		-178.02		-143.85
26		U		-74.13		176.96		68.83		90.11		-134.56		-79.28		-159.22		169.21		-146.84
27		G		-64.12		172.5		60.65		95.03		-133.17		-66.96		-153.05		-166.86		-143.64
28		G		-77.7		173.19		69.75		89.64		-137.39		-83.06		-162.23		171.25		-148.04
29		A		-64.99		-179.86		57.06		95.49		-137.24		-66.91		-147.23		-170.65		-142.81
30		G		-79.84		176.09		74.62		93.56		-132.03		-91.18		-156.17		175.76		-148.54
31		A		-63.89		174.8		57.48		96.25		-138.28		-65.08		-146.79		-176.87		-153.51
32		U		-67.12		170.67		65.71		89.45		-137.86		-83.43		-157.93		172.24		-148.94
33		A		-60.14		171.73		47.93		93.21		-140.51		-70.17		-146.18		-174.98		-144.5
34		C		-72.62		172.01		61.65		84.12		-143.25		-76.34		-163.63		164.89		-149.05
35		G		-55.65		177.51		53.47		98.0		-139.13		-84.54		-144.94		-164.56		-159.53
36		C		-66.95		173.65		56.06		86.29		-139.99		-70.93		-165.34		175.29		-141.95
37		U		-56.15		174.88		55.92		95.64		-138.92		-70.85		-150.25		-165.25		-149.89
38		G		-71.45		172.03		62.38		85.83		-141.48		-81.65		-161.63		171.58		-144.88
39		C		-62.87		174.94		56.05		91.32		-144.76		-71.07		-151.17		-179.13		-155.93
40		U		-73.86		169.06		69.17		84.6		-141.52		-77.68		-164.0		170.27		-140.48
41		G		-65.14		177.99		58.64		94.94		-145.65		-72.4		-150.01		-176.99		-152.91
42		C		-84.5		173.34		66.3		81.98		-142.63		-75.82		-167.14		169.09		-142.14
43		C		-61.51		178.13		49.51		86.5		-146.03		-68.67		-153.22		-178.95		-139.28
44		C		-68.95		172.35		56.14		81.46		-142.95		-80.3		-159.73		165.05		-146.89
45		A		-62.71		174.53		52.99		98.55		-136.54		-64.89		-146.42		-172.67		-159.71
46		A		-78.95		171.1		67.32		95.16		-133.46		-80.65		-155.74		169.85		-143.56
47		A		-62.99		-179.32		59.5		99.08		-135.8		-62.15		-144.73		-174.26		-147.75
48		A		-77.88		171.24		70.84		96.74		-132.72		-81.52		-156.58		172.49		-146.2
49		A		-61.65		173.6		55.11		105.26		-133.86		-61.28		-139.48		-179.29		-162.47
50		U		-70.36		171.81		69.27		86.93		-139.57		-79.63		-161.05		173.49		-147.55
51		G		-59.53		172.04		52.93		95.74		-144.64		-74.12		-145.68		-178.9		-153.52
52		U		-71.85		176.32		62.07		87.86		-139.9		-76.53		-161.31		174.67		-149.51
53		C		-64.14		174.93		55.19		87.61		-146.06		-69.83		-152.72		175.49		-144.16
54		C		-76.79		170.8		65.78		87.39		-142.1		-78.16		-162.44		167.68		-154.47
55		A		-66.42		177.16		61.91		96.16		-145.18		-83.98		-148.59		-171.79		-169.46
56		A		-70.48		171.75		69.08		94.07		-135.63		-81.05		-154.93		-178.81		-154.93
57		A		-63.15		169.08		58.02		98.56		-138.71		-63.53		-141.31		179.99		-137.97
58		G		-70.09		174.6		72.68		102.3		-132.78		-99.94		-148.15		-172.93		-170.47
59		A		-55.23		176.89		57.46		107.77		-132.62		-72.74		-140.32		-160.98		-153.08
60		C		-78.75		172.78		64.09		102.21		-134.15		-82.55		-151.14		-169.09		-159.26
61		G		-58.69		179.44		56.7		99.66		-139.45		-78.48		-143.69		-164.35		-145.18
62		C		-66.14		168.48		54.17		88.54		-142.04		-72.5		-153.89		176.78		-143.59
63		C		-68.78		173.67		58.46		97.64		-140.16		-81.27		-144.56		-171.29		-166.36
64		A		-74.03		173.2		65.08		96.08		-139.04		-80.88		-153.67		-170.88		-150.37
65		A		-65.82		177.48		60.32		104.68		-135.83		-91.32		-137.22		-171.63		-174.25
66		U		-72.81		170.18		61.43		99.96		-131.02		-78.88		-147.69		-175.55		-142.37
67		G		-69.55		-178.75		66.45		100.58		-137.47		-71.99		-148.05		177.69		-147.03
68		G		-76.18		169.94		62.14		91.16		-142.16		-75.46		-156.28		177.46		-151.09
69		G		-61.26		170.81		52.88		96.67		-141.78		-76.22		-148.56		-175.65		-154.38
70		U		-68.05		169.86		56.02		97.95		-133.36		-69.97		-149.32		-176.48		-133.94
71		C		-78.06		174.66		63.13		93.16		-142.31		-68.91		-152.38		167.35		-148.83
72		A		-67.77		165.71		57.96		96.31		-137.32		-74.61		-150.96		176.72		-146.98
73		A		-71.36		173.31		56.8		97.96		-134.36		-71.2		-148.23		179.38		-156.27
74		C		-69.55		170.75		68.9		92.86		-135.7		-76.76		-150.93		175.75		-143.75
75		A		-71.8		-179.12		55.96		104.51		-131.86		-72.39		-138.13		-177.98		-140.32
76		G		-79.56		171.77		69.71		91.78		-139.57		-78.04		-157.42		171.87		-158.21
77		A		-67.74		172.99		54.53		99.85		-131.92		-74.69		-142.27		-172.03		-144.1
78		A		-73.0		169.24		66.13		90.31		-143.26		-74.14		-155.85		175.37		-147.62
79		A		-66.61		170.71		55.02		98.0		-141.79		-71.57		-146.14		-175.42		-142.53
80		U		-72.15		168.19		64.31		96.63		-139.07		-68.65		-151.39		-178.1		-149.84
81		C		-75.38		172.64		63.5		92.43		-143.92		-79.29		-148.94		174.61		-151.79
82		A		-66.11		169.67		55.95		96.69		-143.43		-76.53		-149.31		-171.08		-152.43
83		U		-60.52		174.07		50.42		105.26		-133.69		-74.58		-138.04		-172.82		-156.07
84		C		-80.91		173.81		68.42		95.15		-137.98		-79.75		-148.86		-178.33		-149.88
85		G		-79.96		174.09		73.07		101.52		-136.21		-88.17		-140.98		-179.12		-164.1
86		A		-70.54		175.26		69.4		94.77		-138.27		-79.26		-148.57		-173.54		-158.41
87		C		-64.9		171.19		64.5		90.91		-139.95		-76.77		-151.97		-170.0		-148.6
88		A		-66.54		170.29		58.68		93.74		-143.6		-71.95		-149.28		179.27		-143.27
89		U		-67.65		170.78		59.82		98.61		-138.34		-81.08		-142.95		-175.04		-157.8
90		A		-66.44		171.07		61.94		95.26		-137.91		-75.14		-146.8		177.59		-158.74
91		A		-70.81		174.0		58.11		100.26		-136.48		-75.43		-143.82		-174.6		-147.7
92		G		-64.36		179.2		71.54		96.27		-143.46		-81.46		-152.33		-177.82		-155.66
93		G		-61.23		177.22		58.43		93.35		-138.8		-70.55		-150.23		-167.81		-148.73
94		U		-71.14		172.49		69.65		92.89		-143.06		-67.59		-153.92		178.51		-145.62
95		G		-72.12		171.37		57.32		97.28		-140.98		-83.27		-146.95		-174.5		-152.71
96		A		-72.38		176.46		65.34		97.27		-137.26		-73.81		-147.62		-174.36		-154.86
97		U		-70.7		173.13		64.92		97.85		-135.72		-77.41		-146.15		-176.64		-149.31
98		U		-61.98		172.71		59.95		96.67		-141.98		-68.7		-149.86		-177.95		-147.31
99		U		-62.11		174.33		50.19		104.6		-134.34		-63.28		-140.82		-165.65		-146.01
100		U		-66.76		172.41		54.93		101.1		-134.43		-77.38		-141.83		-172.87		-142.98
101		U		-70.34		174.92		54.62		107.62		-129.56		-86.93		-134.54		-171.35		-157.51
102		A		-65.89		177.91		67.13		102.82		-134.67		-83.54		-141.44		-166.3		-159.54
103		A		-67.68		171.82		59.27		99.37		-131.77		-68.63		-147.46		-167.45		-141.24
104		U		-58.97		174.86		61.24		98.26		-136.71		-75.17		-146.86		-178.49		-151.52
105		G		-69.97		179.09		59.05		100.0		-135.76		-79.22		-145.21		-171.67		-137.25
106		C		-66.42		173.03		64.08		89.23		-147.97		-71.22		-153.98		174.46		-148.07
107		A		-71.88		172.58		62.88		88.57		-145.1		-69.74		-157.18		178.45		-143.46
108		G		-62.57		174.53		61.17		90.47		-145.11		-80.48		-153.36		-176.81		-150.77
109		C		-60.35		173.81		49.35		90.66		-145.64		-67.79		-149.1		179.76		-148.85
110		U		-62.61		173.17		56.51		96.46		-141.36		-78.83		-148.72		-178.08		-143.78
111		G		-68.28		174.1		56.13		103.4		-133.05		-84.1		-139.01		-173.26		-159.52
112		G		-66.54		173.89		67.37		95.88		-138.78		-78.47		-152.91		-179.69		-159.04
113		A		-59.62		173.89		51.7		102.6		-133.21		-81.76		-141.18		-164.74		-149.56
114		U		-62.37		173.34		59.31		94.77		-138.15		-73.54		-151.07		179.96		-141.82
115		G		-69.94		178.66		64.63		97.14		-140.39		-73.94		-147.91		-165.51		-144.22
116		C		-67.19		171.62		55.64		93.5		-141.77		-74.92		-149.37		175.16		-149.23
117		U		-62.24		-178.2		57.03		97.45		-138.34		-73.45		-143.49		-172.82		-145.62
118		U		-69.75		176.8		59.19		99.61		-133.2		-87.01		-147.16		-175.48		-148.32
119		G		-63.53		172.76		56.78		94.44		-140.94		-62.89		-153.19		178.63		-139.89
120		U		-67.49		175.36		58.33		91.42		-139.87		-74.2		-154.01		174.49		-136.1
121		C		-67.87		179.19		50.72		94.16		-139.97		-73.73		-147.46		179.23		-141.32
122		C		-69.0		170.63		59.49		88.67		-141.56		-71.72		-157.03		173.68		-142.52
123		U		-66.34		179.28		61.83		97.66		-142.76		-87.17		-143.65		-170.95		-166.28
124		A		-61.11		174.3		54.92		92.53		-138.39		-75.56		-151.82		179.11		-140.87
125		U		-60.7		173.74		55.01		97.03		-136.03		-68.63		-147.44		-178.51		-142.95
126		G		-64.74		174.17		57.62		98.53		-136.79		-80.52		-149.98		172.78		-140.5
127		C		-65.37		-178.07		51.25		91.67		-146.38		-71.2		-149.24		179.08		-147.42
128		C		-67.44		173.71		64.25		86.67		-142.66		-79.58		-159.58		175.15		-143.77
129		A		-65.06		175.19		53.0		98.75		-138.03		-72.98		-144.74		-165.86		-154.5
130		U		-63.11		169.04		56.86		91.82		-139.19		-83.6		-151.45		177.86		-153.87
131		A		-72.5		175.71		60.81		110.42		-129.26		-70.6		-133.17		-163.88		-154.18
132		C		-78.01		178.67		83.77		93.26		-141.47		-84.34		-154.86		171.91		-157.99
133		A		-63.99		-179.87		66.64		98.79		-138.65		-76.93		-146.11		-173.77		-158.57
134		G		-67.33		173.64		67.59		92.53		-136.3		-84.06		-155.58		179.91		-151.13
135		U		-61.79		177.33		59.97		95.85		-142.54		-69.49		-146.68		178.25		-146.24
136		G		-73.47		175.93		70.88		92.13		-138.35		-83.82		-157.76		-179.31		-144.24
137		C		-66.08		173.27		52.32		92.92		-145.87		-66.49		-145.72		-179.87		-155.13
138		U		-68.44		175.57		69.06		90.67		-137.52		-86.66		-153.71		-178.37		-153.65
139		A		-67.88		-179.06		62.06		102.86		-135.07		-84.83		-135.84		-168.92		-156.47
140		A		-105.93		177.35		84.38		94.93		-133.86		-81.34		-159.45		170.52		-153.26
141		A		-58.36		175.12		64.86		100.27		-133.49		-67.76		-143.36		-174.46		-143.62
142		G		-78.2		178.13		75.68		93.78		-137.58		-82.77		-154.73		171.43		-145.65
143		C		-63.39		179.47		58.57		96.0		-143.33		-69.36		-145.64		-175.27		-139.88
144		U		-75.89		177.5		72.98		93.2		-138.34		-84.04		-156.48		179.76		-149.57
145		C		-60.1		177.23		56.05		94.67		-144.1		-67.74		-147.15		179.95		-161.61
146		U		-76.08		171.54		64.02		92.42		-139.22		-80.13		-157.3		173.98		-150.24
147		A		-60.4		177.9		54.82		98.4		-141.12		-71.99		-143.24		-178.31		-142.82
148		C		-92.5		175.29		79.94		85.49		-141.29		-77.45		-163.35		165.68		-143.13
149		G		-66.61		177.89		69.39		95.58		-141.47		-79.09		-151.53		-177.28		-157.03
150		A		-75.95		177.56		71.45		90.47		-139.58		-79.96		-159.9		177.3		-148.44
151		U		-55.9		173.87		53.33		96.89		-140.18		-72.85		-143.49		-177.51		-153.96
152		U		-79.55		173.37		64.12		95.82		-136.24		-78.31		-152.52		168.94		-138.48
153		G		-67.83		175.54		57.85		99.17		-143.74		-77.83		-145.65		178.04		-161.49
154		A		-77.87		173.81		72.84		89.38		-140.2		-79.25		-159.24		174.57		-150.62
155		A		-59.81		172.87		56.99		92.73		-142.34		-72.3		-151.04		177.65		-146.14
156		G		-74.03		174.17		74.23		91.06		-137.95		-80.96		-159.6		175.01		-143.96
157		C		-61.38		173.7		59.14		93.21		-141.39		-69.71		-150.01		174.84		-142.27
158		C		-80.63		176.68		71.64		91.01		-140.29		-82.22		-156.25		173.33		-151.81
159		C		-67.02		177.14		59.51		94.15		-143.32		-82.16		-148.34		178.49		-153.91
160		A		-78.82		176.14		71.21		94.13		-139.18		-83.45		-154.75		175.8		-150.09
