No.	   Seq		 Alpha		 Beta		Gamma		Delta		 Epsilon	 Zeta		  Chi		  Eta		 Theta

0		G		-70.95		169.56		64.52		90.88		-142.54		-73.09		-156.77		-179.98		-155.52
1		C		-79.31		174.89		70.31		85.26		-142.04		-80.07		-162.71		172.04		-149.45
2		G		-65.65		171.34		58.2		85.19		-144.36		-72.97		-157.92		176.56		-145.93
3		C		-76.28		175.13		60.61		87.91		-144.77		-76.87		-159.09		167.02		-141.72
4		G		-71.38		173.05		62.11		89.35		-146.38		-75.68		-157.13		178.07		-157.91
5		G		-82.74		178.5		73.38		92.14		-139.1		-84.87		-157.38		177.11		-154.67
6		A		-72.18		167.33		54.21		95.91		-136.24		-75.33		-148.7		-179.0		-148.79
7		A		-80.53		175.94		63.07		98.26		-134.81		-85.75		-152.23		177.89		-145.79
8		A		-72.56		176.17		55.38		101.96		-132.03		-78.07		-146.65		-170.35		-150.33
9		C		-82.54		172.18		67.33		95.16		-136.51		-85.58		-151.42		174.84		-158.03
10		A		-65.79		172.29		57.48		100.44		-135.82		-78.42		-139.94		-166.71		-149.39
11		A		-72.02		175.39		63.45		101.56		-131.41		-86.86		-144.51		-172.46		-152.07
12		U		-69.23		171.43		65.12		98.08		-133.62		-72.13		-147.18		-178.71		-148.5
13		G		-81.87		171.42		70.73		93.54		-137.18		-88.27		-155.74		175.19		-157.58
14		A		-67.14		173.99		56.66		94.2		-138.38		-73.92		-148.77		-172.92		-144.69
15		U		-71.5		169.45		59.48		93.37		-136.31		-76.62		-148.93		-178.51		-146.93
16		G		-76.33		174.13		66.32		102.22		-133.77		-96.29		-138.43		-174.77		-177.19
17		A		-87.97		172.19		75.77		101.58		-135.7		-95.32		-149.99		-170.87		-165.66
18		A		-62.29		173.66		68.18		100.97		-135.65		-71.42		-146.7		-164.77		-165.73
19		U		-69.19		173.85		70.97		98.3		-134.65		-73.69		-149.52		-173.5		-142.81
20		G		-71.94		175.34		65.22		95.47		-141.92		-74.99		-147.91		-179.79		-151.86
21		G		-81.32		172.59		81.14		95.99		-138.46		-78.2		-154.54		-174.57		-144.92
22		G		-71.62		177.95		66.43		97.32		-141.34		-69.09		-151.98		-169.64		-160.93
23		U		-68.34		173.0		64.93		95.76		-135.59		-80.84		-150.01		-171.42		-147.97
24		U		-68.04		171.86		52.63		101.59		-133.91		-72.09		-139.32		-174.14		-148.53
25		U		-79.51		170.14		59.72		99.71		-133.24		-81.83		-146.53		-179.75		-142.69
26		A		-83.03		-177.24		64.08		101.91		-136.6		-63.99		-145.54		-163.1		-148.81
27		A		-73.74		177.19		66.07		98.55		-137.75		-81.61		-148.34		-178.22		-151.77
28		A		-62.39		179.38		61.48		106.17		-126.66		-72.47		-137.66		-165.5		-140.41
29		U		-63.7		171.46		61.98		97.99		-134.28		-72.6		-150.32		176.62		-136.26
30		U		-66.72		-179.59		52.14		103.52		-139.21		-81.79		-141.59		-175.14		-153.15
31		G		-66.41		171.13		56.79		90.49		-142.06		-74.58		-158.12		175.03		-146.76
32		G		-63.93		171.46		55.66		90.53		-144.84		-70.96		-151.86		-179.41		-142.84
33		G		-69.86		170.71		62.49		88.55		-143.99		-75.89		-157.53		-178.98		-144.57
34		C		-63.71		174.26		53.91		91.03		-147.97		-69.38		-151.39		178.48		-147.32
35		A		-73.19		172.99		73.71		88.83		-141.54		-70.79		-165.47		177.88		-143.32
36		C		-64.85		170.07		54.26		91.16		-145.07		-77.78		-150.8		174.86		-146.0
37		U		-62.24		171.73		53.93		94.62		-140.11		-76.26		-148.47		179.8		-144.57
38		U		-65.02		176.63		55.72		103.17		-136.92		-76.61		-138.84		-169.23		-151.97
39		G		-66.36		168.66		64.64		94.03		-143.76		-75.11		-152.63		177.03		-152.45
40		A		-67.99		-179.45		61.65		99.99		-139.87		-76.89		-147.64		-172.06		-147.6
41		C		-56.53		177.31		58.95		88.88		-143.82		-79.57		-155.67		-178.24		-146.49
42		U		-58.02		175.42		54.96		89.53		-143.98		-68.42		-149.11		-179.85		-143.16
43		C		-68.82		165.57		59.95		85.98		-148.07		-74.92		-155.08		171.18		-146.01
44		A		-67.75		175.3		60.5		91.32		-144.06		-71.37		-151.98		-179.9		-149.69
45		U		-60.64		177.63		63.3		94.76		-137.09		-79.25		-149.31		-174.6		-146.91
46		U		-63.53		173.41		56.7		101.71		-135.64		-73.12		-140.84		-179.96		-152.0
47		U		-64.12		174.53		64.99		101.66		-137.45		-75.39		-148.75		-175.88		-142.85
48		U		-63.47		172.93		53.59		94.56		-142.67		-73.45		-143.41		176.12		-154.33
49		G		-64.24		174.79		62.89		92.83		-140.21		-83.47		-152.07		-176.54		-157.03
50		A		-60.54		170.37		61.85		94.53		-141.62		-73.75		-151.69		-173.46		-149.54
51		G		-65.53		176.88		76.97		91.73		-139.86		-74.85		-157.61		-177.23		-150.46
52		U		-59.79		175.27		56.11		93.85		-142.96		-63.58		-149.93		-175.71		-144.66
53		U		-67.36		172.4		59.12		94.11		-141.2		-78.95		-151.27		171.67		-158.06
54		A		-61.29		174.6		58.33		94.27		-142.93		-74.11		-150.86		-178.59		-144.47
55		G		-71.16		176.79		65.38		96.34		-135.55		-74.33		-149.28		177.93		-144.19
56		U		-62.91		175.43		66.43		97.76		-134.41		-80.46		-146.14		-175.87		-155.88
57		A		-67.68		-179.04		69.52		100.68		-133.8		-86.7		-147.38		-168.82		-154.87
58		G		-59.91		174.6		61.61		96.86		-137.16		-74.81		-151.21		-173.58		-139.24
59		U		-68.41		-179.02		62.9		94.98		-140.12		-78.59		-149.23		176.62		-140.03
60		G		-63.27		-178.55		67.6		97.84		-136.5		-81.86		-144.79		-175.95		-150.67
61		C		-77.12		173.93		68.81		88.02		-141.81		-73.24		-157.72		170.97		-152.43
62		A		-62.29		174.7		60.94		94.13		-141.89		-77.77		-153.15		-175.1		-154.57
63		A		-67.93		177.58		56.58		92.16		-141.0		-77.88		-152.31		174.64		-140.63
64		C		-61.61		178.74		59.16		92.6		-140.15		-71.87		-150.01		173.55		-143.58
65		C		-66.35		173.56		62.23		93.31		-138.46		-76.27		-151.66		175.71		-144.73
66		G		-63.41		175.99		60.21		91.47		-143.57		-78.94		-153.35		176.93		-154.18
67		A		-69.17		174.83		56.35		99.21		-136.75		-81.01		-148.05		-176.86		-145.35
68		C		-64.28		171.56		60.74		87.41		-142.73		-70.2		-159.64		167.3		-140.73
69		C		-69.04		175.77		67.38		89.96		-143.21		-78.3		-156.98		174.28		-149.68
70		G		-68.27		171.92		55.94		92.35		-142.55		-77.92		-153.11		174.25		-152.1
71		U		-65.35		172.4		57.1		92.07		-141.22		-80.18		-153.67		178.31		-152.4
72		G		-63.93		174.73		61.82		92.08		-140.51		-81.29		-152.5		176.59		-147.14
73		C		-71.81		174.91		63.13		92.78		-140.08		-76.26		-155.87		173.73		-147.12
74		U		-67.93		174.96		61.68		95.86		-137.87		-76.36		-151.84		176.7		-151.16
75		G		-71.11		176.42		66.17		91.32		-140.04		-80.68		-156.93		177.72		-150.4
76		G		-67.87		170.47		60.15		89.19		-142.56		-77.65		-155.4		174.73		-143.52
