No.	   Seq		 Alpha		 Beta		Gamma		Delta		 Epsilon	 Zeta		  Chi		  Eta		 Theta

0		G		-82.53		175.57		79.41		88.05		-140.35		-79.19		-163.82		172.16		-150.15
1		G		-65.85		172.59		61.82		90.63		-141.41		-76.42		-156.18		-179.85		-151.43
2		C		-72.73		175.13		66.33		87.63		-141.02		-79.11		-160.16		173.1		-147.09
3		G		-64.02		175.97		56.48		90.29		-140.16		-79.17		-153.56		179.77		-144.61
4		U		-77.55		176.4		63.15		93.05		-137.66		-82.95		-158.03		172.09		-145.94
5		G		-65.84		172.38		58.69		93.2		-138.82		-71.63		-154.26		-179.83		-135.59
6		U		-89.68		175.67		71.65		94.18		-137.84		-86.84		-155.16		175.44		-157.15
7		A		-66.62		175.27		57.3		99.73		-132.25		-78.24		-143.47		-172.23		-144.52
8		U		-75.33		172.55		68.37		96.38		-134.12		-80.54		-153.15		178.92		-145.87
9		G		-66.76		174.31		56.6		102.92		-133.82		-77.86		-144.5		-174.3		-145.32
10		U		-87.89		177.95		70.85		98.24		-133.8		-83.6		-152.62		-177.99		-150.29
11		G		-66.6		179.76		62.54		97.67		-135.23		-81.84		-146.5		-174.62		-158.49
12		G		-77.57		176.49		68.83		93.9		-137.6		-79.85		-156.63		-176.34		-147.29
13		G		-69.25		174.43		57.67		92.14		-140.45		-69.71		-155.92		-177.0		-140.18
14		G		-85.19		176.46		72.74		93.77		-136.52		-83.16		-153.78		-177.53		-152.42
15		A		-75.36		173.4		66.06		96.71		-133.45		-82.51		-144.53		-173.49		-157.37
16		A		-76.75		168.41		68.25		101.45		-132.34		-87.47		-143.31		179.95		-149.51
17		A		-75.31		175.32		66.63		104.1		-129.12		-69.04		-142.23		-171.84		-141.16
18		C		-72.46		176.35		66.2		101.42		-132.66		-86.71		-146.74		-178.3		-146.43
19		C		-65.2		178.92		65.15		97.24		-136.35		-72.2		-148.8		-169.13		-156.04
20		C		-69.54		173.02		54.61		94.18		-140.17		-75.09		-151.15		-178.16		-138.17
21		U		-70.56		174.22		60.38		96.38		-137.39		-64.83		-144.55		-170.73		-153.83
22		G		-87.31		175.29		83.52		93.7		-138.58		-91.45		-151.96		177.35		-166.25
23		A		-65.97		173.77		59.16		98.36		-138.47		-66.64		-148.77		-174.24		-162.48
24		U		-68.0		170.73		62.64		90.62		-137.09		-71.4		-159.3		177.53		-136.79
25		U		-68.24		173.45		56.81		95.13		-140.77		-69.9		-145.03		-179.15		-147.65
26		G		-79.97		173.26		61.07		90.67		-140.42		-79.55		-154.81		166.2		-154.1
27		A		-64.78		173.71		53.86		91.44		-145.15		-65.53		-153.99		-178.19		-140.52
28		G		-68.25		172.89		58.59		91.22		-137.62		-71.14		-156.31		-174.77		-142.58
29		U		-61.97		177.14		54.13		94.57		-141.37		-71.55		-146.33		-179.72		-147.47
30		U		-72.42		169.51		55.03		99.25		-130.96		-75.5		-145.44		178.55		-144.3
31		C		-68.53		173.05		53.86		91.89		-143.55		-75.45		-149.5		165.2		-159.96
32		A		-67.33		172.13		57.78		94.01		-137.7		-68.98		-152.02		-175.47		-141.52
33		G		-65.53		178.52		59.35		93.63		-141.72		-80.0		-148.09		174.14		-159.67
34		C		-61.73		171.01		54.54		88.94		-142.38		-66.86		-152.85		-178.77		-137.57
35		C		-62.49		175.24		52.58		86.46		-149.6		-68.71		-155.03		172.98		-136.17
36		C		-72.2		178.32		61.92		92.49		-146.75		-79.67		-151.35		178.69		-158.49
37		A		-65.79		178.54		57.52		92.41		-142.06		-72.04		-150.31		-179.38		-152.44
38		C		-67.72		170.06		65.14		91.69		-139.23		-76.45		-152.16		178.5		-145.5
39		A		-63.32		172.33		55.3		98.5		-139.1		-74.57		-145.97		-172.73		-142.29
40		U		-65.32		170.36		60.4		98.26		-136.83		-82.06		-143.64		179.78		-155.95
41		A		-70.9		176.04		65.68		100.63		-135.57		-70.14		-144.05		-174.03		-148.72
42		C		-66.16		172.69		71.38		93.76		-140.04		-75.84		-149.87		-177.84		-148.93
43		U		-56.63		174.9		57.61		98.38		-136.63		-75.13		-140.09		-173.1		-162.56
44		U		-61.39		172.04		64.91		97.0		-132.39		-68.02		-145.99		-171.92		-158.35
45		U		-63.55		167.6		62.91		93.99		-144.3		-70.17		-149.75		170.22		-152.95
46		G		-66.05		177.09		66.36		95.95		-140.28		-76.49		-147.74		-178.67		-147.89
47		U		-60.1		174.29		56.45		94.88		-141.62		-71.54		-146.76		-178.37		-148.35
48		U		-66.51		177.64		70.6		96.71		-136.97		-70.03		-145.43		-179.28		-152.9
49		G		-61.95		171.19		68.39		90.44		-146.12		-78.74		-154.19		-179.81		-159.02
50		A		-61.32		177.39		58.32		91.94		-143.22		-72.83		-154.4		-176.79		-152.89
51		U		-56.96		173.51		61.51		93.3		-140.25		-72.33		-150.24		-178.22		-147.54
52		G		-68.86		-179.45		70.87		95.39		-141.73		-75.68		-148.87		-176.84		-150.36
53		G		-64.13		174.38		66.09		91.11		-144.35		-70.55		-158.38		-175.99		-144.71
54		U		-59.31		171.47		54.25		93.09		-142.06		-73.47		-150.64		-174.7		-141.64
55		U		-61.7		178.31		57.57		98.22		-136.91		-78.06		-145.14		-177.07		-147.84
56		G		-63.29		174.78		59.72		97.11		-142.05		-71.7		-148.37		-177.8		-145.53
57		U		-66.01		177.86		60.63		94.36		-141.08		-73.3		-148.94		-179.35		-145.95
58		C		-66.31		178.01		58.65		92.79		-142.23		-74.13		-148.93		177.62		-152.13
59		A		-68.74		-176.96		62.85		97.62		-137.72		-85.49		-145.69		-176.97		-157.83
60		A		-56.89		175.3		57.57		96.96		-142.09		-69.82		-149.16		-179.98		-147.68
61		U		-63.35		174.08		61.98		92.81		-138.88		-76.01		-148.53		172.14		-146.88
62		C		-65.75		174.85		59.95		91.54		-142.49		-70.56		-154.18		170.9		-144.81
63		G		-64.55		172.85		57.78		90.15		-142.79		-74.61		-154.42		172.25		-149.16
64		C		-62.8		174.52		55.31		89.06		-146.15		-74.05		-153.28		177.93		-147.85
65		C		-66.15		171.59		57.06		89.02		-142.63		-74.84		-153.08		166.53		-143.0
