No.	   Seq		 Alpha		 Beta		Gamma		Delta		 Epsilon	 Zeta		  Chi		  Eta		 Theta

0		G		-69.47		176.86		67.46		94.73		-141.21		-70.46		-155.39		-178.93		-150.46
1		G		-77.18		176.84		69.15		91.45		-138.75		-81.77		-158.67		172.74		-145.85
2		C		-62.99		173.75		58.23		92.49		-140.65		-76.82		-154.67		177.83		-145.23
3		C		-73.86		176.76		71.17		89.52		-139.06		-76.4		-162.2		179.34		-142.67
4		U		-67.4		171.5		56.5		87.4		-145.08		-75.45		-153.08		175.14		-147.86
5		U		-71.91		175.01		59.12		88.95		-138.8		-86.73		-152.84		174.01		-150.47
6		A		-63.02		170.11		53.19		93.65		-136.12		-77.67		-145.87		178.64		-135.97
7		U		-75.79		178.95		63.45		99.21		-135.56		-95.59		-147.96		177.37		-159.5
8		A		-56.55		-178.0		61.04		102.69		-130.5		-81.57		-142.85		-173.03		-144.88
9		C		-84.75		178.19		67.43		95.27		-135.96		-86.71		-154.16		172.52		-152.29
10		A		-61.13		175.46		59.49		91.81		-142.09		-79.38		-152.32		179.65		-146.01
11		G		-70.77		173.03		61.45		87.78		-141.32		-78.11		-159.14		178.51		-147.44
12		G		-64.95		174.38		72.13		92.9		-143.8		-77.64		-155.98		-172.74		-155.66
13		G		-69.73		175.03		61.47		101.51		-132.07		-79.26		-147.95		-167.73		-140.6
14		U		-67.66		173.43		66.92		98.48		-136.1		-84.75		-147.52		-177.04		-152.73
15		A		-85.98		175.47		70.9		106.92		-127.59		-96.73		-145.15		-167.59		-163.19
16		G		-61.82		169.6		63.84		92.08		-140.66		-69.59		-154.0		-179.84		-153.35
17		C		-72.77		174.2		60.33		91.88		-139.0		-77.14		-151.08		176.3		-144.81
18		A		-62.84		176.08		58.49		103.52		-134.45		-87.24		-140.82		-161.24		-157.79
19		U		-70.69		178.88		67.15		104.81		-131.07		-97.99		-139.56		-170.05		-166.94
20		A		-65.75		177.41		66.43		106.05		-136.47		-76.12		-144.68		-164.12		-170.71
21		A		-64.69		173.28		56.49		102.41		-132.6		-72.56		-144.13		-175.99		-144.05
22		U		-59.86		178.49		61.92		99.08		-135.91		-74.72		-148.73		-176.23		-167.06
23		G		-63.52		170.02		61.19		91.92		-136.14		-75.06		-152.22		-177.37		-145.22
24		G		-68.59		170.89		60.02		89.0		-146.3		-68.42		-161.71		173.9		-140.12
25		G		-67.55		173.78		57.32		92.78		-139.03		-71.88		-153.8		-174.46		-135.09
26		C		-70.68		179.32		60.83		88.98		-140.76		-73.22		-152.78		177.03		-149.39
27		U		-70.19		170.29		61.79		95.75		-136.05		-75.72		-149.72		-179.85		-150.22
28		A		-74.35		172.86		63.38		93.97		-140.94		-77.65		-154.47		177.61		-146.71
29		C		-64.55		169.94		51.5		91.87		-140.16		-64.78		-152.63		179.01		-147.54
30		U		-66.38		177.19		53.66		98.86		-135.7		-81.78		-144.37		176.33		-149.11
31		G		-63.99		171.32		52.0		99.03		-138.93		-74.57		-146.84		-174.79		-152.25
32		A		-61.21		171.13		53.27		99.38		-135.92		-63.36		-148.0		-174.02		-133.04
33		C		-62.67		173.53		55.23		93.69		-139.87		-73.8		-150.81		178.53		-147.11
34		C		-60.91		178.11		55.22		92.84		-140.23		-74.72		-150.1		173.75		-158.52
35		C		-62.82		169.54		54.97		88.11		-144.09		-71.37		-157.73		-178.44		-147.1
36		C		-67.6		168.29		58.28		87.23		-145.7		-71.09		-158.39		171.01		-137.24
37		G		-68.31		172.94		59.06		86.44		-146.45		-72.4		-158.19		177.89		-142.36
38		C		-69.18		169.85		58.32		91.7		-140.09		-76.29		-151.58		177.34		-144.63
39		C		-66.8		174.87		61.23		89.24		-144.56		-74.21		-155.3		173.59		-150.29
40		U		-65.37		175.87		59.23		92.88		-142.86		-80.61		-151.37		-179.37		-152.0
41		U		-64.07		170.64		52.39		96.16		-139.46		-68.97		-144.49		173.33		-145.56
42		C		-66.95		169.91		58.79		93.23		-139.82		-74.69		-150.12		174.28		-151.97
43		A		-63.76		173.74		56.65		91.67		-143.26		-74.34		-150.06		-179.25		-149.72
44		A		-61.74		171.83		56.76		94.71		-139.73		-79.4		-149.56		176.55		-149.51
45		A		-62.57		170.61		62.17		90.14		-142.83		-64.43		-155.08		179.91		-143.41
46		C		-62.51		170.51		59.18		89.89		-141.22		-75.22		-153.56		174.78		-142.75
47		C		-62.54		173.66		55.12		86.83		-148.2		-68.33		-150.87		174.62		-149.57
48		U		-69.14		176.5		64.51		92.39		-139.06		-84.41		-150.14		177.97		-149.91
49		A		-71.0		170.37		67.78		94.77		-140.81		-69.98		-148.7		171.66		-156.43
50		U		-62.1		171.74		65.02		91.44		-139.95		-78.23		-153.96		177.46		-145.87
51		U		-59.7		177.63		59.13		100.43		-137.93		-73.35		-142.0		-174.27		-156.22
52		U		-69.49		178.15		67.31		99.04		-136.91		-84.32		-147.44		-176.63		-153.48
53		G		-67.6		175.54		82.66		95.18		-142.08		-73.59		-152.04		-170.7		-164.9
54		G		-67.75		175.38		69.75		96.4		-139.74		-91.29		-151.75		-170.45		-164.12
55		A		-62.56		176.1		63.96		98.68		-140.73		-68.93		-145.6		-168.88		-161.32
56		G		-78.86		177.33		78.41		93.14		-140.77		-80.68		-155.06		179.15		-153.14
57		A		-68.1		177.16		69.89		95.28		-144.0		-69.31		-150.07		-176.08		-147.15
58		C		-69.93		170.53		64.49		92.43		-140.05		-75.2		-152.95		177.09		-142.67
59		U		-62.44		179.61		61.62		101.89		-136.7		-82.58		-141.91		-164.86		-167.16
60		A		-66.41		175.91		59.65		101.06		-133.21		-76.81		-147.03		-165.32		-145.55
61		U		-62.53		173.68		63.71		97.54		-138.47		-73.19		-145.15		175.9		-153.99
62		A		-74.63		177.28		67.06		100.09		-135.64		-86.35		-147.66		177.2		-147.65
63		A		-59.7		-179.79		59.49		99.77		-138.38		-75.91		-145.06		-176.2		-154.75
64		G		-70.25		179.02		77.07		95.05		-141.14		-82.37		-153.12		178.69		-153.28
65		G		-61.61		-179.47		64.18		94.26		-143.55		-75.14		-150.0		178.67		-152.48
66		U		-68.17		172.46		65.22		89.74		-140.14		-74.92		-158.4		174.37		-143.87
67		C		-61.54		174.01		54.5		92.12		-145.15		-70.46		-152.05		179.11		-150.45
68		G		-71.36		173.97		57.97		89.36		-144.2		-76.73		-156.78		175.01		-147.3
