No.	   Seq		 Alpha		 Beta		Gamma		Delta		 Epsilon	 Zeta		  Chi		  Eta		 Theta

0		G		-81.17		175.57		77.39		91.09		-141.63		-76.94		-159.41		179.95		-153.52
1		A		-68.21		175.97		61.51		90.5		-142.83		-77.76		-152.95		-179.61		-145.32
2		U		-69.76		176.15		66.29		93.31		-136.92		-77.75		-152.09		177.92		-135.28
3		U		-75.02		170.49		65.36		92.44		-139.36		-83.25		-156.59		174.77		-148.85
4		A		-77.14		175.69		65.19		105.5		-131.01		-78.5		-148.87		-155.09		-144.91
5		U		-64.57		178.43		56.6		97.32		-136.63		-84.03		-145.8		-178.89		-147.49
6		C		-69.12		177.75		57.82		102.7		-131.9		-82.86		-140.51		-177.35		-136.54
7		G		-73.23		175.09		67.08		97.99		-135.11		-81.01		-152.65		-176.85		-147.62
8		G		-71.03		176.48		70.65		93.21		-142.81		-81.76		-154.52		-175.88		-156.06
9		A		-68.08		174.37		63.13		99.15		-134.72		-87.91		-146.96		-175.97		-159.82
10		A		-62.84		177.25		59.88		95.87		-137.86		-81.13		-149.18		-178.07		-139.12
11		G		-73.8		177.83		67.45		96.13		-138.35		-75.27		-150.02		-178.52		-139.87
12		C		-70.71		175.7		58.34		95.26		-141.34		-80.41		-146.84		176.31		-154.53
13		A		-68.04		-179.44		66.4		93.43		-142.24		-80.64		-157.1		-171.89		-158.76
14		G		-58.98		177.17		59.27		99.5		-137.17		-80.81		-151.34		-167.51		-151.9
15		U		-66.21		175.02		57.73		98.93		-139.98		-74.12		-148.48		-176.99		-149.83
16		G		-73.6		-178.34		75.27		99.5		-138.66		-80.01		-148.7		-179.79		-145.88
17		C		-73.98		175.85		66.75		90.05		-146.58		-78.11		-156.81		176.08		-153.42
18		C		-64.62		173.88		59.71		92.2		-142.95		-79.27		-153.66		-175.97		-154.98
19		U		-67.65		176.1		62.61		99.81		-141.21		-87.15		-145.94		-173.01		-155.75
20		U		-67.21		176.23		56.78		95.37		-142.54		-70.78		-150.13		176.51		-149.09
21		C		-67.0		170.22		56.45		92.46		-140.3		-66.75		-153.62		177.6		-135.45
22		C		-72.31		178.32		59.6		90.43		-142.07		-78.74		-155.44		172.16		-149.8
23		A		-63.45		178.44		58.81		103.39		-135.42		-85.71		-141.58		-167.93		-157.4
24		U		-66.16		173.67		60.9		98.93		-136.4		-78.7		-146.12		178.72		-147.23
25		A		-68.63		173.86		65.22		99.53		-137.16		-73.72		-150.32		174.59		-142.64
26		A		-68.98		173.0		59.99		96.28		-138.62		-75.44		-151.28		173.1		-142.65
27		U		-62.96		172.66		56.85		94.7		-142.71		-73.97		-149.6		175.87		-152.44
28		C		-66.82		175.88		60.84		90.62		-145.23		-78.93		-154.95		179.15		-150.07
