No.	   Seq		 Alpha		 Beta		Gamma		Delta		 Epsilon	 Zeta		  Chi		  Eta		 Theta

0		G		-84.26		173.24		74.87		81.28		-146.22		-78.76		-167.03		169.13		-145.38
1		G		-67.87		171.45		70.14		87.67		-147.6		-74.57		-164.59		179.78		-156.03
2		A		-87.71		169.63		64.81		86.75		-140.2		-79.24		-163.68		169.47		-143.68
3		C		-69.77		174.38		70.69		90.89		-144.5		-77.62		-159.56		175.53		-162.63
4		A		-79.98		170.55		64.32		89.17		-140.53		-80.2		-158.02		174.61		-149.92
5		G		-73.9		168.63		71.38		91.85		-143.78		-77.66		-158.93		173.78		-158.6
6		A		-82.28		171.46		77.48		98.75		-131.94		-84.11		-156.82		-175.38		-142.21
7		G		-68.14		175.07		75.48		104.86		-130.8		-86.91		-145.28		-153.65		-157.94
8		U		-110.76		174.71		101.91		102.59		-129.71		-93.93		-152.3		-173.61		-164.13
9		A		-77.29		171.0		65.1		103.11		-132.05		-84.72		-143.04		-166.54		-146.76
10		G		-119.3		175.72		103.8		86.83		-139.56		-84.37		-163.69		170.52		-156.03
11		G		-57.94		172.67		52.24		89.48		-142.5		-71.82		-154.19		-176.51		-148.2
12		U		-92.64		170.23		83.96		94.41		-134.16		-84.29		-155.18		-172.02		-168.2
13		A		-94.85		177.01		76.62		97.37		-136.44		-90.02		-146.82		-174.44		-159.21
14		A		-155.09		170.0		100.31		91.2		-137.2		-75.52		-164.82		165.44		-155.12
15		A		-63.14		173.83		64.74		90.89		-140.65		-71.97		-155.06		178.76		-146.24
16		C		-78.55		172.01		78.9		85.32		-140.82		-77.55		-161.2		172.08		-148.16
17		G		-66.48		172.67		62.97		96.47		-138.06		-85.9		-148.35		176.4		-157.61
18		U		-74.12		172.13		64.81		96.39		-137.59		-79.48		-156.27		175.91		-143.65
19		G		-68.2		174.08		67.06		92.6		-144.81		-78.06		-154.44		171.86		-153.81
20		C		-87.14		178.26		70.94		79.91		-145.77		-77.02		-169.07		168.25		-146.42
21		G		-59.93		171.38		65.98		84.72		-142.63		-68.73		-165.06		178.06		-145.12
22		U		-72.47		169.91		61.57		79.66		-145.0		-80.82		-162.07		167.61		-150.53
23		A		-79.71		167.36		59.27		94.19		-140.8		-71.86		-153.44		168.4		-158.2
24		A		-100.33		175.27		70.78		94.05		-134.99		-83.57		-159.57		162.4		-143.2
25		A		-67.58		178.56		67.53		100.28		-135.28		-65.88		-151.01		172.88		-159.1
26		G		-71.01		175.42		65.09		100.19		-130.94		-88.52		-154.16		176.27		-136.74
27		U		-62.03		166.92		58.05		88.68		-145.97		-69.81		-160.77		169.46		-146.33
28		G		-70.96		168.25		64.5		91.74		-138.72		-76.22		-161.09		173.18		-135.85
29		C		-71.15		176.98		56.67		90.39		-146.18		-78.62		-154.24		177.1		-154.29
30		C		-66.77		173.76		60.0		81.95		-142.24		-74.63		-165.66		171.26		-142.87
31		U		-59.86		170.36		63.28		91.97		-135.22		-85.16		-155.19		-167.54		-155.7
32		G		-77.57		166.55		61.99		90.45		-136.89		-83.29		-162.39		166.24		-147.93
33		A		-67.72		173.23		64.99		97.8		-138.73		-85.99		-152.27		-178.5		-151.66
34		G		-64.8		177.29		82.25		88.87		-136.86		-77.79		-166.66		173.71		-141.74
35		G		-82.39		171.27		97.93		97.62		-135.12		-70.96		-158.9		-169.38		-138.43
36		G		-90.14		167.51		83.74		94.65		-138.0		-81.92		-161.73		-173.1		-154.09
37		A		-57.87		170.53		54.96		101.24		-137.39		-76.07		-147.99		-169.0		-154.84
38		C		-68.18		167.43		71.12		87.68		-139.22		-74.99		-161.7		175.61		-157.66
39		G		-69.42		169.79		71.94		90.0		-145.09		-81.8		-158.94		177.71		-162.41
40		G		-57.89		174.84		70.98		88.94		-139.27		-72.49		-166.07		-175.16		-148.14
41		G		-60.19		175.8		58.54		85.62		-143.88		-71.81		-164.67		-177.86		-143.22
42		G		-78.61		171.62		69.28		90.59		-137.91		-87.78		-158.38		-179.19		-161.36
43		A		-82.43		170.85		73.06		92.98		-139.07		-78.57		-157.44		170.58		-154.27
44		G		-66.37		169.49		77.67		85.08		-139.14		-70.02		-161.28		175.9		-148.34
45		U		-64.11		166.97		53.53		87.99		-138.43		-80.28		-153.39		177.51		-145.9
46		U		-80.39		170.04		62.58		100.3		-127.4		-82.78		-151.67		-175.35		-138.29
47		G		-119.43		174.74		65.7		96.12		-131.84		-77.15		-160.29		179.66		-142.56
48		U		-69.24		173.54		53.73		97.33		-138.11		-66.59		-150.78		170.41		-132.75
49		C		-73.12		175.46		63.68		88.55		-137.89		-78.74		-159.34		168.92		-143.56
50		C		-67.25		175.07		61.01		88.13		-136.75		-72.24		-157.52		177.69		-144.47
51		U		-73.61		175.46		58.11		82.23		-142.48		-74.73		-162.39		162.46		-145.13
52		C		-74.16		174.54		62.4		85.29		-146.04		-80.75		-156.9		157.9		-162.04
53		A		-79.66		176.26		68.8		86.12		-140.33		-74.88		-166.17		165.59		-143.71
54		G		-68.01		168.02		62.44		82.08		-140.11		-72.0		-164.22		163.32		-138.21
55		G		-71.47		176.74		71.09		86.51		-138.63		-75.73		-166.73		172.31		-142.32
56		A		-73.93		178.11		59.1		87.49		-137.97		-70.74		-162.4		169.6		-138.82
57		C		-90.68		176.08		71.95		88.62		-135.06		-76.7		-162.11		164.27		-146.19
58		G		-73.38		165.23		62.69		86.65		-143.94		-66.71		-157.15		165.93		-162.6
59		A		-87.16		179.71		78.47		103.21		-133.61		-95.56		-146.72		-175.68		-172.63
60		A		-68.35		168.41		63.94		95.48		-133.37		-68.04		-150.15		-175.54		-146.5
61		C		-93.52		176.02		85.58		89.1		-136.63		-80.1		-159.43		167.35		-161.3
62		A		-72.52		179.44		79.77		102.75		-131.88		-78.43		-148.21		-169.89		-154.15
63		C		-69.11		177.26		63.11		88.93		-142.96		-83.3		-150.48		168.78		-163.44
64		C		-62.74		171.32		54.79		87.68		-142.93		-63.15		-151.52		-178.39		-150.46
65		G		-68.7		167.54		61.48		89.67		-137.93		-81.91		-158.18		179.93		-156.83
66		A		-76.72		171.94		77.78		93.18		-141.53		-76.76		-153.28		-174.48		-165.38
67		A		-79.77		167.5		66.42		98.48		-132.13		-85.15		-147.48		-174.75		-165.27
68		A		-68.5		170.77		70.78		95.25		-134.37		-74.91		-151.49		176.7		-137.92
69		G		-70.31		171.19		79.06		100.32		-132.49		-81.07		-146.74		-171.42		-156.66
70		G		-57.44		172.02		58.99		103.78		-135.0		-81.34		-142.73		-154.88		-160.77
71		U		-62.54		169.55		56.0		102.38		-130.54		-66.91		-147.84		-161.63		-140.46
72		G		-66.92		176.74		67.5		97.35		-139.84		-73.73		-152.19		-163.33		-158.19
73		G		-72.15		171.94		55.83		94.35		-141.51		-69.63		-152.01		177.79		-147.98
74		C		-67.25		176.24		67.07		85.48		-151.14		-64.63		-162.09		175.88		-156.4
75		G		-60.44		170.0		56.54		79.63		-151.83		-73.77		-163.12		178.07		-148.25
76		G		-61.42		165.94		55.76		93.0		-140.13		-62.85		-156.09		-171.86		-143.79
77		U		-74.45		161.71		57.51		97.72		-134.83		-75.26		-148.54		175.67		-146.42
78		A		-69.75		-175.54		59.99		95.02		-139.11		-67.61		-148.99		-177.94		-142.81
79		C		-74.37		167.2		52.44		90.58		-138.76		-63.56		-154.81		152.54		-125.15
80		G		-67.66		178.05		65.24		93.46		-139.89		-69.8		-155.11		-169.68		-150.95
81		U		-57.54		-179.84		57.87		99.59		-134.01		-73.89		-138.82		-173.66		-138.24
82		U		-57.68		175.85		53.73		108.13		-123.76		-61.5		-132.45		-173.07		-122.6
83		U		-85.88		176.48		73.35		103.07		-130.58		-73.83		-143.09		176.83		-139.43
84		A		-61.67		178.14		57.84		101.01		-132.71		-69.16		-140.0		-177.78		-144.49
85		C		-65.97		175.18		60.42		81.0		-148.32		-66.68		-161.3		166.06		-147.34
86		C		-56.34		175.74		52.33		85.95		-150.37		-69.66		-154.47		171.26		-147.59
87		G		-62.54		173.48		57.04		84.31		-150.56		-69.28		-158.61		173.8		-152.35
88		C		-64.72		171.07		58.77		82.45		-153.46		-70.21		-154.67		159.28		-157.44
89		A		-62.16		170.03		56.81		87.34		-147.88		-69.75		-157.51		172.37		-145.8
90		U		-56.4		167.92		53.79		85.61		-146.58		-74.55		-155.58		171.26		-143.14
91		C		-59.14		163.25		54.46		89.33		-146.82		-72.26		-153.63		175.38		-153.5
92		U		-60.21		171.3		55.61		88.49		-147.9		-75.17		-154.78		172.79		-154.29
93		C		-60.07		173.21		54.86		87.61		-150.65		-75.41		-157.15		176.21		-151.43
94		G		-58.94		172.87		57.24		88.81		-145.75		-71.23		-157.14		-174.19		-150.18
95		C		-61.49		172.94		57.66		86.18		-151.63		-73.2		-157.32		-176.83		-155.61
96		U		-61.51		179.59		70.84		90.16		-143.18		-78.66		-152.57		178.44		-158.89
97		G		-64.11		175.87		64.54		94.92		-140.81		-77.88		-150.91		-174.74		-158.34
98		U		-62.44		169.56		56.13		95.32		-139.88		-76.19		-148.9		177.33		-155.34
99		U		-62.72		172.73		63.52		98.16		-139.8		-68.48		-147.55		-173.41		-150.14
100		C		-67.79		177.42		58.3		91.25		-142.9		-70.08		-151.56		-178.81		-153.01
