No.	   Seq		 Alpha		 Beta		Gamma		Delta		 Epsilon	 Zeta		  Chi		  Eta		 Theta

0		G		-86.08		-179.25		73.72		85.55		-143.84		-77.5		-164.74		168.2		-144.98
1		G		-83.36		177.87		69.44		86.92		-142.56		-77.78		-163.28		169.21		-139.13
2		G		-89.07		179.82		72.98		84.88		-143.26		-79.45		-164.8		166.17		-146.8
3		C		-80.19		179.83		69.72		86.71		-142.72		-79.51		-160.34		171.08		-142.17
4		U		-82.87		178.65		66.16		83.79		-144.17		-74.68		-163.87		166.62		-141.18
5		C		-86.65		179.69		70.49		85.42		-142.87		-79.4		-162.15		167.76		-143.59
6		G		-89.89		-179.25		72.11		90.42		-138.09		-77.78		-159.83		173.17		-142.71
7		U		-86.86		179.09		68.52		88.99		-139.7		-83.41		-158.52		169.75		-147.56
8		A		-106.57		-179.02		77.23		96.91		-134.98		-80.26		-156.14		177.44		-137.54
9		G		-129.72		-179.47		83.37		91.61		-138.0		-80.75		-162.38		167.0		-140.7
10		C		-86.03		179.62		69.59		86.39		-142.78		-77.1		-161.06		169.72		-141.39
11		U		-85.49		178.51		70.66		87.65		-141.59		-77.24		-159.9		173.74		-145.1
12		C		-97.0		178.48		75.98		91.0		-141.0		-82.29		-156.94		172.21		-147.03
13		A		-111.41		-179.59		85.99		91.1		-138.75		-80.4		-162.02		172.86		-146.76
14		G		-86.89		179.39		75.04		90.94		-138.8		-84.8		-158.78		171.57		-143.68
15		C		-101.05		-178.63		74.87		92.84		-136.55		-82.32		-158.13		170.91		-143.97
16		G		-91.64		-179.92		80.66		93.77		-136.77		-86.13		-157.03		179.9		-144.78
17		G		-105.6		179.64		79.52		98.7		-134.29		-88.5		-152.54		179.01		-147.14
18		G		-94.52		178.86		73.29		95.07		-136.22		-88.61		-153.38		173.89		-152.93
19		A		-129.18		-177.65		89.99		94.73		-135.09		-81.26		-157.46		-179.28		-142.65
20		G		-96.91		179.9		81.52		84.88		-142.28		-80.86		-164.19		166.29		-150.11
21		A		-84.78		-179.62		72.12		83.24		-144.89		-76.25		-164.31		169.11		-143.06
22		G		-82.01		178.59		69.0		83.15		-142.82		-76.61		-165.43		167.17		-140.97
23		C		-80.96		178.37		64.88		82.48		-145.51		-75.53		-163.98		162.12		-139.12
24		G		-79.45		179.65		67.12		83.71		-143.6		-74.78		-164.69		168.52		-141.42
25		C		-81.59		177.9		64.86		83.31		-144.23		-75.16		-164.44		167.97		-140.97
26		C		-80.29		178.37		65.66		79.93		-145.64		-73.72		-166.72		162.42		-143.12
27		G		-77.87		178.53		64.13		84.56		-141.94		-78.21		-162.8		171.34		-140.65
28		C		-91.11		178.89		68.92		83.78		-142.8		-76.65		-165.2		161.48		-143.87
29		C		-82.23		-179.49		72.88		84.96		-139.75		-78.14		-162.58		167.66		-141.2
30		U		-78.54		178.11		64.76		84.94		-139.65		-79.64		-161.91		169.98		-135.61
31		U		-84.38		179.24		65.9		91.87		-136.38		-79.85		-158.35		168.79		-139.07
32		U		-100.99		178.71		66.66		92.85		-137.67		-82.59		-156.0		163.03		-139.64
33		G		-98.34		-175.16		72.72		90.8		-139.57		-80.26		-161.15		167.59		-141.88
34		C		-118.79		-178.23		83.29		90.98		-138.96		-78.64		-161.89		166.16		-144.9
35		G		-93.56		-178.52		87.43		87.72		-138.9		-82.68		-162.29		174.49		-149.77
36		A		-91.68		178.97		70.0		88.47		-139.31		-80.86		-162.18		169.68		-141.08
37		G		-81.89		177.5		73.55		85.24		-140.65		-76.98		-167.91		166.93		-142.08
38		G		-85.36		-177.25		75.69		89.76		-139.2		-82.22		-159.03		172.29		-144.22
39		C		-80.41		179.19		64.82		85.21		-142.29		-78.2		-161.69		165.95		-140.14
40		G		-79.78		177.11		70.85		87.46		-140.37		-79.66		-161.76		171.01		-146.36
41		G		-74.99		-179.23		65.32		86.85		-141.68		-83.28		-160.06		174.15		-146.95
42		A		-80.22		175.0		65.94		85.24		-141.49		-75.84		-162.34		165.55		-142.69
43		G		-80.21		176.06		71.08		88.97		-138.75		-80.73		-159.26		170.5		-140.1
44		G		-82.46		-178.22		73.09		89.57		-138.05		-79.54		-158.35		173.92		-140.33
45		C		-82.11		177.91		71.0		87.35		-140.02		-78.97		-160.49		174.38		-138.39
46		C		-91.52		-177.3		77.89		94.25		-138.26		-81.61		-158.15		-177.14		-154.24
47		G		-84.4		-177.4		72.07		88.34		-141.15		-76.34		-164.08		177.81		-144.0
48		C		-81.68		176.62		62.78		81.47		-145.34		-72.16		-164.57		165.85		-139.3
49		G		-91.13		179.28		78.73		85.41		-142.89		-77.63		-163.48		167.96		-142.93
50		G		-93.14		-179.39		79.79		83.05		-143.12		-79.2		-166.12		167.8		-143.22
51		G		-94.73		178.56		78.67		83.21		-142.29		-75.85		-168.28		165.4		-144.69
52		U		-74.04		177.23		58.74		87.46		-140.05		-76.41		-160.52		170.66		-133.98
53		U		-82.37		178.79		60.1		83.68		-140.85		-75.61		-161.88		160.37		-135.07
54		C		-119.46		178.91		64.97		87.11		-138.73		-77.05		-160.72		149.81		-136.94
55		A		-93.09		-179.29		66.2		87.73		-139.45		-79.06		-159.89		163.46		-141.97
56		A		-82.22		-176.07		68.51		95.15		-134.9		-89.4		-152.88		177.37		-145.27
57		A		-92.81		-177.71		70.49		92.86		-134.1		-75.01		-157.89		167.83		-133.07
58		U		-80.36		178.87		70.65		95.71		-133.46		-77.6		-157.73		168.58		-128.24
59		C		-81.69		-179.59		64.55		86.82		-141.88		-76.43		-159.83		161.57		-138.18
60		C		-81.27		178.73		62.87		82.05		-145.15		-76.71		-164.79		166.41		-143.96
61		C		-77.58		177.4		64.63		81.38		-146.97		-76.9		-165.59		168.42		-145.8
62		G		-76.14		178.29		64.89		79.82		-147.48		-76.48		-167.32		170.2		-145.06
63		C		-77.47		178.39		63.04		81.74		-146.21		-75.84		-164.75		169.89		-143.29
64		C		-85.01		178.6		69.35		82.23		-143.98		-77.83		-165.73		166.24		-145.09
65		G		-81.81		-178.75		75.25		87.8		-142.59		-84.69		-160.01		174.2		-152.58
66		A		-85.58		177.31		68.14		87.23		-142.18		-80.38		-160.16		170.39		-145.23
67		G		-82.1		177.0		71.37		92.09		-139.64		-79.36		-157.01		173.84		-145.76
68		U		-81.21		179.73		69.15		90.44		-139.35		-78.57		-157.88		173.39		-141.31
69		C		-85.54		-179.06		66.75		91.39		-140.54		-78.56		-156.69		172.63		-143.88
70		C		-87.41		178.4		69.69		88.83		-141.28		-79.13		-158.98		172.0		-144.03
71		A		-80.14		-177.08		71.8		92.93		-138.42		-82.24		-154.86		177.61		-148.14
72		C		-87.98		179.63		72.21		91.65		-137.05		-78.67		-157.32		174.3		-142.02
73		C		-91.09		-178.36		74.02		93.5		-137.24		-80.56		-155.9		171.01		-144.53
74		A		-94.14		-178.47		77.79		94.76		-137.54		-82.75		-156.31		172.65		-142.89
