No.	   Seq		 Alpha		 Beta		Gamma		Delta		 Epsilon	 Zeta		  Chi		  Eta		 Theta

0		G		-79.34		175.97		70.93		85.69		-143.5		-80.48		-163.97		171.13		-144.05
1		G		-72.05		-179.3		67.06		87.58		-144.86		-76.76		-163.7		175.16		-144.84
2		C		-76.39		179.47		60.01		82.22		-144.76		-77.23		-165.28		168.79		-142.88
3		C		-75.58		179.5		59.57		84.95		-146.19		-76.99		-159.3		167.38		-142.08
4		G		-78.97		178.21		64.54		80.97		-145.29		-79.02		-163.57		169.23		-145.31
5		A		-93.32		178.08		63.86		97.41		-137.82		-83.31		-149.0		176.03		-149.06
6		A		-100.33		177.95		83.82		104.46		-130.21		-90.71		-148.75		176.21		-146.32
7		A		-81.38		-175.18		73.71		105.39		-128.58		-88.93		-145.94		-173.45		-133.18
8		C		-126.57		179.52		81.32		104.75		-130.29		-83.98		-150.75		174.23		-139.98
9		U		-71.12		-177.62		62.34		98.21		-136.51		-77.57		-147.63		179.31		-129.04
10		C		-93.43		-179.94		65.71		85.34		-144.08		-79.72		-160.52		167.87		-147.08
11		G		-64.2		176.81		59.44		84.56		-145.21		-73.14		-162.52		178.89		-146.3
12		U		-92.1		178.41		79.28		95.87		-136.66		-88.1		-152.86		-177.39		-157.62
13		A		-87.15		-178.69		77.21		98.05		-137.05		-88.77		-149.55		176.18		-149.99
14		A		-141.75		178.35		93.16		98.79		-132.41		-80.82		-155.43		173.97		-135.73
15		G		-73.1		176.04		71.15		90.98		-140.79		-84.07		-157.54		172.5		-151.64
16		A		-90.3		-179.87		85.12		100.42		-133.67		-89.87		-149.59		-176.33		-150.03
17		G		-68.8		175.54		64.84		96.73		-140.56		-76.14		-151.93		177.16		-142.86
18		U		-82.75		-179.16		73.15		104.87		-133.54		-91.25		-146.69		-174.31		-141.81
19		C		-73.98		-178.65		61.22		93.36		-143.85		-80.65		-153.9		177.79		-149.38
