No.	   Seq		 Alpha		 Beta		Gamma		Delta		 Epsilon	 Zeta		  Chi		  Eta		 Theta

0		A		-79.45		171.57		60.01		95.46		-141.01		-68.97		-145.14		-169.44		-146.36
1		A		-89.51		177.75		91.16		92.68		-138.99		-84.58		-159.14		173.5		-163.89
2		A		-63.08		170.15		58.05		100.33		-136.0		-68.57		-144.95		-169.81		-146.48
3		U		-60.39		169.53		60.87		106.52		-127.2		-75.95		-148.02		-171.04		-140.24
4		U		-67.33		177.78		59.04		100.95		-129.89		-63.98		-142.46		-153.14		-130.57
5		G		-110.16		-179.74		81.08		97.41		-133.6		-89.33		-160.09		175.66		-157.18
6		G		-60.68		175.57		53.34		90.54		-145.35		-68.19		-152.14		-173.97		-150.92
7		U		-71.27		170.66		61.48		87.35		-140.93		-78.16		-158.15		177.04		-140.61
8		G		-54.51		-178.96		60.96		98.66		-140.57		-75.98		-144.56		-170.16		-153.25
9		U		-92.16		171.54		67.69		89.91		-138.99		-81.92		-156.76		165.97		-149.66
10		A		-80.24		179.75		65.36		98.79		-132.71		-87.37		-147.73		170.68		-165.47
11		A		-74.69		176.0		58.7		91.7		-136.27		-76.31		-154.53		173.44		-130.72
12		C		-56.37		178.07		53.48		89.68		-148.59		-62.49		-153.64		179.47		-138.68
13		C		-65.05		177.88		54.95		93.08		-137.87		-84.73		-149.3		179.98		-141.78
14		U		-56.72		-179.87		51.52		101.62		-140.33		-71.38		-140.67		-162.16		-139.48
15		U		-67.25		167.8		59.37		105.5		-128.8		-103.07		-137.79		-176.73		-158.09
16		A		-55.59		179.74		53.95		104.93		-138.27		-57.08		-137.87		-166.74		-149.66
17		C		-81.93		172.45		80.33		91.05		-135.55		-78.95		-157.18		164.01		-139.55
18		C		-59.52		-176.73		58.36		93.81		-145.93		-77.86		-150.13		-168.74		-160.02
19		G		-62.62		175.43		64.82		90.81		-140.01		-79.64		-155.56		-174.1		-148.02
20		U		-65.36		176.11		50.95		102.8		-145.28		-70.35		-140.18		-174.77		-165.58
21		A		-73.43		174.45		75.09		98.58		-135.21		-80.71		-153.31		179.41		-153.04
22		G		-57.96		179.59		57.39		107.42		-137.62		-57.99		-140.2		-170.0		179.44
23		U		-70.92		170.06		66.91		98.63		-136.43		-91.97		-148.18		178.42		-174.42
24		A		-55.94		169.73		53.47		106.4		-141.01		-65.79		-135.33		-165.88		-154.36
25		G		-77.85		171.2		78.36		89.7		-141.87		-80.96		-165.12		178.18		-150.72
26		G		-59.94		171.22		57.82		91.12		-150.43		-58.64		-153.15		176.72		-153.89
27		U		-64.96		168.57		61.72		85.84		-142.01		-73.56		-155.86		174.66		-144.66
28		G		-62.25		174.56		57.44		92.43		-148.97		-75.89		-148.53		179.81		-149.68
29		C		-73.13		171.51		57.83		88.05		-140.77		-71.59		-161.5		176.02		-140.75
30		U		-69.09		-175.66		61.27		101.89		-138.83		-82.49		-141.86		178.2		-161.68
31		A		-90.29		-178.68		79.43		106.46		-130.47		-90.99		-144.06		-166.49		-150.13
32		A		-61.92		170.3		56.02		94.1		-141.1		-58.91		-149.68		163.77		-137.9
33		A		-61.29		173.27		63.47		99.15		-134.13		-87.69		-151.74		-168.34		-136.0
