No.	   Seq		 Alpha		 Beta		Gamma		Delta		 Epsilon	 Zeta		  Chi		  Eta		 Theta

0		G		-85.99		-179.3		76.19		88.79		-140.03		-81.19		-164.51		174.14		-143.07
1		G		-85.48		178.44		68.28		88.45		-140.92		-79.21		-163.77		173.48		-141.3
2		G		-77.14		-180.0		70.3		84.7		-144.24		-77.06		-164.44		170.8		-142.76
3		G		-80.78		178.0		70.1		88.63		-140.84		-80.43		-159.72		174.53		-142.06
4		G		-90.75		177.7		73.37		87.77		-140.3		-83.52		-163.1		167.69		-148.37
5		A		-93.48		179.59		77.55		90.24		-137.89		-80.32		-162.07		171.13		-140.41
6		G		-84.06		-179.31		67.85		89.95		-140.11		-82.98		-160.62		170.94		-142.74
7		C		-76.29		-178.3		59.57		87.37		-142.62		-79.43		-159.75		169.89		-140.72
8		C		-86.15		179.77		62.37		84.55		-142.42		-75.58		-162.97		166.76		-136.08
9		G		-89.39		179.62		68.07		91.43		-139.62		-81.07		-158.67		174.78		-143.96
10		A		-104.27		179.84		69.61		95.33		-136.88		-82.71		-155.44		170.33		-146.44
11		A		-89.59		177.84		71.85		94.14		-136.22		-85.28		-155.3		174.26		-146.71
12		A		-100.02		-179.53		80.97		98.48		-133.34		-83.25		-153.96		172.7		-136.36
13		G		-113.63		-179.54		91.1		95.68		-136.95		-81.14		-158.59		170.97		-140.16
14		G		-103.36		-177.05		86.14		95.33		-135.84		-81.23		-158.29		178.13		-142.73
15		C		-85.31		179.93		66.77		89.23		-140.12		-77.37		-159.36		173.39		-144.04
16		G		-93.39		-179.84		75.6		95.66		-136.99		-86.54		-154.49		-179.47		-152.46
17		A		-98.04		-179.72		74.34		98.77		-136.49		-87.05		-152.29		-179.79		-150.36
18		A		-94.62		177.05		79.81		94.02		-137.63		-79.77		-155.55		169.39		-144.51
19		G		-94.75		179.1		85.72		92.79		-137.34		-85.23		-156.89		171.95		-147.93
20		A		-82.58		177.85		75.53		92.22		-140.11		-80.99		-158.01		171.24		-148.62
21		A		-85.44		178.37		78.98		92.84		-139.56		-78.12		-157.62		173.06		-145.29
22		C		-75.31		177.99		67.18		86.37		-143.45		-76.05		-159.89		169.84		-142.61
23		C		-77.52		178.02		62.39		86.3		-143.18		-76.27		-160.6		170.03		-141.31
24		C		-77.76		179.56		65.23		85.65		-144.03		-80.16		-161.18		172.28		-147.58
25		A		-78.49		178.72		63.38		88.19		-143.51		-79.91		-159.34		171.86		-145.56
