No.	   Seq		 Alpha		 Beta		Gamma		Delta		 Epsilon	 Zeta		  Chi		  Eta		 Theta

0		U		-90.88		179.86		93.52		94.56		-138.05		-82.48		-158.83		178.73		-156.83
1		G		-66.48		171.87		63.97		82.49		-146.09		-75.3		-164.76		171.58		-146.62
2		U		-69.77		173.34		60.4		89.45		-140.66		-75.79		-158.18		177.84		-144.27
3		U		-72.38		173.09		63.44		87.69		-140.9		-77.35		-160.05		168.74		-144.29
4		G		-115.01		-178.66		87.35		87.82		-141.22		-72.29		-166.23		173.81		-143.62
5		G		-78.02		171.54		66.05		82.98		-145.47		-77.07		-166.9		168.24		-150.54
6		U		-68.18		173.32		63.5		90.7		-140.27		-71.16		-156.74		178.2		-150.27
7		U		-70.7		174.92		62.94		86.88		-139.77		-80.64		-157.05		170.67		-138.71
8		C		-81.94		173.37		63.58		97.45		-137.65		-66.38		-153.64		169.64		-137.94
9		U		-73.06		174.49		57.13		85.88		-141.69		-76.77		-160.74		160.74		-137.77
10		C		-65.04		-178.75		58.88		95.0		-134.65		-80.97		-150.8		-178.8		-145.16
11		C		-78.42		175.27		61.0		83.34		-142.48		-75.75		-164.13		159.94		-141.77
12		C		-64.97		176.33		59.81		87.2		-146.13		-74.32		-160.3		176.92		-144.55
13		G		-81.45		177.15		70.92		83.2		-140.54		-79.54		-165.15		168.65		-148.77
14		C		-77.63		169.59		66.79		89.77		-139.07		-81.54		-153.44		169.65		-154.41
15		A		-75.36		172.79		69.33		92.19		-135.37		-85.23		-155.08		173.38		-147.97
16		A		-62.87		170.79		62.41		94.32		-137.24		-74.8		-153.74		176.15		-137.7
17		C		-103.22		172.85		84.4		93.15		-136.59		-76.82		-162.47		163.36		-152.18
18		G		-63.59		176.72		62.33		96.31		-137.84		-77.73		-151.98		-172.76		-143.86
19		C		-78.45		177.03		67.77		88.42		-140.34		-77.41		-160.57		169.92		-152.38
20		G		-62.5		172.34		61.54		95.01		-136.97		-81.29		-152.21		-172.93		-154.83
21		G		-88.96		175.5		85.72		90.81		-139.03		-85.8		-160.99		173.68		-164.08
22		A		-65.99		169.55		62.11		91.81		-140.75		-81.47		-153.01		176.19		-155.97
23		A		-79.1		169.89		77.81		89.86		-135.77		-74.45		-161.14		173.78		-149.07
24		G		-63.63		173.96		68.8		87.22		-141.14		-74.23		-161.27		174.9		-143.93
25		C		-70.47		170.15		64.52		81.37		-144.67		-71.62		-165.44		170.49		-145.65
26		G		-61.35		171.23		58.7		84.08		-143.79		-72.78		-161.24		174.36		-141.59
27		U		-65.89		170.45		61.22		87.5		-138.92		-77.24		-159.3		175.61		-145.92
28		G		-61.63		174.4		62.69		90.8		-140.24		-74.26		-154.84		175.39		-144.03
29		U		-74.91		175.63		68.45		98.04		-132.57		-81.13		-150.05		175.8		-137.51
30		G		-77.79		179.08		82.26		91.86		-138.13		-79.61		-159.28		175.03		-152.38
31		C		-64.43		171.29		65.35		87.14		-140.81		-74.5		-161.54		175.84		-149.5
32		C		-64.83		178.55		60.67		83.78		-147.27		-74.4		-163.18		175.61		-147.93
33		G		-68.13		175.95		65.3		84.48		-142.52		-79.25		-161.84		175.81		-148.23
34		G		-68.55		175.32		65.47		86.57		-142.22		-68.73		-160.88		176.85		-146.89
35		G		-71.18		174.12		64.78		86.23		-141.7		-77.97		-162.03		171.15		-150.0
36		A		-65.97		177.86		60.94		95.89		-136.1		-73.43		-152.8		-179.0		-138.46
37		U		-70.51		171.7		66.32		93.94		-134.27		-77.15		-156.13		164.33		-145.79
38		G		-68.99		174.75		68.15		100.5		-133.63		-79.21		-150.37		-166.71		-150.29
39		U		-68.4		168.35		54.77		88.73		-139.0		-72.78		-157.06		161.08		-141.56
40		A		-67.8		177.08		63.1		96.04		-137.53		-77.93		-148.86		-177.6		-149.48
41		G		-75.09		176.26		75.18		87.95		-138.93		-79.96		-163.21		170.57		-151.62
42		C		-61.13		178.49		65.8		90.55		-143.38		-72.39		-154.71		172.83		-159.77
43		U		-68.73		176.46		68.4		85.88		-139.17		-77.15		-161.41		170.46		-145.06
44		G		-64.26		175.32		66.87		89.62		-139.77		-76.02		-157.13		169.36		-155.12
45		G		-74.4		167.85		62.8		84.22		-142.54		-72.9		-165.12		167.65		-144.04
46		C		-64.82		171.77		58.92		86.1		-146.26		-76.16		-157.05		171.41		-148.46
47		A		-69.74		169.98		60.01		86.29		-140.89		-75.14		-161.68		172.15		-142.81
