No.	   Seq		 Alpha		 Beta		Gamma		Delta		 Epsilon	 Zeta		  Chi		  Eta		 Theta

0		G		-77.01		173.86		72.34		89.38		-141.58		-77.74		-164.34		173.24		-149.78
1		G		-69.78		173.42		65.63		90.68		-142.46		-77.72		-157.75		176.07		-150.81
2		G		-75.84		176.24		70.74		89.5		-139.65		-80.95		-161.47		176.13		-152.68
3		C		-65.88		173.66		61.25		93.32		-137.62		-77.8		-154.33		-178.64		-144.73
4		U		-71.74		175.4		63.88		88.93		-138.4		-77.53		-158.26		170.99		-149.57
5		A		-69.05		172.18		58.41		89.31		-140.95		-83.06		-154.06		173.58		-155.6
6		A		-69.52		172.19		58.06		96.24		-133.12		-86.43		-151.08		175.79		-153.06
7		A		-62.96		173.52		57.84		95.04		-135.38		-85.45		-146.86		-179.42		-151.09
8		A		-76.02		177.43		66.4		103.18		-129.46		-88.36		-147.69		-172.36		-143.43
9		G		-73.23		172.09		71.73		101.74		-129.78		-80.15		-152.1		-172.02		-152.65
10		C		-83.79		174.31		68.4		91.7		-139.19		-79.36		-156.64		176.63		-151.22
11		A		-60.89		167.05		54.91		90.84		-141.39		-76.0		-152.93		-173.21		-153.56
12		U		-66.43		169.91		57.04		97.29		-137.02		-80.92		-148.41		-175.3		-156.95
13		G		-75.19		171.02		75.71		96.76		-137.62		-78.0		-157.38		-175.6		-150.89
14		G		-76.51		173.61		66.77		102.4		-132.54		-86.43		-148.68		-170.35		-161.83
15		U		-65.71		175.53		72.36		99.83		-135.67		-85.62		-150.08		-174.32		-162.49
16		G		-62.77		171.12		60.0		103.17		-131.42		-88.19		-142.94		-166.79		-159.68
17		G		-69.08		167.86		61.01		97.56		-137.67		-72.84		-152.74		-178.33		-143.39
18		G		-67.77		171.92		64.15		102.44		-130.97		-87.56		-143.8		-166.74		-163.13
19		A		-67.14		175.02		60.59		100.7		-132.17		-94.48		-142.67		-167.7		-168.87
20		A		-68.21		168.16		60.9		103.33		-127.65		-73.25		-143.1		-158.67		-158.68
21		A		-70.13		171.26		70.46		98.0		-136.14		-75.56		-151.57		-168.42		-145.33
22		G		-62.66		173.73		56.91		98.45		-133.09		-70.77		-145.07		-169.57		-161.15
23		U		-59.42		172.19		62.66		95.88		-132.62		-69.6		-149.85		-172.9		-140.22
24		G		-69.02		167.39		57.01		95.38		-136.87		-70.39		-149.03		-175.82		-141.97
25		A		-68.73		176.85		62.87		96.0		-141.27		-72.46		-149.07		-178.78		-148.05
26		C		-65.99		173.73		57.8		91.94		-140.17		-74.13		-153.1		177.06		-152.29
27		G		-63.27		171.62		61.41		92.0		-142.75		-74.18		-156.06		-177.88		-159.01
28		U		-66.02		168.06		52.8		92.49		-138.82		-70.59		-151.47		-175.14		-141.0
29		G		-63.99		171.13		60.91		95.05		-136.35		-76.82		-149.73		-175.54		-148.86
30		U		-68.5		172.05		50.68		92.64		-135.94		-76.83		-145.98		178.09		-147.85
31		A		-62.75		169.82		55.58		96.46		-137.51		-77.32		-150.14		177.62		-148.14
32		A		-64.02		171.98		54.69		102.27		-128.74		-63.8		-144.32		-156.73		-138.53
33		U		-60.19		171.41		55.26		95.5		-138.79		-70.36		-148.96		175.78		-147.13
34		U		-62.0		169.85		50.58		103.12		-128.51		-75.78		-136.86		-171.45		-137.54
35		C		-71.07		171.66		69.82		89.55		-144.55		-68.91		-159.24		168.93		-148.61
36		G		-66.69		172.1		60.1		87.2		-147.68		-68.02		-156.79		-175.8		-152.01
37		U		-60.12		176.06		55.64		85.8		-146.32		-70.84		-158.06		177.76		-143.39
38		C		-67.16		172.93		58.46		87.79		-143.02		-67.87		-155.19		176.49		-144.21
39		C		-68.41		174.32		59.94		88.22		-144.11		-81.04		-154.77		171.31		-149.07
40		A		-63.38		177.9		52.09		88.21		-148.65		-68.47		-152.53		176.77		-147.17
41		C		-63.2		173.36		60.81		89.95		-142.51		-81.81		-154.65		178.95		-153.98
42		A		-57.4		170.43		53.7		97.9		-138.54		-73.67		-143.66		-166.69		-151.08
43		U		-56.16		168.01		57.14		99.61		-133.04		-76.62		-142.85		-169.63		-145.12
44		U		-60.02		172.57		56.1		105.26		-133.97		-78.08		-138.08		-168.77		-171.02
45		A		-59.98		175.0		61.7		102.78		-130.19		-79.33		-145.44		-173.95		-146.6
46		C		-57.58		173.72		56.31		91.91		-140.51		-74.43		-152.42		-174.61		-154.49
47		U		-55.46		170.28		53.89		97.15		-138.05		-77.9		-145.42		-172.51		-156.67
48		U		-62.05		174.31		53.61		93.9		-145.98		-65.28		-144.06		-175.63		-145.99
49		G		-72.32		173.83		71.97		89.25		-146.65		-78.03		-157.07		175.13		-153.3
50		A		-63.2		173.56		59.7		94.66		-144.16		-66.51		-150.38		-175.69		-150.65
51		U		-60.81		172.42		62.58		89.58		-144.12		-76.78		-153.55		173.37		-158.8
52		A		-61.63		175.13		58.52		95.34		-144.93		-65.37		-149.16		-170.76		-157.63
53		C		-62.67		164.53		56.46		84.27		-146.04		-69.51		-160.11		168.29		-144.32
54		G		-59.15		176.6		60.54		91.79		-142.57		-73.46		-151.87		-171.85		-151.04
55		G		-60.63		173.16		56.72		93.29		-139.61		-78.05		-153.38		-177.59		-142.07
56		U		-53.07		172.67		52.55		100.41		-139.57		-53.78		-143.89		-165.8		-148.48
57		U		-60.86		174.75		65.92		93.91		-137.35		-82.83		-151.45		-173.53		-146.27
58		A		-67.66		175.74		55.77		103.82		-136.55		-67.06		-137.96		-176.61		-157.14
59		U		-64.89		173.22		67.77		99.5		-131.7		-83.8		-148.47		-177.98		-155.58
60		A		-57.64		-178.85		64.03		101.35		-139.83		-72.23		-142.68		-167.85		-154.44
61		C		-64.61		170.83		62.91		86.89		-142.98		-71.4		-159.7		172.03		-147.85
62		U		-60.11		174.58		55.86		100.42		-141.89		-70.19		-145.88		-171.26		-156.75
63		C		-59.95		175.28		53.64		88.26		-142.74		-73.44		-156.65		177.97		-145.8
64		C		-59.08		176.72		54.99		88.01		-150.47		-65.46		-154.39		174.69		-144.31
65		G		-75.1		172.59		68.19		93.61		-138.42		-85.9		-155.37		173.36		-151.41
66		A		-61.71		174.22		64.9		96.43		-140.3		-74.23		-149.09		-177.06		-173.58
67		A		-57.87		167.53		56.78		91.55		-138.21		-76.27		-154.96		176.06		-145.88
68		U		-58.31		168.13		51.47		98.54		-139.29		-75.02		-143.99		173.24		-136.71
69		G		-67.76		175.7		64.47		95.85		-133.3		-81.9		-155.9		174.42		-140.32
70		C		-55.69		172.63		54.89		93.15		-139.31		-69.84		-147.29		-174.63		-147.95
71		C		-63.47		171.92		58.58		85.56		-143.45		-76.96		-159.37		169.9		-154.02
72		A		-56.38		176.2		53.0		99.79		-140.37		-74.72		-144.48		-168.0		-151.2
73		C		-74.79		171.46		71.18		86.97		-139.31		-72.53		-163.91		163.39		-142.45
74		C		-58.27		173.21		57.74		94.61		-141.02		-68.06		-146.96		-179.78		-148.98
75		U		-69.6		170.23		66.38		85.77		-140.32		-83.77		-160.6		168.3		-153.77
76		A		-60.9		167.16		55.19		97.18		-139.27		-67.29		-145.36		179.01		-151.37
77		G		-78.57		173.03		73.54		85.03		-142.04		-79.12		-165.09		169.65		-148.26
78		C		-58.6		175.16		56.2		89.69		-146.05		-71.39		-152.11		172.82		-145.67
79		C		-69.97		172.48		65.8		84.55		-140.12		-76.38		-163.44		173.26		-141.88
80		C		-64.56		170.01		60.04		87.9		-143.76		-77.73		-155.06		175.98		-153.65
81		A		-76.78		171.61		69.22		88.46		-139.02		-83.7		-158.95		173.9		-147.5
82		A		-63.54		173.64		63.55		98.05		-135.45		-84.82		-144.44		-178.09		-152.63
83		A		-71.17		172.66		76.23		99.38		-131.03		-79.17		-155.2		179.62		-138.52
84		G		-61.48		171.07		64.97		106.95		-127.86		-74.92		-138.7		-173.65		-156.41
85		U		-82.71		-179.44		88.96		99.52		-134.19		-91.32		-153.63		178.41		-156.7
86		A		-59.07		169.91		57.97		102.22		-133.41		-77.48		-141.87		-170.51		-153.71
87		G		-81.8		172.77		82.76		88.91		-140.3		-82.23		-162.02		170.29		-158.5
88		A		-58.3		171.48		62.16		93.5		-139.9		-71.21		-151.38		-178.53		-147.5
89		G		-76.79		171.53		77.23		83.7		-142.55		-78.17		-165.84		171.41		-145.53
90		C		-67.32		172.93		67.7		94.45		-139.71		-78.81		-152.29		-178.19		-154.01
91		A		-85.44		175.53		81.86		87.67		-142.0		-82.49		-164.15		173.4		-154.34
92		A		-64.01		174.72		63.24		96.52		-138.71		-83.88		-147.05		178.73		-158.16
93		G		-82.59		173.24		76.91		89.4		-138.07		-79.44		-159.85		169.14		-150.12
94		G		-60.56		173.67		67.31		94.5		-138.8		-83.97		-152.65		-175.4		-152.69
95		A		-83.3		175.5		75.57		91.49		-138.46		-79.17		-159.84		176.64		-145.52
96		G		-65.33		175.1		70.41		96.98		-139.58		-81.61		-150.72		-176.33		-152.43
97		A		-88.67		179.36		84.33		94.76		-136.04		-79.73		-159.7		179.61		-144.03
98		C		-61.78		170.4		60.89		92.84		-139.82		-75.18		-154.75		178.44		-143.72
99		U		-81.99		176.29		73.21		96.63		-136.3		-82.26		-154.5		179.62		-148.69
100		C		-70.85		174.95		62.02		93.99		-141.85		-80.74		-154.06		176.86		-150.22
101		A		-86.0		177.5		79.51		94.83		-139.39		-83.69		-156.62		175.44		-151.66
