No.	   Seq		 Alpha		 Beta		Gamma		Delta		 Epsilon	 Zeta		  Chi		  Eta		 Theta

0		G		-68.25		172.21		56.32		97.03		-135.06		-72.46		-152.33		-173.36		-147.32
1		G		-80.25		173.58		76.07		91.09		-138.97		-79.84		-160.66		177.48		-154.19
2		A		-69.33		170.89		59.22		96.38		-136.87		-81.43		-148.5		-175.27		-155.0
3		A		-77.12		175.08		70.93		95.7		-135.19		-81.8		-154.56		-178.71		-150.23
4		C		-71.35		172.93		63.12		96.31		-133.03		-76.59		-150.88		179.48		-143.45
5		C		-78.62		178.81		69.07		92.34		-139.22		-83.04		-157.4		172.83		-155.25
6		G		-69.26		175.32		58.81		91.13		-138.03		-76.94		-153.88		-179.19		-149.78
7		C		-72.02		171.08		58.45		92.38		-137.82		-73.38		-154.92		176.53		-142.13
8		G		-70.61		173.95		57.23		92.7		-138.53		-72.89		-148.16		178.19		-149.52
9		A		-89.51		179.81		75.31		103.78		-132.79		-97.37		-147.08		-176.39		-168.69
10		A		-69.45		167.52		60.56		101.9		-129.03		-84.25		-144.9		-168.29		-177.36
11		A		-71.51		173.9		68.14		99.36		-133.52		-76.94		-150.22		-169.9		-146.15
12		G		-69.63		173.71		51.52		102.5		-132.14		-71.74		-142.83		-169.02		-148.61
13		C		-74.04		175.98		60.2		96.54		-135.55		-75.06		-149.8		-178.84		-150.6
14		G		-69.9		170.31		60.69		93.69		-137.84		-71.97		-152.29		-166.0		-148.64
15		G		-74.24		169.73		58.83		98.33		-138.0		-80.37		-149.03		-176.29		-147.67
16		U		-70.5		172.2		55.15		99.16		-134.19		-69.98		-142.85		-170.79		-150.7
17		U		-73.02		171.11		62.64		98.65		-132.47		-82.94		-144.28		-178.77		-152.61
18		C		-81.06		166.9		56.51		97.85		-138.9		-75.9		-145.43		172.17		-155.2
19		C		-75.03		172.54		63.27		97.61		-137.31		-76.46		-146.88		-175.23		-157.77
20		A		-69.42		-179.61		61.22		101.57		-133.38		-76.6		-139.84		-164.6		-154.33
21		C		-66.05		173.05		59.4		97.33		-135.49		-72.37		-146.16		179.7		-154.59
22		G		-67.37		172.4		60.71		95.5		-138.14		-70.95		-150.97		-175.39		-141.94
23		A		-70.62		174.13		61.7		95.26		-136.71		-70.83		-150.46		-178.23		-141.76
24		C		-69.98		173.93		62.66		89.32		-144.14		-67.7		-149.44		172.02		-153.19
25		G		-69.38		170.25		64.87		90.8		-138.94		-78.63		-152.28		-178.8		-151.22
26		A		-69.03		169.8		55.02		94.56		-138.47		-65.76		-145.89		-177.12		-143.28
27		U		-66.59		168.24		67.81		90.53		-138.62		-71.31		-151.14		173.5		-151.35
28		A		-66.94		179.22		59.92		94.32		-142.18		-74.0		-145.19		-178.37		-156.67
29		C		-60.04		168.37		55.07		88.39		-142.08		-70.37		-154.32		177.12		-150.23
30		U		-62.57		177.21		59.46		96.09		-139.07		-64.88		-142.73		-170.9		-142.51
31		U		-69.95		174.46		58.2		94.9		-140.17		-87.98		-142.89		178.08		-166.91
32		A		-58.89		172.93		62.34		94.11		-144.03		-63.33		-150.76		179.65		-165.4
33		U		-58.57		162.51		53.13		96.78		-136.48		-73.34		-147.47		-173.31		-139.34
34		U		-64.17		-179.29		55.24		101.02		-144.75		-75.86		-138.94		-177.27		-158.09
35		U		-59.19		171.01		57.12		91.85		-141.72		-70.6		-148.82		179.17		-141.16
36		C		-64.59		173.14		59.97		88.14		-152.21		-64.66		-155.43		175.17		-157.71
37		C		-60.55		169.26		57.95		85.36		-145.47		-71.07		-159.0		-176.29		-143.85
38		U		-55.85		178.17		54.83		94.86		-145.16		-72.09		-143.48		-170.67		-158.39
39		U		-60.09		175.43		58.84		94.78		-137.7		-69.57		-146.99		-179.0		-145.48
40		U		-59.37		170.38		56.37		98.79		-141.43		-66.45		-145.23		-173.75		-141.15
41		G		-68.9		170.73		66.13		95.89		-139.59		-81.62		-148.8		175.88		-163.97
42		A		-52.76		-175.67		57.02		102.75		-140.55		-65.45		-139.1		-159.3		-171.29
43		U		-54.16		170.15		59.96		96.71		-136.26		-73.46		-144.44		-176.69		-153.17
44		C		-56.45		174.09		59.19		95.79		-146.17		-65.98		-147.94		-172.79		-154.55
45		G		-58.16		171.16		61.69		90.16		-144.24		-70.92		-156.77		-169.69		-156.99
46		U		-56.04		177.97		51.32		99.06		-144.27		-69.38		-139.91		-173.62		-161.53
47		C		-58.57		173.33		63.35		89.42		-142.96		-68.26		-152.52		-179.25		-150.03
48		G		-60.21		174.52		61.19		98.45		-139.87		-76.64		-148.8		-172.61		-150.72
49		U		-60.23		170.4		57.95		94.43		-138.2		-63.34		-150.03		-179.52		-147.34
50		U		-61.66		177.63		57.76		100.03		-138.01		-82.94		-141.28		-175.73		-164.18
51		A		-60.26		170.4		57.02		94.88		-138.46		-68.39		-148.64		-178.86		-138.08
52		U		-58.62		172.88		56.81		99.52		-136.22		-72.04		-139.06		-179.76		-143.07
53		U		-59.29		175.98		63.36		97.52		-135.04		-74.8		-143.41		-174.69		-159.71
54		A		-56.88		176.1		54.6		98.49		-137.11		-69.96		-146.52		177.9		-148.5
55		C		-52.44		171.94		54.05		90.98		-142.94		-67.6		-153.7		178.7		-144.58
56		U		-59.56		174.78		53.57		92.85		-140.05		-73.75		-147.79		174.46		-139.5
57		G		-64.03		175.81		61.48		92.07		-143.41		-73.94		-149.84		172.14		-149.5
58		G		-61.03		173.5		56.67		90.95		-143.79		-70.93		-152.51		178.26		-144.78
59		C		-58.35		172.02		55.81		88.83		-144.12		-70.41		-154.7		177.11		-147.69
60		U		-63.13		175.82		55.13		92.78		-139.27		-77.24		-148.82		175.42		-148.73
61		U		-59.49		176.26		60.3		95.15		-141.06		-74.27		-149.35		-179.9		-159.73
62		C		-60.79		165.47		53.25		89.83		-144.44		-68.9		-151.53		170.83		-143.86
63		G		-64.93		175.39		61.22		90.38		-142.08		-75.34		-156.16		175.92		-150.25
64		G		-62.07		174.49		60.74		93.59		-137.41		-80.68		-150.49		179.95		-148.38
65		C		-60.7		174.22		59.65		91.7		-142.75		-70.59		-152.16		178.42		-151.01
66		C		-62.67		170.34		62.21		93.43		-140.4		-78.72		-149.65		176.31		-149.15
67		A		-66.1		175.63		57.88		98.17		-136.32		-75.1		-144.3		179.8		-155.68
68		C		-64.07		173.41		64.57		97.4		-133.42		-83.21		-145.03		177.47		-165.01
69		A		-61.31		174.28		64.36		97.83		-134.73		-78.39		-144.75		-177.0		-154.43
70		A		-60.74		170.54		65.87		95.32		-136.96		-77.85		-151.15		176.53		-148.77
71		A		-60.03		168.78		60.67		96.33		-135.83		-72.06		-148.76		178.82		-152.44
72		G		-65.38		176.49		74.63		95.91		-135.33		-78.07		-152.68		178.24		-153.38
73		G		-61.15		174.75		61.65		92.17		-142.89		-78.49		-151.13		175.94		-152.19
74		A		-63.62		167.72		60.59		94.02		-138.51		-81.52		-150.82		178.71		-148.17
75		G		-64.43		171.77		67.69		92.84		-141.49		-76.53		-151.96		174.39		-161.0
76		A		-66.34		174.12		66.64		91.99		-140.95		-82.41		-155.2		179.74		-155.56
