No.	   Seq		 Alpha		 Beta		Gamma		Delta		 Epsilon	 Zeta		  Chi		  Eta		 Theta

0		G		-66.93		171.62		65.04		86.15		-149.59		-70.77		-163.55		177.15		-150.53
1		U		-64.64		169.77		57.13		84.9		-145.43		-73.18		-161.73		172.57		-136.81
2		U		-63.74		169.66		60.43		80.06		-149.93		-70.63		-161.9		168.94		-141.89
3		C		-78.77		174.0		60.74		82.47		-144.27		-76.83		-164.34		168.96		-142.71
4		U		-56.85		168.36		50.65		85.96		-147.01		-69.21		-154.02		174.77		-147.98
5		U		-69.06		171.11		60.55		83.8		-143.83		-83.82		-157.32		171.11		-150.3
6		A		-58.47		170.03		51.8		98.38		-135.03		-71.64		-144.22		-175.79		-138.6
7		U		-68.06		176.24		65.06		88.2		-136.1		-78.64		-158.17		168.45		-138.89
8		C		-59.78		176.16		63.52		87.64		-138.92		-80.58		-152.76		169.84		-156.66
9		A		-89.16		177.17		69.45		95.6		-132.25		-97.52		-154.57		163.83		-149.01
10		A		-58.28		174.7		70.54		92.84		-139.14		-75.63		-160.26		-177.22		-149.55
11		G		-70.39		175.45		71.56		86.85		-138.33		-87.8		-159.27		172.59		-151.69
12		A		-57.22		169.41		57.1		97.13		-135.92		-71.56		-147.66		-174.41		-145.16
13		G		-116.4		175.0		102.0		108.98		-125.25		-126.89		-147.66		-168.43		176.44
14		A		-62.6		175.91		95.67		103.61		-132.09		-86.28		-155.27		-156.1		-169.73
15		A		-70.03		172.47		74.25		96.95		-134.48		-82.61		-159.5		-174.99		-144.59
16		G		-65.63		169.29		71.39		96.5		-141.02		-76.92		-153.46		-171.62		-162.8
17		C		-72.04		171.31		64.2		87.78		-140.35		-78.39		-158.23		174.96		-152.15
18		A		-62.73		172.42		58.59		95.87		-142.45		-73.11		-151.53		-166.57		-161.39
19		G		-85.28		177.48		106.17		96.97		-139.2		-99.42		-160.66		-173.55		-173.06
20		A		-61.25		172.37		55.58		106.21		-136.55		-73.78		-143.66		-165.47		-178.24
21		G		-67.31		-179.25		83.49		90.58		-138.71		-75.21		-161.54		178.02		-145.95
22		G		-60.07		172.84		54.03		93.76		-148.53		-60.95		-155.95		-178.91		-156.4
23		G		-70.96		165.14		57.7		91.97		-141.33		-81.46		-160.1		177.16		-166.79
24		A		-66.08		176.56		66.75		96.57		-136.63		-69.09		-155.68		-162.4		-135.88
25		C		-67.13		168.5		52.76		90.59		-139.2		-70.09		-156.75		176.17		-133.48
26		U		-66.14		178.74		54.35		96.04		-139.91		-76.3		-146.04		-179.1		-154.19
27		G		-72.02		168.28		59.48		92.1		-135.65		-73.13		-163.1		173.04		-132.66
28		G		-68.51		170.64		61.26		93.1		-144.41		-70.29		-158.88		166.93		-148.07
29		C		-67.2		171.76		55.08		85.51		-146.22		-71.78		-157.81		169.0		-140.95
30		C		-64.15		172.18		54.36		85.09		-144.59		-71.49		-160.47		168.25		-150.42
31		C		-77.32		165.32		64.88		77.6		-146.55		-66.61		-171.05		158.92		-145.71
32		G		-62.57		166.7		48.48		91.75		-146.36		-86.46		-149.65		175.02		-148.66
33		A		-62.65		171.38		49.69		91.73		-139.11		-73.06		-160.37		177.55		-145.65
34		C		-58.17		167.8		52.29		97.7		-135.31		-67.04		-155.68		171.77		-140.21
35		G		-89.74		177.34		70.92		100.13		-132.73		-85.39		-155.78		172.78		-152.79
36		A		-72.54		172.14		55.24		92.42		-141.25		-77.18		-161.43		165.15		-142.26
37		A		-67.1		159.75		60.3		87.24		-140.55		-69.8		-165.4		170.92		-142.16
38		G		-64.24		171.22		66.32		90.31		-140.64		-76.54		-158.82		-179.8		-141.16
39		C		-72.19		170.53		69.86		83.45		-147.66		-70.12		-162.43		166.25		-146.08
40		U		-63.05		168.54		64.38		94.67		-136.76		-84.3		-151.52		178.26		-150.74
41		U		-62.25		175.29		55.27		97.11		-134.67		-82.09		-150.72		178.77		-157.99
42		C		-62.92		168.47		59.17		92.81		-136.04		-85.1		-156.64		169.91		-152.74
43		A		-60.87		171.63		56.98		89.59		-141.14		-68.53		-155.91		177.37		-142.42
44		G		-67.59		170.08		63.3		90.5		-136.72		-87.6		-150.52		172.67		-153.37
45		C		-72.84		168.39		74.4		83.35		-143.82		-76.88		-164.36		171.94		-159.26
46		A		-67.47		164.22		69.28		89.35		-143.04		-88.78		-157.42		-169.92		-162.36
47		A		-70.05		-176.76		71.75		89.99		-143.46		-81.43		-158.44		-179.21		-152.41
48		C		-61.84		169.49		62.4		82.34		-142.88		-68.68		-162.41		166.02		-146.99
49		C		-65.52		170.56		64.11		82.39		-145.01		-77.86		-161.41		169.17		-144.6
50		G		-60.78		171.7		58.71		89.52		-144.94		-82.52		-160.31		-176.2		-152.52
51		G		-60.57		173.92		66.18		96.91		-135.83		-76.57		-160.28		-157.03		-140.04
52		U		-90.31		-176.28		96.06		96.8		-132.92		-75.5		-159.6		-176.58		-148.47
53		G		-62.65		171.33		63.2		87.72		-139.18		-75.93		-155.0		176.98		-143.08
54		U		-83.07		163.31		63.89		104.75		-126.62		-98.86		-143.56		-178.97		154.64
55		A		-71.38		177.33		74.42		106.9		-129.01		-108.87		-144.12		-167.82		179.82
56		A		-63.82		177.77		61.43		104.55		-127.27		-78.89		-141.52		-176.73		-133.76
57		U		-62.22		169.33		67.64		92.7		-134.78		-66.91		-158.47		170.04		-136.45
58		G		-84.8		169.67		78.51		92.72		-134.92		-70.48		-163.38		-176.13		-150.3
59		G		-61.03		176.11		53.68		82.13		-147.61		-69.6		-164.1		175.9		-142.49
60		C		-63.39		168.73		48.48		85.36		-147.25		-67.25		-152.1		174.11		-142.31
61		G		-96.0		175.38		92.96		90.52		-134.35		-90.43		-163.04		171.92		-158.42
62		A		-84.7		170.29		76.4		92.3		-134.63		-71.98		-154.91		174.59		-164.92
63		A		-68.98		168.63		61.73		87.14		-139.53		-77.88		-162.8		167.08		-140.68
64		A		-57.97		167.12		50.84		97.98		-132.3		-72.14		-147.01		-177.4		-121.35
65		G		-106.27		178.33		91.09		87.77		-137.25		-74.73		-169.92		167.87		-135.32
66		C		-59.71		169.96		55.48		92.59		-143.83		-70.13		-150.82		-173.47		-139.24
67		C		-61.37		170.85		59.51		84.3		-145.15		-74.51		-158.48		169.84		-157.56
68		A		-58.73		170.31		53.49		99.64		-132.56		-87.94		-142.99		-167.87		-156.53
69		U		-64.19		163.06		56.17		96.88		-133.22		-75.95		-151.56		168.31		-154.89
70		G		-57.3		164.33		56.94		95.59		-139.49		-75.92		-145.66		179.89		-147.2
71		A		-75.48		172.95		66.06		89.27		-138.13		-75.92		-160.94		171.03		-144.14
72		C		-58.27		159.06		53.26		84.72		-143.15		-66.93		-157.86		173.62		-147.36
73		C		-63.01		173.18		57.99		80.25		-147.16		-75.73		-162.69		179.75		-164.43
74		A		-59.55		169.84		52.91		84.38		-154.5		-71.39		-158.39		-179.68		-153.28
75		A		-68.24		160.48		58.21		80.7		-145.69		-72.19		-166.12		161.67		-149.01
76		G		-61.85		167.39		67.69		85.68		-146.15		-73.52		-160.07		174.77		-151.23
77		G		-64.27		167.83		60.17		81.6		-148.04		-72.01		-163.79		164.87		-143.93
78		U		-61.68		169.1		50.52		92.87		-145.95		-76.94		-155.59		-175.2		-145.83
79		G		-58.92		168.13		57.54		92.73		-132.93		-71.15		-163.72		-174.09		-136.73
80		C		-64.81		169.27		53.41		86.5		-142.51		-62.07		-159.24		177.59		-139.01
81		U		-65.91		169.61		51.42		95.83		-137.93		-85.67		-145.59		178.17		-168.32
82		A		-66.87		174.52		60.85		110.52		-123.63		-125.21		-134.77		-144.33		172.97
83		A		-66.72		171.95		67.3		96.84		-136.21		-81.33		-153.58		179.72		-164.25
84		A		-57.31		170.84		62.97		102.96		-134.98		-59.51		-147.12		-179.35		-132.5
85		U		-58.21		170.04		55.47		100.91		-132.47		-66.16		-150.21		177.84		-137.41
86		C		-64.54		177.56		63.55		99.11		-140.47		-64.4		-150.51		-173.9		-162.02
87		C		-61.86		167.46		48.6		84.61		-146.8		-82.17		-155.86		170.75		-143.65
88		A		-61.1		170.49		53.31		91.78		-145.47		-69.14		-154.28		-175.32		-161.98
89		G		-62.82		169.46		63.48		90.94		-136.06		-70.86		-163.34		-164.37		-146.78
90		C		-58.52		170.53		55.22		87.85		-149.38		-65.91		-153.72		176.05		-154.76
91		A		-70.93		172.49		64.89		99.45		-133.35		-96.91		-144.97		-175.45		-160.94
92		A		-66.23		166.66		75.85		103.59		-131.72		-74.79		-145.88		-170.23		-141.76
93		G		-62.27		168.51		67.16		91.43		-141.76		-76.9		-159.58		174.26		-153.16
94		C		-61.1		170.85		51.81		95.28		-146.85		-68.17		-148.87		-179.49		-140.47
95		U		-61.12		173.3		50.2		98.95		-136.65		-82.47		-143.92		-179.18		-150.03
96		C		-59.6		171.84		53.45		93.43		-143.08		-68.74		-146.89		-171.59		-147.43
97		G		-69.11		164.76		55.74		93.21		-142.57		-75.03		-152.47		177.12		-157.65
98		A		-57.69		177.65		52.21		100.18		-141.35		-82.24		-141.7		-177.35		-162.05
99		A		-67.21		167.65		69.62		96.28		-128.82		-69.87		-152.05		-171.86		-144.07
100		C		-59.68		164.78		66.15		92.56		-137.52		-71.3		-148.61		169.96		-159.16
101		A		-74.01		175.28		71.44		89.92		-146.74		-71.42		-156.73		170.49		-140.65
102		G		-66.16		170.52		57.64		91.02		-143.68		-76.05		-154.45		-178.73		-146.85
103		C		-66.14		173.49		63.04		90.94		-143.19		-60.93		-152.34		175.23		-155.89
104		U		-53.24		176.04		58.49		95.69		-141.54		-77.37		-146.83		-173.54		-151.1
105		U		-62.91		169.14		56.68		99.27		-139.05		-79.52		-144.6		-176.82		-156.61
106		G		-68.08		167.4		63.34		102.55		-132.15		-74.47		-150.54		-167.52		-150.94
107		G		-77.89		178.42		87.54		90.65		-142.63		-78.12		-161.6		-179.11		-160.7
108		A		-62.99		174.92		60.06		100.27		-137.68		-80.2		-145.21		-176.73		-158.79
109		A		-67.17		164.96		76.08		100.97		-137.53		-65.27		-146.04		-166.98		-160.35
110		G		-68.19		167.66		65.44		94.09		-143.72		-80.62		-155.95		177.54		-157.84
111		A		-57.38		174.17		54.76		97.49		-143.33		-67.2		-145.66		-176.44		-147.23
112		U		-66.64		168.73		58.95		97.35		-137.23		-71.66		-146.38		175.21		-148.6
113		A		-65.04		172.19		71.12		99.63		-140.34		-74.67		-150.11		-178.26		-167.37
114		A		-61.06		162.99		54.28		87.96		-145.91		-69.43		-159.09		172.1		-142.23
115		G		-61.59		173.33		56.72		96.35		-143.63		-77.23		-147.22		-179.98		-152.75
116		A		-68.86		172.69		66.89		91.92		-141.68		-78.3		-156.29		177.06		-143.45
117		A		-62.75		175.74		70.83		91.02		-148.1		-70.3		-154.23		172.07		-157.34
118		C		-66.63		170.51		65.14		88.97		-147.17		-81.54		-155.12		178.4		-152.04
119		A		-63.55		177.01		57.76		91.9		-149.52		-73.17		-151.89		179.8		-160.0
