No.	   Seq		 Alpha		 Beta		Gamma		Delta		 Epsilon	 Zeta		  Chi		  Eta		 Theta

0		G		-71.96		173.36		73.4		86.09		-141.67		-78.7		-164.26		174.74		-151.15
1		G		-85.95		175.19		82.36		85.68		-141.85		-81.24		-166.29		169.83		-152.84
2		A		-78.8		178.28		68.56		90.81		-136.41		-80.12		-161.1		179.41		-141.39
3		U		-73.6		172.91		65.95		88.06		-137.29		-81.21		-161.83		170.43		-139.75
4		C		-92.5		175.8		70.95		86.55		-140.81		-80.29		-161.98		163.56		-150.03
5		A		-84.9		176.04		61.1		87.17		-141.99		-77.92		-162.65		169.99		-145.86
6		C		-73.54		-179.55		65.25		88.07		-141.92		-77.24		-161.07		169.29		-151.5
7		G		-66.43		174.7		70.47		85.42		-140.73		-84.91		-161.26		176.85		-156.67
8		A		-96.56		176.32		80.63		92.3		-137.44		-80.6		-164.06		168.16		-143.52
9		G		-76.07		174.95		81.14		88.62		-138.63		-80.53		-164.35		168.98		-148.24
10		G		-88.09		-174.94		83.16		87.79		-138.31		-81.08		-164.08		174.95		-145.88
11		G		-67.4		174.16		59.26		86.43		-140.95		-75.67		-165.97		174.02		-138.92
12		G		-113.31		173.17		69.9		93.65		-135.95		-73.17		-163.4		179.43		-143.48
13		G		-95.98		-179.42		79.04		90.2		-136.57		-79.08		-162.4		-178.42		-157.0
14		A		-97.67		174.38		70.15		90.15		-137.78		-75.85		-158.1		170.98		-152.59
15		G		-105.32		178.16		90.53		88.26		-138.72		-84.01		-164.26		162.23		-157.77
16		A		-73.92		179.02		71.52		94.93		-131.31		-76.35		-159.14		179.64		-128.94
17		C		-80.25		176.97		67.66		78.56		-146.86		-71.49		-168.83		147.95		-135.55
18		C		-72.53		174.76		59.92		87.08		-145.78		-77.12		-158.66		170.96		-145.97
19		C		-73.35		177.99		56.08		80.95		-145.23		-72.76		-165.13		163.94		-142.29
20		C		-70.98		177.04		65.69		75.73		-147.89		-74.72		-168.16		167.96		-146.91
21		G		-74.04		176.81		62.54		81.43		-143.72		-76.97		-168.33		163.33		-142.42
22		G		-67.51		171.13		69.09		84.27		-139.17		-74.43		-170.19		169.09		-147.49
23		C		-125.87		172.94		81.71		87.49		-135.65		-73.5		-164.94		155.17		-140.62
24		A		-79.39		173.24		66.2		90.69		-138.18		-79.65		-160.38		167.68		-133.38
25		A		-97.19		173.87		74.38		100.93		-128.25		-76.51		-155.43		169.56		-128.1
26		C		-100.2		168.08		81.0		82.69		-139.39		-67.22		-174.01		162.8		-139.44
27		C		-75.3		179.3		63.3		85.36		-145.3		-74.84		-159.61		171.38		-150.85
28		U		-66.87		174.36		53.93		85.2		-148.3		-82.37		-159.43		171.46		-159.35
29		G		-76.05		172.82		78.35		86.28		-141.37		-78.4		-162.6		173.55		-160.76
30		G		-85.97		173.42		75.79		77.65		-145.11		-68.11		-177.07		162.06		-141.44
31		G		-96.65		176.98		96.15		80.41		-142.63		-74.55		-172.62		162.88		-147.07
32		A		-72.22		175.67		61.57		82.26		-141.3		-76.91		-166.38		173.34		-155.84
33		C		-70.44		163.86		62.57		75.64		-148.36		-65.61		-171.12		159.65		-139.43
34		G		-83.77		167.4		64.28		80.98		-147.42		-78.18		-167.74		166.85		-145.0
35		G		-108.19		-174.87		105.28		95.48		-136.52		-75.24		-157.75		-174.72		-165.25
36		A		-99.2		173.55		80.46		90.24		-130.85		-71.33		-162.0		174.62		-142.02
37		C		-122.34		178.1		95.24		95.65		-133.16		-86.8		-157.78		168.36		-158.32
38		A		-88.41		178.05		77.52		88.8		-137.9		-80.71		-164.95		165.92		-136.78
39		C		-79.97		172.89		62.47		84.62		-141.91		-71.58		-161.78		167.02		-137.94
40		C		-74.92		171.72		62.77		76.12		-146.67		-67.46		-168.08		157.47		-141.81
41		C		-84.14		178.73		66.73		78.67		-146.7		-76.19		-165.32		170.41		-149.37
42		A		-79.3		172.06		68.82		80.64		-145.5		-75.2		-165.67		166.24		-157.51
43		A		-76.13		170.16		66.05		82.29		-146.62		-71.67		-168.94		156.35		-155.75
44		G		-74.2		174.3		75.73		76.44		-146.35		-70.83		-175.83		158.85		-138.95
45		G		-80.91		172.87		68.17		81.72		-141.74		-70.45		-167.65		160.86		-133.92
46		U		-83.19		169.86		77.98		90.94		-133.87		-76.64		-159.18		171.23		-142.02
47		G		-87.54		169.65		57.95		92.28		-136.63		-84.46		-163.12		165.27		-155.2
48		C		-73.98		173.31		56.35		89.76		-140.87		-63.66		-166.77		175.81		-132.63
49		U		-74.83		171.94		55.46		87.09		-141.8		-72.94		-155.55		169.7		-143.97
50		C		-91.47		176.95		86.76		79.8		-142.25		-81.12		-164.06		159.74		-167.94
51		A		-80.53		169.48		71.52		78.64		-141.37		-71.39		-168.46		158.0		-138.19
52		C		-69.03		169.89		66.7		76.59		-147.67		-77.75		-168.92		158.76		-149.65
53		A		-66.2		175.25		67.24		83.53		-141.09		-72.69		-165.73		163.17		-129.64
54		C		-116.56		178.91		71.46		82.55		-142.19		-70.36		-166.03		155.78		-154.85
55		C		-64.1		164.26		58.53		76.43		-148.23		-71.55		-168.34		161.1		-133.76
56		G		-67.61		170.02		53.01		88.56		-142.11		-79.76		-156.42		175.8		-156.14
57		G		-93.05		177.32		92.27		84.88		-140.23		-79.18		-170.05		173.68		-159.43
58		A		-97.47		176.24		77.96		89.68		-135.72		-71.45		-166.94		168.42		-140.6
59		G		-77.25		168.76		84.68		85.44		-139.84		-84.46		-167.33		170.8		-152.87
60		A		-90.04		176.38		84.55		93.81		-130.84		-79.15		-159.8		-177.16		-138.02
61		C		-77.15		170.21		74.2		81.0		-144.57		-74.31		-167.02		164.47		-151.51
62		G		-79.32		-175.45		74.73		85.16		-142.3		-84.95		-164.32		169.7		-151.77
63		G		-61.14		172.33		58.87		85.9		-143.09		-73.01		-165.6		-177.77		-146.37
64		U		-61.76		168.13		54.55		84.03		-142.4		-65.42		-159.01		156.2		-143.13
65		G		-83.29		-179.45		77.86		92.07		-137.3		-76.76		-158.76		175.56		-150.67
66		G		-92.89		173.79		65.7		86.81		-140.57		-80.12		-166.52		157.37		-149.58
67		A		-70.88		172.57		74.23		88.81		-132.15		-70.67		-168.99		177.23		-138.71
68		U		-60.46		167.47		59.05		87.26		-136.22		-71.23		-158.3		164.01		-130.58
69		C		-92.43		-178.26		65.46		87.75		-139.58		-71.45		-163.7		153.12		-139.59
70		C		-68.25		171.25		53.83		81.56		-146.86		-72.11		-164.56		167.84		-130.92
71		G		-90.7		-178.27		78.2		83.55		-141.72		-80.39		-165.65		165.98		-149.31
72		G		-66.97		176.36		69.27		83.05		-141.08		-71.88		-170.08		166.81		-136.72
73		C		-74.55		175.32		66.27		77.93		-146.02		-72.12		-168.46		160.09		-137.83
74		C		-70.97		172.23		59.85		80.11		-144.43		-75.6		-168.93		164.98		-140.63
75		C		-83.84		170.78		55.96		78.02		-145.24		-73.81		-168.96		148.49		-145.21
76		G		-66.48		171.62		56.83		84.58		-143.77		-73.59		-164.68		173.68		-143.93
77		A		-69.48		169.21		53.94		93.27		-137.77		-69.26		-153.14		171.68		-130.94
78		G		-77.09		174.47		73.41		90.83		-139.72		-79.26		-162.54		161.89		-164.98
79		A		-67.73		179.54		72.64		93.84		-133.87		-72.94		-160.3		179.86		-143.73
80		G		-69.27		171.48		72.28		87.31		-141.41		-71.68		-164.76		162.45		-148.15
81		G		-75.63		173.34		67.51		88.08		-139.28		-74.16		-161.49		166.88		-139.68
82		G		-74.15		170.38		62.84		83.2		-141.3		-70.96		-165.26		170.5		-145.77
83		C		-76.03		171.96		63.43		81.89		-146.0		-73.46		-160.08		164.57		-156.28
84		A		-72.52		172.08		63.38		81.51		-147.2		-73.2		-164.47		166.95		-149.7
85		A		-67.6		173.45		58.05		87.22		-140.92		-73.64		-160.12		170.94		-147.1
86		C		-67.44		174.45		67.73		77.17		-146.29		-65.63		-169.81		158.66		-141.38
87		G		-72.96		178.89		74.13		87.3		-142.03		-83.46		-158.9		175.06		-163.05
88		A		-71.96		173.1		65.64		85.98		-144.04		-75.15		-160.08		168.93		-152.17
89		A		-64.66		166.87		66.03		84.36		-143.94		-72.77		-164.38		170.98		-146.91
90		G		-70.42		172.38		63.32		89.96		-142.23		-74.69		-160.12		170.76		-140.17
91		U		-67.4		177.02		57.65		83.22		-147.36		-69.98		-164.66		172.32		-141.73
92		C		-72.33		169.86		63.53		84.86		-147.55		-69.29		-159.78		173.63		-148.16
93		C		-71.65		175.89		59.95		79.86		-148.0		-74.38		-166.04		168.96		-148.42
94		G		-71.43		175.42		64.2		90.15		-141.93		-80.83		-158.99		-179.18		-150.77
95		U		-82.68		178.45		67.97		97.94		-135.13		-79.44		-153.28		-174.85		-148.23
96		A		-90.76		179.39		79.84		93.78		-139.9		-72.61		-156.06		168.69		-155.56
