No.	   Seq		 Alpha		 Beta		Gamma		Delta		 Epsilon	 Zeta		  Chi		  Eta		 Theta

0		G		-72.73		171.33		76.1		94.38		-139.6		-77.42		-156.47		-176.96		-159.0
1		A		-67.11		175.08		79.24		90.03		-137.85		-77.88		-162.04		-178.09		-150.82
2		G		-70.44		170.63		73.44		93.56		-138.74		-75.22		-155.39		-174.4		-155.33
3		U		-83.26		174.12		71.04		95.2		-136.24		-82.88		-156.5		176.39		-158.37
4		A		-73.72		174.15		78.0		97.22		-136.76		-75.85		-152.26		-171.62		-145.79
5		G		-80.32		170.49		77.61		88.52		-140.69		-80.8		-159.59		-179.94		-153.79
6		U		-60.89		169.58		64.28		103.94		-135.63		-70.32		-146.28		-163.35		-157.6
7		U		-72.4		176.97		70.3		96.08		-135.86		-78.85		-151.15		-176.16		-144.87
8		C		-98.67		176.78		84.27		95.43		-141.5		-91.84		-152.98		-178.5		-177.46
9		A		-77.06		171.82		72.64		94.11		-137.05		-82.1		-160.48		-178.34		-151.93
10		G		-69.56		172.37		75.57		88.29		-144.28		-76.54		-161.69		-176.17		-157.92
11		G		-84.16		175.51		76.61		89.36		-139.64		-81.28		-159.3		-178.02		-149.28
12		G		-70.41		169.05		63.31		100.91		-135.11		-69.54		-148.63		-168.58		-153.32
13		U		-93.58		175.86		87.77		91.9		-137.03		-89.27		-159.17		178.29		-160.64
14		A		-75.96		175.18		65.69		102.0		-133.26		-79.52		-144.58		-158.34		-150.28
15		G		-122.59		176.67		79.66		89.57		-140.18		-77.34		-161.55		153.53		-152.47
16		A		-67.31		178.34		61.48		97.95		-139.18		-81.16		-149.2		-174.49		-161.05
17		A		-74.95		174.09		63.08		92.81		-134.79		-77.36		-155.22		168.93		-139.01
18		C		-70.13		172.64		60.3		92.62		-143.45		-75.44		-153.09		170.41		-146.84
19		A		-71.37		-179.87		71.52		87.45		-142.04		-71.52		-164.2		176.54		-140.73
20		C		-65.23		176.54		53.79		83.84		-148.89		-68.98		-155.98		169.15		-153.02
21		C		-70.92		172.36		65.04		77.51		-147.24		-72.71		-166.89		165.82		-156.1
22		A		-64.91		170.38		58.69		87.19		-147.07		-67.68		-160.64		173.25		-145.1
23		C		-76.12		168.91		68.6		77.82		-147.4		-68.83		-170.61		156.88		-147.18
24		C		-68.86		172.44		60.31		87.25		-143.5		-73.03		-158.66		172.61		-140.92
25		U		-64.4		173.67		62.68		89.14		-137.35		-73.68		-160.23		171.52		-146.58
26		U		-67.45		166.58		60.37		95.95		-140.7		-78.68		-148.84		173.29		-150.71
27		G		-80.25		169.57		65.4		90.07		-143.5		-75.75		-161.24		171.87		-149.49
28		C		-81.01		177.25		71.97		92.92		-142.99		-79.51		-158.02		172.98		-158.82
29		C		-80.17		177.8		82.23		85.3		-141.35		-81.86		-163.67		175.27		-158.45
30		A		-78.21		171.75		69.9		91.42		-136.93		-87.57		-153.17		-179.23		-164.32
31		A		-68.14		167.52		69.29		83.96		-142.15		-74.61		-169.0		168.86		-140.81
32		G		-62.55		174.24		65.69		94.3		-137.85		-81.72		-151.2		177.58		-153.33
33		G		-61.77		176.44		69.68		93.18		-134.36		-75.0		-156.6		177.26		-143.55
34		U		-64.22		167.31		78.21		104.79		-131.75		-80.87		-147.6		-169.34		-173.71
35		G		-70.68		176.05		90.09		90.02		-138.6		-81.72		-164.15		178.89		-156.01
36		G		-64.8		166.6		57.25		89.56		-141.54		-69.82		-161.09		-172.31		-152.7
37		G		-67.84		172.01		64.95		85.97		-140.95		-82.98		-160.21		174.19		-152.2
38		G		-58.41		171.6		73.13		94.28		-136.22		-75.77		-150.0		-171.03		-157.3
39		G		-74.66		175.9		74.89		90.27		-139.67		-83.06		-160.95		176.96		-145.33
40		C		-63.81		168.89		69.7		100.11		-137.01		-78.81		-155.56		-161.09		167.55
41		G		-63.24		-174.65		74.71		87.12		-140.83		-78.3		-164.82		-171.52		-158.2
42		C		-60.34		167.19		51.37		83.29		-147.65		-66.85		-159.73		168.86		-141.99
43		G		-70.75		166.97		66.89		80.57		-144.84		-68.3		-166.3		160.64		-142.15
44		G		-67.17		168.41		70.61		90.17		-143.27		-80.09		-157.6		-178.73		-148.89
45		G		-76.55		175.34		72.93		84.9		-139.85		-75.64		-166.57		170.46		-149.88
46		U		-55.37		169.19		52.5		94.69		-134.27		-68.79		-154.03		-179.89		-123.45
47		U		-77.9		-177.8		64.42		87.61		-134.85		-73.44		-162.12		157.9		-132.35
48		C		-81.35		169.6		54.82		89.39		-136.41		-69.7		-157.42		136.1		-133.06
49		G		-91.09		177.99		68.79		83.94		-142.29		-77.79		-165.0		157.74		-154.43
50		A		-67.69		-179.64		59.27		94.18		-135.12		-89.12		-147.47		-179.46		-153.04
51		A		-81.14		178.34		75.19		90.08		-131.95		-70.9		-161.15		161.6		-134.61
52		U		-62.54		176.35		68.96		92.12		-131.48		-71.71		-159.35		162.27		-130.75
53		C		-63.58		172.33		53.74		83.47		-141.73		-73.57		-163.11		155.85		-139.88
54		C		-58.85		170.45		48.62		76.41		-146.92		-68.47		-164.74		166.15		-139.4
55		C		-69.47		174.34		60.8		77.68		-146.74		-77.13		-166.95		163.24		-146.32
56		G		-60.28		169.95		60.07		80.65		-147.9		-70.22		-166.57		173.67		-145.02
57		U		-67.17		173.44		63.01		84.99		-143.01		-76.43		-162.47		171.08		-149.57
58		C		-60.2		170.07		55.57		87.97		-143.37		-74.05		-158.81		172.14		-154.25
59		U		-61.51		178.58		66.88		87.87		-138.93		-83.41		-156.14		171.22		-154.15
60		C		-68.38		175.92		67.61		93.21		-141.45		-85.12		-153.26		176.52		-165.89
61		G		-70.56		174.52		79.13		87.75		-141.39		-79.71		-163.7		179.46		-160.39
62		G		-62.44		175.46		63.78		88.75		-144.63		-72.21		-162.97		-173.18		-155.06
63		G		-67.73		-178.02		67.74		85.94		-142.63		-76.13		-162.92		178.61		-150.02
64		C		-64.78		174.14		57.8		83.42		-148.08		-70.34		-162.69		178.32		-144.78
65		G		-72.59		174.94		72.31		88.58		-140.6		-83.9		-157.64		174.29		-166.24
66		A		-68.67		173.92		61.63		95.65		-137.71		-80.43		-150.89		-170.25		-165.06
67		A		-68.13		170.05		62.46		89.63		-136.17		-75.45		-155.48		169.15		-156.68
68		A		-66.5		174.58		66.26		99.82		-132.39		-76.55		-147.85		-177.16		-140.11
69		G		-72.23		177.35		68.63		87.56		-141.26		-75.63		-162.27		164.56		-147.5
70		C		-62.58		172.58		58.09		90.5		-141.02		-74.61		-155.01		178.88		-148.23
71		C		-68.24		-179.79		64.26		85.73		-142.34		-79.62		-157.82		172.72		-154.9
72		C		-59.08		176.31		63.72		91.97		-137.38		-82.53		-153.63		-175.65		-156.72
