No.	   Seq		 Alpha		 Beta		Gamma		Delta		 Epsilon	 Zeta		  Chi		  Eta		 Theta

0		G		-66.99		170.63		61.63		88.86		-141.74		-75.69		-158.99		177.04		-145.0
1		G		-69.26		170.14		62.13		90.9		-140.97		-77.57		-160.16		-179.57		-149.74
2		G		-68.12		171.39		58.12		91.52		-142.49		-81.75		-157.43		174.64		-154.73
3		U		-65.56		170.55		59.93		89.53		-141.57		-72.38		-158.06		-179.96		-139.16
4		G		-68.95		170.18		58.22		88.07		-142.87		-75.22		-160.08		172.63		-146.04
5		C		-72.07		171.61		61.35		89.75		-141.32		-73.16		-158.63		169.37		-149.32
6		G		-69.1		168.28		62.45		88.31		-138.82		-77.76		-160.58		177.9		-151.37
7		A		-65.59		168.92		58.42		96.53		-134.54		-75.97		-148.9		-173.43		-150.01
8		U		-68.84		169.29		59.73		101.39		-129.9		-81.75		-145.54		-177.7		-149.42
9		G		-67.12		173.72		60.17		96.14		-132.94		-78.65		-149.05		179.99		-140.68
10		A		-82.99		172.6		68.39		98.92		-132.54		-74.95		-152.08		-178.61		-150.69
11		G		-66.54		167.32		62.66		95.13		-137.12		-86.69		-148.47		-178.11		-167.38
12		A		-69.44		174.04		63.79		96.62		-132.51		-79.55		-150.12		-169.33		-154.57
13		A		-67.91		167.82		59.98		93.35		-138.01		-67.09		-153.97		179.8		-140.49
14		G		-73.65		166.74		66.69		92.4		-139.16		-81.35		-151.76		178.17		-157.31
15		A		-65.27		169.75		58.76		94.94		-137.18		-84.79		-147.56		-172.4		-173.87
16		A		-62.93		164.22		66.13		98.38		-131.97		-73.97		-148.23		-168.01		-145.84
17		G		-66.49		168.08		68.35		103.32		-132.89		-88.92		-142.78		-168.47		-159.86
18		A		-73.57		171.93		69.73		103.33		-131.48		-86.37		-147.75		-170.6		-155.48
19		G		-62.7		163.61		61.98		94.79		-136.96		-72.97		-153.35		-175.64		-146.28
20		U		-62.32		166.73		57.12		95.33		-141.25		-75.19		-144.05		-178.46		-157.22
21		A		-63.88		166.13		60.79		99.03		-137.35		-79.5		-143.24		-168.19		-158.3
22		U		-60.56		167.33		61.78		99.69		-134.58		-86.7		-143.52		-173.97		-179.69
23		U		-57.68		172.58		60.67		97.68		-136.34		-71.63		-147.68		-175.08		-159.91
24		A		-64.64		168.81		62.3		93.69		-139.03		-76.93		-154.6		-172.89		-153.86
25		A		-58.61		169.12		57.34		89.58		-143.83		-68.32		-154.92		-179.83		-152.05
26		G		-60.46		169.22		60.55		85.12		-144.71		-67.27		-157.8		179.12		-140.23
27		G		-67.68		170.8		60.14		91.86		-144.21		-78.18		-151.68		-179.97		-150.38
28		A		-63.81		171.17		71.96		91.6		-142.72		-69.86		-156.55		-178.7		-154.85
29		U		-58.3		168.98		57.5		93.84		-138.06		-72.61		-152.71		-174.83		-152.97
30		U		-62.1		165.56		53.08		96.39		-138.98		-66.23		-147.28		177.62		-143.42
31		U		-69.85		167.65		61.26		97.38		-137.95		-70.22		-148.29		177.78		-153.28
32		A		-61.47		173.39		56.18		95.05		-139.03		-79.23		-149.58		-173.4		-153.31
33		C		-53.44		171.64		56.62		97.4		-132.8		-62.24		-150.26		-173.29		-149.12
34		U		-55.43		173.19		59.71		103.67		-134.51		-94.39		-143.95		-160.5		-155.82
35		A		-59.43		172.72		57.13		104.14		-135.25		-79.63		-141.53		-167.37		-167.73
36		U		-58.9		166.05		61.66		93.56		-140.98		-63.48		-153.01		177.9		-148.42
37		G		-65.24		169.31		62.55		93.48		-141.75		-76.67		-154.32		176.29		-156.66
38		A		-60.2		172.96		60.7		92.93		-141.96		-73.09		-156.47		-174.03		-143.57
39		U		-58.16		166.28		57.06		97.42		-136.4		-75.72		-146.85		-172.96		-158.69
40		U		-57.47		169.84		55.01		95.41		-140.97		-74.3		-153.68		-179.38		-156.54
41		A		-58.45		162.09		49.8		93.36		-141.78		-67.0		-152.65		-179.21		-131.79
42		G		-60.73		170.81		59.6		95.54		-139.46		-79.95		-151.61		-175.22		-158.12
43		C		-58.37		171.38		57.98		88.58		-142.91		-73.88		-154.03		179.26		-147.75
44		G		-64.16		170.26		64.18		87.78		-147.87		-75.38		-161.15		177.46		-150.61
45		A		-65.08		169.99		58.61		95.63		-144.08		-77.32		-149.48		-177.6		-149.94
46		C		-59.83		168.11		56.99		88.69		-144.68		-67.14		-156.97		173.52		-147.6
47		U		-59.53		170.08		54.75		88.63		-142.14		-78.47		-152.73		178.31		-144.05
48		C		-59.52		167.69		52.04		95.42		-140.4		-70.4		-151.99		179.69		-139.35
49		U		-58.95		169.85		55.6		91.34		-140.8		-77.75		-153.7		-178.11		-153.72
50		A		-63.61		176.88		62.23		93.76		-140.97		-77.12		-152.55		-178.42		-152.17
51		G		-60.55		167.22		55.66		98.49		-138.82		-67.09		-151.14		177.53		-144.21
52		G		-63.85		173.65		68.56		95.86		-139.1		-77.71		-154.1		-176.52		-145.23
53		A		-67.37		170.93		72.01		100.05		-130.05		-72.65		-148.34		-174.31		-145.53
54		U		-65.23		168.52		65.8		93.27		-138.62		-82.85		-151.71		173.21		-156.15
55		A		-67.36		169.96		64.96		97.83		-134.9		-75.23		-155.09		-170.62		-151.41
56		G		-61.2		169.23		56.08		91.95		-140.12		-71.08		-151.86		177.77		-145.3
57		U		-62.49		174.35		59.56		92.56		-140.32		-67.68		-151.55		-179.45		-147.94
58		G		-59.97		169.22		57.77		99.62		-134.72		-87.08		-144.56		-174.41		-148.77
59		A		-66.37		170.76		68.04		94.09		-139.07		-78.24		-152.76		-175.76		-160.1
60		A		-61.75		168.98		67.06		95.92		-136.18		-84.56		-149.95		179.6		-149.47
61		A		-66.2		171.48		65.96		95.95		-138.23		-71.34		-150.49		173.99		-145.83
62		G		-65.37		174.05		74.81		94.97		-137.19		-83.35		-158.29		178.43		-149.68
63		C		-54.64		161.28		51.53		93.74		-140.16		-66.59		-150.86		-171.65		-135.34
64		U		-67.33		175.59		60.84		97.62		-138.13		-90.72		-149.08		-178.9		-160.15
65		A		-60.6		177.62		65.79		105.46		-131.63		-90.85		-140.71		-157.62		-163.42
66		G		-70.01		173.69		83.42		88.79		-138.97		-78.85		-161.28		168.39		-157.56
67		A		-55.5		170.14		65.83		94.87		-138.08		-76.88		-151.91		-169.61		-150.16
68		G		-72.51		173.67		76.59		89.02		-139.1		-82.01		-160.56		171.66		-142.4
69		G		-62.66		173.99		68.38		89.81		-144.51		-74.75		-158.96		-178.37		-151.02
70		A		-69.53		168.97		59.2		91.47		-139.17		-78.91		-155.82		179.57		-142.37
71		U		-59.91		169.25		58.19		96.35		-142.0		-75.97		-145.87		175.67		-157.02
72		A		-74.87		175.55		65.14		96.6		-134.73		-82.89		-153.6		-174.5		-150.33
73		G		-53.66		169.74		58.6		100.25		-135.09		-70.21		-149.8		-168.44		-154.11
74		U		-75.12		175.3		74.84		95.69		-135.79		-85.42		-153.91		171.21		-153.38
75		A		-66.47		175.19		66.18		103.09		-131.63		-86.67		-147.55		-167.07		-152.76
76		A		-76.56		172.45		76.76		95.95		-133.62		-70.67		-159.66		175.43		-136.6
77		C		-61.99		173.89		63.29		92.26		-139.68		-77.65		-152.22		-177.95		-143.02
78		C		-76.27		173.28		68.32		85.66		-140.65		-80.81		-160.26		170.95		-143.53
79		U		-60.78		171.83		58.14		93.16		-140.21		-77.5		-153.96		179.27		-145.87
80		U		-76.26		171.54		75.05		92.43		-139.69		-83.94		-157.73		175.57		-158.46
81		A		-67.23		174.59		60.03		92.26		-140.86		-78.45		-154.75		171.78		-146.66
82		A		-86.62		174.15		76.98		93.73		-133.54		-78.68		-160.32		173.29		-136.57
83		G		-61.56		175.03		69.15		93.85		-136.72		-83.11		-153.96		-177.17		-149.59
84		A		-69.32		172.12		69.61		95.97		-137.09		-84.99		-155.04		-178.13		-149.86
85		A		-68.07		169.02		65.26		100.19		-139.21		-85.39		-151.3		-178.81		-147.87
86		G		-70.04		176.57		76.51		91.94		-138.98		-75.78		-161.83		-179.95		-145.34
87		G		-70.43		172.44		61.33		93.01		-140.2		-75.34		-155.81		-178.59		-143.38
88		C		-79.4		173.81		69.6		85.11		-144.81		-77.66		-162.08		169.96		-148.56
89		A		-66.48		172.36		64.21		93.6		-141.23		-80.75		-155.76		-176.37		-148.87
90		C		-72.24		173.82		64.88		90.22		-139.98		-83.39		-158.78		175.62		-150.47
91		U		-69.95		176.48		67.94		98.03		-137.56		-78.85		-151.15		178.69		-149.65
92		U		-71.37		177.91		64.2		95.21		-137.59		-85.32		-154.4		178.81		-143.79
93		C		-69.9		172.97		63.39		90.23		-140.19		-72.27		-158.39		173.46		-145.22
94		G		-81.16		177.63		77.87		92.6		-139.97		-86.58		-160.21		-178.36		-153.35
95		A		-69.75		177.29		65.1		94.94		-142.11		-83.06		-152.59		179.16		-153.55
96		G		-79.96		177.17		77.77		91.69		-137.73		-78.26		-159.74		174.57		-142.92
97		C		-74.02		173.89		76.05		89.27		-139.22		-77.77		-160.74		175.25		-143.69
98		A		-75.05		173.91		66.19		92.94		-138.22		-81.02		-158.24		176.42		-142.92
99		C		-72.35		172.49		64.92		94.91		-138.39		-81.82		-153.09		-179.22		-151.26
100		C		-81.51		176.1		68.34		91.36		-139.46		-76.99		-159.94		172.25		-142.51
101		C		-70.27		175.1		66.8		93.03		-139.94		-81.16		-155.49		175.83		-146.96
