No.	   Seq		 Alpha		 Beta		Gamma		Delta		 Epsilon	 Zeta		  Chi		  Eta		 Theta

0		C		-70.05		169.97		78.23		83.24		-151.65		-67.09		-168.08		176.77		-160.23
1		U		-71.66		176.96		62.01		80.68		-146.6		-79.25		-166.86		177.61		-146.94
2		U		-61.07		164.98		55.06		80.68		-153.13		-71.19		-160.32		169.7		-137.7
3		U		-119.9		-176.07		90.75		92.15		-137.41		-89.24		-159.15		170.25		-155.45
4		A		-68.43		177.05		62.21		87.22		-146.19		-76.61		-157.7		179.93		-145.79
5		A		-80.31		174.73		71.55		89.34		-134.7		-84.64		-166.93		160.44		-135.86
6		G		-59.64		173.67		76.28		109.83		-116.59		-107.33		-140.42		-154.35		-131.34
7		U		-121.41		-178.24		96.83		109.74		-119.63		-92.38		-148.85		179.18		-120.91
8		U		-63.6		170.06		77.04		110.23		-119.78		-157.68		-131.59		-158.17		148.02
9		G		150.33		173.0		158.91		107.99		-122.49		-117.6		-151.07		-83.45		179.08
10		A		-55.46		-176.82		72.08		113.69		-117.7		-112.49		-133.51		-144.18		-172.81
11		C		-79.79		175.15		89.51		91.51		-131.5		-83.77		-156.21		-179.82		-141.65
12		G		-57.47		-177.26		84.13		95.85		-134.1		-110.85		-159.3		-159.52		155.84
13		A		-96.36		173.67		70.31		101.6		-133.19		-95.3		-151.4		-165.59		-150.28
14		G		-70.97		172.44		72.52		80.34		-152.78		-76.06		-165.97		164.56		-148.04
15		G		-62.43		175.76		65.02		89.69		-144.38		-71.68		-155.84		-171.85		-141.46
16		G		-65.37		170.56		62.16		84.87		-152.63		-69.79		-165.72		-175.96		-157.39
17		C		-87.38		165.98		76.08		89.78		-140.99		-91.89		-159.18		-163.62		-169.58
18		A		-77.48		177.2		57.8		97.17		-138.16		-69.55		-152.97		-164.42		-149.69
19		G		-96.96		174.89		78.26		85.15		-141.25		-72.89		-165.16		-178.91		-151.81
20		G		-70.34		168.35		64.55		93.75		-137.76		-66.73		-155.68		-173.93		-144.78
21		G		-110.97		-177.54		110.28		105.36		-122.71		-79.23		-154.73		-170.83		-156.96
22		U		-65.42		179.21		54.69		99.72		-137.62		-72.0		-141.44		-171.34		-127.39
23		U		-83.35		170.17		60.95		100.25		-134.4		-93.08		-142.16		163.84		-173.51
24		A		-151.69		179.25		65.97		110.58		-129.12		-82.64		-135.46		148.2		-143.57
25		A		171.28		-173.86		74.95		96.14		-131.26		-74.79		-152.8		110.7		-150.19
26		A		-55.61		168.52		48.34		91.38		-139.32		-61.45		-140.76		175.31		-142.15
27		C		-66.76		166.57		52.02		95.94		-130.42		-73.6		-154.68		167.68		-131.82
28		G		-67.36		175.89		71.15		91.44		-139.82		-77.12		-158.93		171.3		-152.35
29		A		-88.46		175.46		54.22		82.15		-141.01		-67.63		-166.58		155.81		-128.76
30		G		-65.78		163.55		64.19		84.23		-142.0		-76.97		-163.33		160.97		-167.11
31		A		-80.22		164.95		58.05		85.23		-139.2		-65.1		-162.55		176.3		-120.88
32		C		-96.62		164.99		66.92		87.37		-149.88		-84.04		-158.17		155.1		-169.66
33		A		-67.36		171.83		55.39		101.84		-134.91		-90.18		-141.31		-170.32		-132.5
34		U		-70.14		174.07		81.13		89.83		-139.4		-76.51		-160.08		171.61		-171.8
35		C		-64.43		165.83		55.6		83.56		-149.64		-71.64		-156.9		174.51		-140.98
36		G		-68.37		-172.6		72.42		92.29		-144.95		-66.15		-165.89		-170.97		-156.12
37		G		-60.14		-172.77		62.68		91.63		-151.01		-93.08		-156.18		-172.85		-167.06
38		C		-62.17		163.65		54.54		93.86		-141.64		-64.62		-152.65		-176.71		-152.44
39		G		-75.71		168.94		101.16		97.99		-138.67		-69.3		-152.96		-170.16		-175.84
40		A		-75.98		175.1		64.04		101.12		-134.09		-87.13		-146.5		-155.62		179.97
41		G		-46.43		154.72		53.12		85.52		-137.02		-58.52		-160.73		-169.27		-152.9
42		U		-76.34		160.21		55.54		109.05		-116.71		-115.69		-134.24		-172.95		-84.18
43		G		-125.41		-179.46		80.8		94.66		-142.47		-71.04		-162.89		175.58		-141.88
44		C		-75.6		174.81		56.38		88.94		-146.09		-68.28		-153.54		167.84		-138.68
45		C		-87.14		-164.37		74.44		85.13		-146.13		-71.96		-170.87		-176.47		-159.24
46		C		-59.45		164.33		49.95		76.55		-152.72		-78.89		-160.29		164.2		-141.64
47		U		-62.21		174.92		51.88		86.32		-151.39		-61.88		-161.96		171.04		-144.22
48		G		-60.71		171.12		58.98		96.45		-143.82		-77.61		-159.8		170.57		-155.07
49		C		-58.58		174.4		50.46		86.26		-147.52		-67.19		-167.9		163.37		-145.92
50		G		-66.25		172.5		76.94		85.45		-131.88		-71.46		-173.69		177.15		-126.2
51		G		-60.91		178.23		61.25		96.52		-126.62		-68.33		-162.68		-163.94		-136.09
52		U		-59.94		160.35		52.9		80.67		-143.72		-65.35		-168.82		161.36		-141.71
53		C		-59.88		169.62		46.96		96.32		-131.81		-91.44		-140.06		-179.66		-115.67
54		U		-74.26		160.7		58.29		95.12		-130.57		-63.93		-154.15		158.03		-127.1
55		U		-64.5		174.76		64.11		97.29		-138.98		-65.02		-145.56		172.68		-137.39
56		C		-78.11		179.24		66.13		77.67		-149.27		-71.41		-172.89		175.29		-153.32
57		C		-53.46		175.93		56.68		84.63		-142.63		-61.09		-165.64		168.44		-130.78
58		U		-64.43		174.53		63.38		75.05		-150.17		-82.18		-163.12		163.41		-160.73
59		G		-56.15		179.63		57.65		80.65		-155.53		-74.88		-156.43		166.67		-151.16
60		C		-58.02		162.35		58.32		77.04		-152.92		-64.81		-173.61		154.97		-138.52
61		G		-61.01		178.62		76.96		80.06		-144.12		-82.22		-162.43		175.0		-144.67
62		A		-70.16		167.52		55.0		95.76		-132.83		-76.71		-152.01		-172.72		-150.9
63		C		-65.11		164.76		72.09		85.09		-142.33		-69.11		-161.67		167.39		-144.25
64		C		-84.6		176.46		92.28		84.58		-141.75		-80.3		-164.0		-174.09		-140.13
65		G		-68.87		177.16		64.06		97.79		-127.75		-111.8		-141.2		-177.61		-163.6
66		U		-55.19		167.08		49.82		115.21		-110.96		139.08		-126.36		-156.5		124.37
67		U		-41.47		-172.66		72.3		103.12		-123.17		-158.11		-132.53		-159.84		138.82
68		A		179.67		178.7		82.8		100.81		-125.93		-78.81		-151.36		157.28		-125.85
69		G		-148.42		175.18		103.66		98.08		-132.07		-149.76		-152.57		179.35		136.21
70		A		-63.05		-175.67		98.69		80.98		-144.54		-70.1		-163.48		-173.77		-156.66
71		G		-58.4		164.21		69.52		70.4		-156.5		-63.77		-175.15		165.19		-143.49
72		G		-79.92		159.77		78.78		77.29		-148.92		-66.81		-174.47		167.06		-151.9
73		A		-69.41		167.45		67.42		78.45		-145.68		-63.85		-171.74		172.37		-146.69
74		C		-66.68		172.11		57.5		76.46		-148.19		-71.24		-159.18		158.57		-154.99
75		U		-65.04		163.18		58.69		83.15		-142.55		-63.03		-167.97		170.41		-130.67
76		G		-94.91		173.77		89.97		86.87		-137.15		-84.08		-169.95		174.65		-155.28
77		G		-69.67		176.6		69.6		93.33		-135.91		-67.63		-157.52		-177.96		-142.68
78		U		-75.88		172.83		58.81		101.61		-120.72		-121.49		-143.36		-151.74		-147.93
79		A		-97.76		174.37		67.84		109.95		-118.41		-144.84		-140.7		-152.25		173.7
80		A		131.61		169.61		109.44		98.5		-120.09		-72.1		-153.6		-38.04		-146.49
81		A		-84.52		167.25		58.73		90.18		-144.56		-72.77		-156.85		153.31		-159.97
82		A		-54.6		171.41		52.71		89.42		-137.69		-63.48		-157.55		-176.99		-129.96
83		C		-72.74		169.15		63.05		77.12		-147.98		-64.95		-167.58		145.44		-136.82
84		C		-79.29		172.48		64.04		80.27		-152.4		-76.88		-172.0		161.89		-146.59
85		A		-66.9		168.53		53.58		76.39		-155.46		-67.76		-170.81		162.87		-140.14
86		C		-66.9		161.09		55.19		76.15		-145.38		-79.69		-160.23		166.78		-156.03
87		A		-63.03		163.1		60.38		76.32		-143.53		-77.01		-167.07		162.78		-151.31
88		G		-55.61		161.43		62.44		88.58		-143.15		-85.98		-160.01		160.37		-153.44
89		G		-62.87		175.71		75.29		93.2		-137.4		-76.58		-160.82		-178.84		-155.45
90		C		-68.09		158.36		60.34		88.42		-138.69		-69.91		-168.24		-171.13		-131.85
91		G		-63.1		165.85		69.65		83.44		-143.77		-75.55		-165.19		175.9		-174.59
92		A		-69.37		175.37		64.39		93.26		-139.22		-71.43		-162.08		-155.87		-143.23
93		C		-57.86		158.55		46.3		91.29		-139.04		-57.42		-152.25		175.02		-126.65
94		U		-66.48		171.13		81.91		89.72		-136.39		-83.28		-164.16		175.93		-161.54
95		G		-61.7		179.95		72.03		108.24		-131.52		-93.97		-146.62		-158.6		-173.08
96		U		-144.92		164.41		71.45		84.65		-140.48		-66.36		-173.41		141.21		-133.91
97		G		-65.88		176.68		80.87		80.01		-145.34		-74.24		-167.55		172.95		-132.37
98		G		-88.47		167.28		66.26		70.71		-145.57		-68.1		-177.14		151.31		-137.6
99		C		-81.35		169.22		72.58		72.73		-147.27		-80.55		-172.44		157.81		-150.45
100		A		-86.68		176.91		65.54		89.56		-134.87		-80.22		-157.71		174.7		-132.44
101		U		-78.89		-179.94		66.41		88.14		-136.19		-88.98		-157.91		149.73		-138.14
102		A		-84.76		166.15		63.12		109.78		-120.44		-83.41		-143.38		-164.55		-113.93
103		G		140.19		-178.83		98.81		108.12		-121.16		-96.08		-151.93		66.06		-137.67
104		A		-56.25		179.0		52.25		97.35		-131.76		-75.88		-161.49		-177.22		-118.18
105		G		-103.0		176.86		67.71		104.61		-125.22		-95.71		-147.75		177.06		-120.88
106		C		-77.38		175.17		88.97		83.78		-143.04		-76.43		-164.29		164.71		-153.46
107		A		-80.13		177.22		70.93		87.18		-139.11		-80.42		-162.41		178.06		-143.17
108		G		-60.09		166.17		57.14		81.18		-145.33		-71.62		-167.45		171.16		-143.66
109		U		-71.8		167.95		66.16		88.82		-138.02		-73.57		-160.5		170.42		-144.16
110		C		-80.86		172.08		78.39		76.62		-149.75		-75.86		-172.51		158.84		-147.57
111		C		-74.88		176.74		63.54		77.78		-148.98		-71.38		-168.93		164.08		-151.15
112		G		-74.41		179.55		73.1		82.81		-145.09		-83.65		-168.01		-178.36		-154.9
113		G		-98.18		176.69		89.82		81.08		-140.68		-79.8		-166.06		153.04		-149.42
114		G		-73.85		174.53		79.1		85.65		-138.57		-76.76		-165.63		178.35		-142.61
115		C		-77.6		169.03		66.32		80.55		-146.7		-77.98		-163.85		161.17		-151.24
116		A		-94.74		-174.27		100.4		98.44		-133.34		-84.12		-157.33		-175.35		-153.68
117		G		-123.13		176.14		85.82		90.8		-136.38		-77.93		-161.23		174.63		-139.25
118		G		-125.44		-179.1		87.91		95.57		-129.98		-70.61		-160.37		-178.08		-138.51
119		A		-74.77		173.42		59.61		94.59		-134.93		-76.36		-157.48		178.52		-142.03
120		A		-89.77		-175.42		72.7		101.24		-132.25		-87.29		-150.25		172.09		-154.85
