No.	   Seq		 Alpha		 Beta		Gamma		Delta		 Epsilon	 Zeta		  Chi		  Eta		 Theta

0		G		-66.56		171.53		63.97		89.58		-141.6		-72.45		-155.14		-179.58		-146.69
1		G		-72.83		170.88		68.54		91.4		-140.74		-74.7		-157.06		176.92		-159.93
2		A		-71.05		169.58		70.19		91.78		-142.04		-73.52		-155.47		179.86		-152.25
3		A		-66.32		173.13		62.26		90.36		-143.86		-73.32		-154.61		-179.73		-146.96
4		U		-63.98		174.25		59.63		92.23		-140.07		-74.08		-150.57		179.95		-142.72
5		C		-72.05		170.69		60.95		92.08		-141.14		-72.45		-152.23		175.6		-149.27
6		A		-72.24		172.93		66.68		95.82		-140.9		-83.24		-149.44		-173.63		-161.17
7		A		-63.34		173.47		61.47		100.25		-137.72		-75.15		-145.5		-168.49		-164.1
8		U		-62.16		169.99		68.53		97.81		-135.56		-82.26		-146.26		-177.9		-159.77
9		A		-66.12		173.52		73.33		98.55		-134.52		-78.88		-150.34		-176.78		-145.47
10		G		-67.98		170.96		75.85		95.88		-136.86		-74.79		-154.96		-169.76		-159.75
11		U		-63.35		173.34		67.58		97.91		-137.37		-85.05		-148.73		-172.29		-163.96
12		A		-71.12		176.61		72.46		97.69		-139.47		-75.42		-149.84		-167.81		-155.4
13		G		-74.92		171.45		73.91		93.25		-142.23		-78.55		-157.41		-175.4		-149.23
14		U		-60.71		173.3		60.74		94.26		-140.7		-70.62		-151.01		-172.46		-160.64
15		U		-65.78		174.06		62.02		91.87		-141.53		-84.16		-150.37		177.85		-158.14
16		A		-72.39		172.61		64.68		100.01		-140.47		-77.21		-148.05		-176.83		-163.63
17		A		-63.13		169.87		57.81		98.1		-139.56		-76.08		-149.47		-176.11		-153.38
18		C		-61.81		175.78		65.74		91.52		-143.01		-72.13		-153.24		-179.9		-154.9
19		C		-62.98		174.89		57.61		91.55		-143.04		-74.15		-154.25		179.52		-153.19
20		C		-56.1		169.94		55.41		88.55		-147.97		-62.43		-156.51		-174.34		-152.14
21		U		-61.7		174.28		55.37		89.83		-144.73		-78.49		-154.42		-174.95		-157.58
22		C		-62.93		168.8		53.07		92.8		-145.76		-67.24		-148.56		174.4		-149.5
23		U		-69.53		173.78		61.25		91.62		-141.94		-69.84		-156.26		172.75		-144.96
24		C		-63.36		169.59		57.29		91.2		-143.3		-70.32		-153.78		175.74		-147.28
25		U		-69.3		173.04		61.35		89.18		-142.66		-75.83		-157.68		170.36		-152.75
26		U		-61.26		171.15		52.12		96.55		-142.42		-75.18		-146.06		179.18		-148.4
27		C		-71.27		171.77		57.96		90.89		-143.25		-73.4		-153.86		164.45		-148.89
28		C		-62.73		174.43		59.71		87.37		-145.6		-67.83		-154.62		171.05		-151.68
29		G		-67.26		171.1		63.38		93.34		-139.95		-91.67		-151.75		178.92		-164.95
30		A		-57.93		170.92		56.39		95.84		-135.88		-77.75		-147.42		-178.59		-156.74
31		A		-61.04		166.03		62.72		93.35		-135.05		-71.7		-154.88		175.55		-133.72
32		G		-65.69		173.02		61.49		97.4		-134.93		-80.87		-148.31		170.09		-154.34
33		C		-64.27		169.07		54.75		93.41		-139.48		-74.92		-151.18		171.04		-150.7
34		G		-62.14		167.08		61.65		89.75		-139.22		-81.17		-154.2		-178.96		-152.99
35		A		-63.67		164.9		60.96		88.54		-142.88		-79.87		-155.72		179.44		-148.88
36		G		-64.43		172.3		63.32		89.34		-144.55		-77.26		-156.06		173.31		-156.69
37		C		-71.25		176.29		70.66		91.74		-138.78		-80.49		-159.21		176.93		-147.11
38		C		-64.12		174.76		70.62		86.59		-145.03		-76.26		-161.41		171.91		-148.69
39		G		-65.11		169.92		69.36		88.3		-142.1		-87.27		-158.79		179.76		-152.6
40		G		-64.59		171.96		60.47		91.75		-142.18		-74.55		-157.87		-178.87		-148.7
41		G		-66.36		172.48		78.06		88.7		-138.29		-74.16		-164.96		174.78		-151.57
42		G		-63.52		172.97		65.11		91.52		-141.42		-77.18		-156.29		176.47		-146.32
43		G		-75.05		172.16		72.77		92.69		-137.43		-81.95		-160.36		173.33		-155.15
44		C		-65.83		169.09		65.56		88.25		-138.94		-75.47		-159.94		178.55		-142.84
45		G		-69.43		175.03		79.43		83.2		-141.65		-74.24		-166.18		171.89		-149.38
46		G		-65.73		171.62		63.44		92.6		-137.04		-83.51		-156.86		178.42		-151.08
47		U		-69.83		173.09		65.97		91.71		-133.41		-73.1		-161.16		169.43		-143.61
48		G		-69.05		174.67		61.68		91.61		-137.39		-76.18		-157.0		169.41		-135.9
49		G		-85.55		178.72		68.02		91.57		-138.29		-78.81		-161.35		168.13		-148.89
50		G		-70.44		173.01		72.32		91.68		-138.2		-83.06		-157.85		171.53		-165.71
51		A		-76.1		176.26		72.84		88.55		-136.05		-75.78		-161.79		172.92		-143.57
52		G		-66.53		169.15		71.72		87.51		-137.99		-74.14		-166.69		166.6		-143.32
53		C		-69.37		172.18		62.5		86.87		-140.19		-78.21		-162.53		168.86		-143.93
54		C		-67.49		172.62		58.94		83.59		-140.34		-74.43		-163.22		167.72		-141.73
55		C		-67.84		169.27		58.34		82.57		-144.1		-73.69		-163.18		164.27		-141.04
56		G		-69.28		173.13		71.18		89.55		-138.88		-81.14		-161.95		175.26		-155.9
57		G		-64.55		172.27		63.49		89.37		-136.83		-82.34		-159.71		177.59		-151.13
58		U		-75.91		171.1		67.91		90.44		-133.81		-75.42		-159.15		163.49		-139.92
59		G		-85.29		172.44		80.57		91.3		-137.48		-86.16		-156.86		169.92		-159.2
60		A		-78.05		174.16		73.23		86.43		-139.89		-80.08		-162.11		170.24		-156.46
61		A		-66.63		167.78		65.04		87.42		-138.75		-71.51		-162.02		175.07		-146.39
62		G		-68.03		171.23		66.79		88.41		-138.47		-76.85		-160.37		174.2		-148.76
63		A		-70.54		175.48		70.05		87.53		-139.43		-70.29		-163.68		176.18		-140.8
64		C		-75.78		170.29		74.48		81.29		-144.71		-73.04		-166.89		166.33		-149.14
65		G		-75.67		175.02		74.64		83.44		-143.86		-78.77		-166.78		171.42		-150.45
66		G		-69.81		172.26		65.09		87.37		-139.96		-77.93		-160.51		176.19		-146.96
67		U		-69.56		170.91		63.4		91.91		-133.95		-77.86		-153.45		175.78		-145.12
68		U		-75.7		172.83		69.6		95.39		-133.05		-85.04		-151.11		170.57		-147.96
69		A		-114.53		175.3		76.76		94.6		-134.54		-88.14		-156.73		166.37		-154.93
70		A		-68.48		173.91		72.44		92.64		-136.05		-75.52		-160.11		179.75		-144.73
71		U		-61.84		176.48		63.09		89.5		-136.8		-79.25		-154.97		179.4		-145.32
72		G		-75.06		178.26		74.83		91.16		-136.27		-79.9		-159.04		175.98		-146.19
73		A		-76.96		170.56		70.32		93.83		-136.73		-76.35		-158.91		176.49		-142.9
74		A		-73.95		173.81		69.8		94.39		-137.3		-83.11		-155.47		175.09		-153.49
75		A		-71.42		177.29		71.43		92.86		-137.93		-78.46		-156.51		179.97		-144.11
76		C		-77.07		172.45		68.64		86.46		-141.91		-75.48		-163.06		167.53		-145.87
77		G		-65.68		172.95		69.24		86.78		-142.09		-76.99		-164.47		-179.31		-146.66
78		G		-72.09		173.57		62.42		84.4		-143.2		-78.12		-163.21		173.93		-147.9
79		C		-71.08		172.62		61.91		86.33		-143.99		-75.81		-162.63		172.0		-148.02
80		A		-74.3		176.45		73.43		92.08		-138.22		-81.97		-158.86		-179.47		-146.65
81		G		-77.75		176.68		75.47		90.24		-140.52		-81.09		-160.6		174.91		-152.27
82		U		-71.78		170.95		64.07		89.83		-140.11		-78.29		-159.55		173.17		-146.23
83		U		-67.24		171.56		60.98		93.19		-139.42		-81.43		-155.21		176.59		-145.5
84		C		-75.96		175.36		66.02		91.57		-140.23		-77.72		-158.36		176.38		-145.66
85		C		-78.4		177.77		73.03		92.38		-140.23		-78.89		-158.67		-177.03		-150.38
