No.	   Seq		 Alpha		 Beta		Gamma		Delta		 Epsilon	 Zeta		  Chi		  Eta		 Theta

0		C		-74.37		176.69		64.73		82.44		-145.04		-72.16		-166.53		169.48		-142.15
1		C		-76.73		175.58		61.85		81.09		-146.45		-75.67		-165.23		162.08		-138.97
2		G		-73.06		175.07		62.6		78.55		-151.93		-73.22		-167.42		166.19		-143.57
3		C		-79.58		-178.92		65.94		81.11		-147.98		-75.75		-168.99		168.33		-144.35
4		C		-67.55		173.17		57.9		81.5		-144.44		-72.75		-163.18		171.15		-140.45
5		U		-80.16		176.64		65.11		83.9		-142.79		-79.79		-162.24		163.84		-151.3
6		A		-73.3		176.29		63.62		98.03		-134.34		-80.67		-155.47		-175.96		-139.76
7		A		-90.38		-179.51		72.51		92.65		-134.59		-68.61		-161.93		170.83		-132.99
8		C		-81.03		175.02		70.39		87.77		-139.2		-74.64		-158.35		160.97		-136.56
9		A		-85.67		179.51		82.43		96.11		-132.89		-85.23		-157.06		-178.67		-153.94
10		C		-70.56		176.22		74.51		88.4		-141.26		-73.55		-163.09		176.16		-154.45
11		U		-81.39		171.03		72.52		81.14		-144.35		-72.12		-166.46		164.91		-145.23
12		G		-73.25		173.98		61.1		85.85		-142.93		-81.55		-159.75		169.0		-147.5
13		C		-85.01		174.11		79.38		85.04		-140.74		-70.87		-165.47		172.03		-146.91
14		C		-89.49		176.26		87.99		81.94		-144.07		-79.08		-168.55		167.03		-155.12
15		A		-92.58		176.96		76.28		92.26		-142.45		-83.21		-163.07		-177.03		-155.64
16		G		-92.07		176.54		80.26		91.98		-136.24		-80.84		-165.15		176.61		-154.34
17		C		-69.95		171.91		61.87		92.55		-138.52		-78.1		-156.5		179.81		-152.97
18		C		-81.86		177.61		64.47		86.74		-142.17		-75.68		-162.57		160.66		-144.93
19		G		-84.36		173.36		80.0		95.45		-141.3		-92.32		-159.39		-174.2		-163.47
20		G		-80.0		173.83		70.69		95.6		-133.53		-80.86		-155.49		-175.69		-159.7
21		U		-64.23		175.18		61.94		87.86		-140.09		-72.56		-160.24		176.17		-131.38
22		C		-77.33		178.03		55.41		87.27		-139.83		-72.47		-158.46		160.39		-133.02
23		C		-75.09		171.22		59.18		80.08		-143.18		-69.76		-168.83		159.26		-145.0
24		C		-74.39		169.89		56.36		78.41		-145.3		-75.61		-161.2		162.54		-149.24
25		A		-69.73		175.08		57.27		83.96		-143.57		-80.89		-157.69		168.46		-147.53
26		A		-74.35		173.65		62.38		87.26		-137.64		-69.4		-158.34		166.56		-134.54
27		G		-97.51		174.23		85.51		83.95		-139.32		-71.78		-169.91		152.24		-141.69
28		C		-72.34		172.07		66.67		78.45		-147.6		-69.97		-168.63		154.0		-137.33
29		C		-66.55		171.95		55.89		75.16		-148.7		-74.19		-168.04		165.5		-143.32
30		C		-68.65		168.27		60.7		76.45		-145.24		-73.26		-168.98		163.14		-144.47
31		G		-79.02		172.07		70.15		74.85		-145.62		-72.17		-171.93		163.12		-143.65
32		G		-79.95		170.77		70.07		85.75		-139.76		-84.09		-161.08		167.07		-149.87
33		A		-68.55		171.07		63.02		84.22		-138.53		-70.51		-164.79		167.75		-135.32
34		U		-75.4		172.4		74.23		91.23		-134.08		-82.06		-156.75		166.42		-147.22
35		A		-104.96		174.94		77.91		90.54		-137.57		-85.43		-155.48		151.87		-146.99
36		A		-134.29		172.0		81.62		89.84		-136.03		-73.93		-156.98		155.95		-153.96
37		A		-68.27		168.33		69.91		83.36		-137.45		-75.54		-163.15		165.43		-145.09
38		A		-59.3		168.04		57.72		88.63		-139.52		-73.97		-156.46		174.88		-141.45
39		G		-67.01		176.97		76.97		90.26		-141.83		-79.75		-157.85		173.84		-147.77
40		U		-68.1		178.54		75.76		87.54		-140.29		-73.99		-161.55		173.92		-144.63
41		G		-74.9		177.23		82.75		85.43		-139.82		-76.59		-164.25		168.07		-154.77
42		G		-72.57		173.16		69.37		84.1		-142.2		-81.65		-165.19		172.23		-157.71
43		A		-69.59		171.5		70.81		84.79		-142.92		-75.08		-165.35		175.07		-146.54
44		G		-76.95		173.79		77.0		82.39		-144.45		-77.65		-167.56		169.9		-148.08
45		G		-85.98		-179.86		84.39		84.27		-145.9		-78.35		-167.18		176.55		-151.7
46		G		-75.93		173.94		65.29		87.77		-142.85		-77.36		-161.27		172.58		-147.83
47		G		-74.7		-176.1		82.2		89.07		-139.05		-81.9		-161.76		-172.83		-151.82
48		G		-70.68		172.9		64.42		89.39		-141.44		-72.51		-161.8		176.69		-139.89
49		C		-92.31		177.49		71.88		92.19		-139.88		-74.97		-159.58		171.34		-151.44
50		G		-80.76		175.86		68.17		92.34		-139.11		-76.31		-159.88		176.29		-143.63
51		G		-90.81		-178.22		64.67		92.93		-138.77		-80.21		-157.05		175.07		-145.54
