No.	   Seq		 Alpha		 Beta		Gamma		Delta		 Epsilon	 Zeta		  Chi		  Eta		 Theta

0		C		-76.09		171.33		65.51		89.7		-141.62		-83.44		-160.47		172.7		-154.32
1		A		-62.43		174.4		67.31		93.37		-142.98		-74.3		-154.74		-176.61		-155.75
2		U		-77.55		175.92		68.13		88.99		-140.83		-80.82		-158.81		177.07		-146.71
3		G		-61.48		171.18		56.16		94.51		-139.49		-72.44		-151.46		179.97		-132.21
4		U		-71.35		174.1		61.63		90.96		-139.27		-74.32		-155.75		172.27		-142.56
5		C		-68.04		173.51		63.09		91.06		-144.64		-82.89		-152.76		178.19		-164.74
6		A		-67.86		174.92		65.33		94.51		-135.81		-79.72		-156.1		-177.14		-149.68
7		U		-66.32		173.37		63.35		90.44		-140.39		-78.39		-152.63		176.02		-140.89
8		G		-66.8		175.86		66.81		89.22		-137.22		-78.41		-158.22		175.86		-138.91
9		U		-62.99		175.68		58.11		94.48		-139.53		-69.2		-153.06		173.84		-139.62
10		C		-80.4		175.6		73.67		89.95		-140.07		-84.03		-160.37		175.84		-157.99
11		A		-55.25		177.24		55.71		96.01		-136.22		-76.84		-148.21		-170.11		-144.85
12		U		-76.64		173.72		67.08		95.15		-134.21		-80.82		-151.75		172.5		-141.34
13		G		-65.56		174.83		73.69		93.45		-136.74		-83.62		-153.83		-179.5		-161.57
14		A		-74.45		174.06		71.9		92.16		-138.79		-79.08		-161.67		177.94		-144.28
15		G		-63.48		173.89		68.33		94.8		-139.22		-80.41		-154.99		-173.46		-150.64
16		U		-63.86		177.8		61.02		100.67		-134.7		-85.91		-146.31		-171.66		-139.73
17		C		-70.52		174.85		61.36		96.09		-138.04		-68.77		-149.21		172.73		-135.75
18		C		-86.46		175.91		72.57		86.72		-142.28		-84.04		-162.45		173.43		-156.44
19		A		-56.79		175.1		55.28		95.86		-141.09		-75.86		-150.98		-170.41		-160.61
20		U		-63.38		171.46		61.27		93.1		-136.85		-80.97		-152.32		178.58		-147.55
21		G		-62.8		177.3		67.14		100.62		-139.5		-76.89		-148.06		-173.04		-144.26
22		G		-81.88		177.91		74.54		99.38		-133.06		-74.02		-156.14		177.42		-141.03
23		C		-68.6		178.35		65.53		90.14		-143.53		-80.18		-156.73		178.44		-165.42
24		A		-60.02		170.04		57.65		91.14		-138.21		-75.9		-155.99		179.59		-147.79
25		U		-59.1		168.44		54.13		88.97		-144.47		-69.54		-153.22		173.4		-142.6
26		G		-70.98		172.6		65.03		87.36		-143.05		-77.38		-160.51		172.3		-147.52
27		G		-70.55		174.97		60.23		89.45		-141.93		-67.71		-158.03		170.23		-142.58
28		C		-67.26		175.06		63.86		81.41		-144.96		-79.46		-164.77		171.67		-152.15
29		A		-57.59		173.39		58.78		97.46		-136.01		-79.62		-147.36		-172.05		-146.59
30		U		-69.57		171.7		62.73		86.13		-141.18		-75.84		-160.89		167.03		-146.36
31		G		-65.46		175.66		60.7		97.22		-138.16		-80.52		-148.33		177.03		-155.07
32		G		-73.02		171.36		64.73		84.1		-141.31		-75.07		-164.12		164.94		-142.93
33		C		-63.17		173.37		57.42		87.75		-145.51		-78.27		-156.12		176.76		-153.62
