No.	   Seq		 Alpha		 Beta		Gamma		Delta		 Epsilon	 Zeta		  Chi		  Eta		 Theta

0		C		-76.26		176.83		71.34		87.53		-144.25		-78.3		-159.85		-177.09		-151.9
1		U		-76.87		170.87		63.23		90.64		-142.76		-83.15		-151.82		177.94		-148.01
2		G		-77.49		178.11		71.68		90.18		-144.98		-75.8		-164.69		172.96		-146.73
3		C		-83.35		176.51		69.22		90.26		-138.94		-81.06		-159.01		174.08		-145.47
4		P		-72.39		178.38		60.16		80.95		-147.71		-83.89		-163.45		164.28		-150.6
5		G		-69.96		169.57		55.25		87.93		-144.96		-77.12		-158.25		179.34		-141.94
6		G		-75.11		178.1		61.46		87.09		-144.21		-73.53		-166.05		171.87		-131.64
7		C		-71.04		174.36		52.29		91.29		-139.43		-71.41		-150.06		176.13		-133.05
8		U		-84.49		177.01		65.82		89.65		-138.48		-92.62		-155.84		168.36		-158.93
9		A		-83.91		170.2		76.83		117.48		-126.29		-154.68		-137.0		-134.47		160.87
10		A		-138.62		173.52		68.9		93.73		-135.87		-71.37		-157.63		143.7		-132.68
11		G		-79.51		176.51		71.86		91.51		-137.09		-77.48		-155.51		172.89		-135.74
12		G		-76.78		-179.96		64.69		93.88		-132.48		-83.01		-150.52		175.36		-135.96
13		C		-136.66		177.46		114.55		88.12		-140.29		-79.29		-165.3		173.95		-155.61
14		A		-76.42		175.58		66.58		91.54		-140.78		-81.98		-157.76		-175.21		-138.08
15		U		-76.95		175.21		60.47		95.09		-137.42		-76.0		-146.35		171.32		-146.21
16		G		-85.7		174.38		75.08		97.92		-129.82		-90.05		-146.08		-170.52		-151.18
17		A		-179.42		176.42		89.65		113.18		-124.57		-83.81		-135.07		-46.99		-143.88
18		A		-80.43		173.35		89.05		99.36		-136.43		-93.25		-150.38		173.51		-155.37
19		A		-85.18		-172.36		101.95		118.26		-119.38		-147.75		-131.52		-145.58		-167.54
20		G		-82.33		174.88		93.34		97.19		-135.21		-76.11		-157.53		171.58		-150.53
21		U		-62.15		-177.86		59.0		96.45		-138.92		-74.42		-146.53		-174.5		-127.55
22		G		-68.91		175.28		60.53		83.42		-146.86		-77.07		-160.59		173.25		-146.76
23		C		-75.56		169.35		56.78		87.33		-147.69		-71.73		-156.34		176.0		-148.03
24		U		-73.83		179.61		74.29		89.85		-145.32		-87.7		-157.43		-176.11		-167.06
25		A		-62.03		-177.25		53.41		104.28		-136.78		-79.87		-139.67		-170.31		-140.51
26		U		-80.91		169.63		63.96		86.19		-137.53		-67.16		-163.32		150.95		-132.95
27		G		-64.83		170.27		61.31		93.92		-140.26		-84.48		-152.84		175.04		-138.2
28		C		-79.02		-173.16		67.43		82.49		-147.36		-79.46		-162.64		171.19		-149.66
29		C		-66.52		177.17		52.27		86.65		-152.02		-75.04		-157.71		177.68		-149.97
30		U		-87.21		-173.16		76.44		93.43		-137.07		-81.99		-157.28		-179.77		-147.9
31		G		-67.56		176.59		56.99		88.98		-144.21		-75.87		-158.53		176.56		-143.14
32		C		-81.32		169.69		56.69		93.26		-137.12		-80.58		-153.79		176.13		-138.92
33		U		-63.35		175.24		50.17		91.81		-143.51		-78.98		-154.94		176.29		-144.95
34		G		-87.87		-178.64		78.53		102.4		-131.43		-102.65		-147.99		-178.05		-156.61
