No.	   Seq		 Alpha		 Beta		Gamma		Delta		 Epsilon	 Zeta		  Chi		  Eta		 Theta

0		G		-86.02		179.29		75.58		86.02		-141.56		-77.59		-164.14		171.54		-152.26
1		G		-73.26		170.78		69.06		89.59		-139.64		-69.42		-161.87		-179.89		-134.21
2		G		-93.26		178.33		78.33		89.65		-139.21		-83.78		-161.38		173.48		-144.48
3		A		-75.03		178.55		64.3		92.82		-139.93		-78.64		-150.69		-179.21		-149.47
4		U		-87.94		177.34		72.56		93.2		-137.0		-83.86		-156.43		171.27		-140.61
5		G		-75.33		174.64		58.6		92.86		-146.25		-76.53		-152.65		173.75		-147.03
6		C		-78.73		-179.06		63.28		89.93		-140.62		-78.42		-158.57		170.72		-136.84
7		U		-63.55		177.93		51.55		93.2		-140.58		-73.96		-147.35		179.02		-146.53
8		C		-98.4		-179.63		71.0		87.92		-141.38		-83.51		-161.17		165.18		-150.71
9		A		-66.61		173.66		57.5		94.02		-140.07		-74.01		-152.39		-173.48		-142.52
10		G		-74.61		178.58		65.6		84.32		-140.77		-78.39		-160.51		172.48		-140.37
11		U		-64.64		176.33		59.37		98.96		-128.85		-77.89		-141.8		-172.48		-131.1
12		G		-137.05		179.2		92.05		96.83		-131.77		-94.92		-155.65		178.13		-146.46
13		A		-93.36		178.01		70.21		104.67		-130.68		-75.08		-145.92		-155.76		-135.87
14		U		-88.43		176.65		65.95		95.83		-133.45		-82.43		-151.08		169.97		-135.38
15		C		-70.3		-179.51		65.86		94.84		-139.34		-73.44		-146.09		-178.59		-144.94
16		C		-95.76		176.9		74.22		88.63		-138.36		-80.27		-160.25		168.49		-138.29
17		U		-63.73		175.24		60.71		96.22		-141.44		-77.94		-146.72		-173.1		-158.35
18		U		-86.85		-179.16		77.15		100.42		-131.59		-95.24		-149.02		178.46		-144.67
19		C		-69.0		-179.68		65.07		97.3		-141.46		-71.18		-147.4		-176.07		-154.29
20		G		-80.0		-179.98		76.96		86.93		-138.47		-82.6		-163.17		170.83		-142.06
21		G		-68.9		-178.87		67.49		92.99		-140.78		-70.37		-151.42		-177.31		-145.34
22		G		-89.61		174.85		75.99		84.25		-140.68		-83.36		-163.51		165.51		-149.21
23		A		-58.1		174.26		56.63		95.03		-141.41		-63.59		-149.25		-172.7		-134.47
24		U		-84.7		173.11		66.27		85.98		-139.09		-79.96		-160.44		159.35		-142.84
25		A		-63.53		-179.13		55.97		103.18		-134.31		-69.25		-140.15		-171.08		-139.65
26		U		-79.38		173.39		63.01		89.28		-136.74		-74.26		-158.87		162.52		-132.4
27		C		-63.1		-179.24		57.06		90.82		-145.53		-78.15		-149.65		175.77		-156.4
28		A		-83.05		-179.32		71.44		88.95		-139.0		-81.38		-161.83		174.9		-145.76
29		G		-67.16		-173.86		61.74		91.62		-148.45		-76.96		-151.27		172.26		-157.07
30		G		-78.71		179.14		75.14		81.13		-142.01		-77.21		-166.79		170.5		-142.93
31		G		-64.45		175.39		57.14		86.77		-146.72		-70.82		-154.84		172.33		-142.81
32		C		-88.29		176.34		74.23		82.94		-144.27		-81.3		-165.0		168.8		-152.09
33		A		-62.2		176.23		51.56		92.84		-145.77		-70.78		-151.09		-179.84		-149.32
34		U		-86.26		173.74		69.02		86.5		-140.06		-74.17		-161.86		165.66		-138.62
35		C		-68.48		174.15		56.48		92.2		-141.87		-74.06		-153.42		178.45		-139.86
36		C		-80.91		177.4		63.86		89.1		-140.12		-78.5		-159.92		171.48		-142.64
37		C		-66.85		-175.31		58.52		95.89		-139.43		-83.49		-146.4		-175.78		-150.12
