No.	   Seq		 Alpha		 Beta		Gamma		Delta		 Epsilon	 Zeta		  Chi		  Eta		 Theta

0		G		-61.06		169.06		62.29		91.2		-144.42		-65.92		-155.39		178.75		-148.35
1		G		-69.14		167.12		67.44		86.18		-145.86		-76.45		-166.94		173.1		-159.6
2		A		-60.95		172.03		56.51		88.8		-145.24		-66.6		-157.09		178.77		-155.36
3		U		-64.48		170.35		60.99		82.68		-144.05		-73.32		-165.8		169.36		-142.18
4		C		-64.07		169.56		55.13		88.43		-143.95		-64.94		-150.78		174.59		-148.58
5		C		-73.39		174.66		67.9		84.25		-142.91		-81.23		-163.59		166.71		-154.53
6		A		-54.72		177.05		54.47		102.62		-128.05		-69.99		-141.92		-165.42		-125.06
7		U		-60.64		170.84		57.18		97.73		-133.79		-78.86		-149.86		177.59		-159.28
8		U		-51.93		177.88		58.02		110.44		-123.4		-75.2		-135.6		-170.08		-123.97
9		G		-89.62		173.58		70.76		97.03		-133.72		-77.5		-153.66		172.73		-143.44
10		C		-70.33		175.24		75.94		92.55		-141.41		-67.25		-152.34		175.18		-165.73
11		A		-61.77		170.52		59.94		96.1		-134.32		-88.64		-147.76		-170.89		-158.72
12		C		-59.36		168.16		64.39		88.6		-143.61		-71.04		-157.91		-173.19		-175.12
13		U		-59.45		165.94		66.21		103.3		-130.41		-75.89		-148.93		-153.78		-148.6
14		C		-57.74		177.99		52.11		96.05		-139.96		-64.57		-143.75		-174.48		-155.52
15		C		-74.15		173.24		64.81		93.95		-135.24		-80.88		-153.06		-179.24		-149.39
16		G		-55.45		166.63		60.6		101.07		-132.94		-76.73		-143.3		-156.34		-171.11
17		G		-68.96		167.83		74.67		96.28		-142.18		-85.2		-151.91		-174.9		-168.61
18		A		-63.11		170.7		60.57		101.15		-136.25		-61.94		-144.8		-162.09		-151.25
19		U		-68.14		168.65		62.38		99.4		-131.78		-90.59		-146.06		174.47		-161.05
20		C		-60.88		172.7		54.71		96.4		-136.96		-62.99		-143.41		-178.38		-156.29
21		C		-70.26		166.1		59.28		86.8		-145.28		-82.36		-156.65		174.03		-170.8
22		A		-53.15		175.36		48.85		97.17		-141.39		-53.86		-146.73		-167.12		-160.53
23		G		-59.67		169.67		57.72		86.27		-139.03		-62.23		-161.49		177.04		-133.66
24		G		-63.41		169.12		57.88		92.79		-140.91		-63.07		-147.3		171.86		-151.51
25		A		-84.66		170.17		71.6		93.79		-135.03		-68.44		-154.96		166.21		-142.62
26		G		-66.18		170.77		67.1		87.19		-144.96		-74.51		-153.85		176.0		-172.9
27		A		-67.15		163.3		57.35		94.1		-134.29		-60.74		-148.99		176.82		-149.54
28		U		-60.91		159.47		51.39		88.68		-144.55		-75.7		-148.19		166.06		-152.22
29		A		-63.16		174.36		53.95		94.82		-134.68		-66.03		-149.3		-175.34		-138.65
30		C		-58.01		167.11		49.61		87.8		-146.58		-58.43		-157.19		157.42		-135.54
31		C		-70.98		174.2		62.31		85.27		-146.34		-79.95		-154.8		172.07		-167.11
32		A		-54.19		175.85		53.66		93.9		-134.52		-70.92		-146.95		-169.36		-145.06
33		U		-58.43		162.99		58.99		96.22		-132.82		-65.65		-143.97		177.35		-153.89
34		G		-67.18		164.14		64.42		98.45		-132.33		-77.97		-147.76		172.21		-152.6
35		A		-63.86		170.06		66.18		103.35		-132.24		-62.15		-138.34		-176.02		-143.67
36		U		-66.74		172.73		66.9		99.58		-132.92		-72.24		-140.9		-177.12		-152.08
37		C		-55.87		169.09		63.57		91.29		-145.05		-70.69		-148.22		-175.6		-158.59
38		A		-62.0		172.65		58.66		89.29		-145.26		-64.66		-153.79		176.8		-145.54
39		C		-54.02		165.65		60.48		84.43		-145.56		-66.96		-159.25		178.24		-153.92
40		G		-56.88		168.39		62.81		86.7		-145.4		-71.6		-153.12		174.75		-167.1
41		A		-63.58		174.72		63.34		98.64		-144.1		-79.02		-145.36		-174.82		-164.87
42		A		-60.51		164.51		65.48		96.79		-143.69		-74.29		-146.67		178.2		-154.75
43		G		-57.59		173.83		72.69		95.37		-141.62		-76.06		-152.62		-176.46		-171.23
44		G		-52.73		167.27		62.52		87.21		-146.86		-72.76		-159.0		179.85		-161.57
45		U		-50.63		165.91		48.9		94.02		-146.38		-71.63		-148.47		-167.5		-153.81
46		G		-57.19		167.57		60.94		88.36		-147.58		-66.42		-156.85		-173.86		-154.02
47		G		-64.09		172.8		61.27		89.73		-146.22		-73.03		-159.18		-173.81		-155.3
48		U		-57.41		169.92		56.62		94.1		-142.79		-67.6		-152.14		179.23		-152.1
49		U		-56.46		172.27		52.82		101.97		-133.7		-85.34		-140.01		-169.44		-151.44
50		U		-61.3		163.04		58.48		98.6		-138.4		-64.87		-146.9		172.55		-143.3
51		U		-66.96		171.73		59.87		101.48		-139.28		-78.96		-145.35		-179.82		-157.68
52		C		-63.07		173.41		56.97		96.25		-140.26		-78.46		-145.61		-171.75		-161.5
53		C		-56.14		172.1		54.94		89.35		-142.14		-64.28		-154.29		176.6		-146.05
54		U		-53.74		176.01		63.32		94.13		-137.92		-82.11		-151.54		-172.68		-159.14
