No.	   Seq		 Alpha		 Beta		Gamma		Delta		 Epsilon	 Zeta		  Chi		  Eta		 Theta

0		G		-66.49		172.8		71.27		91.34		-144.73		-69.21		-159.32		-178.26		-149.76
1		G		-77.68		175.45		71.82		91.64		-136.62		-80.05		-158.69		174.62		-145.22
2		G		-71.08		174.52		73.33		84.57		-145.26		-78.66		-164.78		174.54		-159.65
3		A		-78.9		175.82		70.39		90.12		-139.42		-81.99		-161.33		173.23		-147.84
4		G		-61.88		172.85		59.54		89.86		-143.75		-73.85		-153.91		179.82		-146.48
5		U		-88.69		178.49		76.43		88.8		-138.68		-84.89		-157.23		167.46		-150.45
6		A		-63.95		173.53		59.76		99.09		-134.43		-79.1		-146.52		-172.97		-139.86
7		U		-78.27		173.31		69.74		89.42		-138.34		-81.06		-159.65		169.1		-152.2
8		A		-54.29		-179.27		58.23		104.11		-131.61		-77.56		-144.04		-164.12		-140.79
9		U		-84.12		176.7		64.28		97.87		-132.79		-83.84		-148.89		169.96		-148.84
10		G		-64.31		-178.97		74.96		95.46		-138.96		-80.23		-154.71		178.3		-150.22
11		G		-86.18		174.1		77.03		95.18		-134.86		-81.77		-159.73		-173.53		-150.92
12		G		-67.77		178.7		70.33		88.07		-144.4		-76.74		-164.65		-179.67		-152.43
13		C		-69.01		175.15		69.2		89.22		-138.19		-77.91		-160.23		-175.97		-144.09
14		G		-76.58		175.71		65.71		88.17		-143.05		-78.68		-158.6		176.3		-147.73
15		C		-90.07		172.29		75.44		89.09		-140.12		-78.37		-158.68		170.74		-146.2
16		A		-64.69		175.22		59.45		96.15		-137.83		-78.69		-149.75		-175.31		-144.67
17		C		-67.9		172.55		66.07		97.02		-133.69		-85.23		-153.23		177.6		-149.98
18		U		-55.46		177.64		58.49		108.35		-126.95		-84.56		-142.81		-162.15		-138.78
19		U		-72.37		176.14		63.15		100.64		-133.56		-80.92		-147.51		176.15		-135.6
20		C		-64.83		-179.73		60.05		98.38		-137.36		-75.85		-146.13		178.36		-150.33
21		G		-67.34		177.97		76.63		91.48		-139.21		-82.73		-158.7		-176.56		-154.0
22		G		-59.27		178.03		63.91		97.98		-137.07		-73.98		-153.03		-170.67		-156.94
23		U		-62.87		169.7		63.77		91.22		-138.39		-74.38		-157.25		175.88		-141.97
24		G		-66.14		175.04		64.1		84.39		-145.35		-67.01		-163.13		166.87		-142.53
25		C		-76.06		170.25		59.05		80.56		-144.36		-72.64		-167.73		159.69		-141.0
26		G		-64.75		174.02		58.42		80.57		-148.52		-74.04		-161.58		172.1		-147.67
27		G		-70.17		174.85		60.18		86.92		-140.5		-78.21		-159.09		175.46		-142.99
28		U		-63.51		169.99		56.69		87.15		-143.69		-76.13		-156.95		169.22		-149.27
29		A		-69.49		173.16		60.14		92.05		-136.55		-77.81		-156.48		175.27		-139.38
30		C		-66.88		176.48		57.06		87.1		-143.21		-81.31		-155.67		165.43		-153.98
31		A		-65.95		172.9		60.12		84.7		-141.88		-76.41		-162.02		173.73		-145.78
32		G		-59.7		174.86		65.38		89.26		-139.49		-79.43		-156.0		177.58		-149.23
33		G		-64.38		172.46		62.7		86.37		-142.97		-74.48		-163.16		175.21		-146.06
34		C		-63.56		177.38		57.19		90.05		-141.1		-73.51		-156.77		173.68		-142.22
35		U		-70.59		176.51		66.55		90.84		-139.04		-77.25		-158.28		173.98		-143.58
36		C		-77.27		178.34		65.79		91.8		-139.26		-79.38		-155.77		175.82		-146.45
37		C		-71.1		168.1		64.71		83.82		-142.56		-73.78		-163.22		171.72		-146.34
38		U		-68.79		177.36		63.57		93.4		-138.26		-87.42		-152.97		179.94		-155.7
