No.	   Seq		 Alpha		 Beta		Gamma		Delta		 Epsilon	 Zeta		  Chi		  Eta		 Theta

0		G		-67.02		171.91		66.08		83.82		-145.94		-76.51		-163.14		172.69		-145.27
1		G		-74.96		170.4		75.27		85.88		-145.82		-77.23		-165.77		175.45		-165.78
2		G		-64.06		169.42		58.73		78.37		-145.09		-72.82		-169.01		171.74		-143.24
3		U		-63.67		169.29		52.55		91.23		-141.54		-80.1		-150.64		-179.08		-153.69
4		C		-92.13		-177.9		90.52		86.48		-139.82		-80.5		-164.14		167.22		-160.84
5		A		-70.36		171.94		58.38		92.91		-140.91		-71.11		-153.17		-172.68		-136.49
6		G		-86.03		171.98		82.09		86.31		-141.21		-80.51		-165.95		169.24		-157.07
7		A		-56.25		170.36		56.44		104.61		-132.15		-65.46		-143.58		-162.14		-132.7
8		U		-100.49		176.11		80.17		98.14		-132.87		-80.56		-153.07		161.63		-145.37
9		C		-84.01		176.26		75.64		93.52		-141.26		-75.36		-156.74		172.1		-142.76
10		G		-96.7		169.64		79.51		83.91		-141.93		-74.56		-169.0		170.04		-150.42
11		G		-66.49		-177.85		63.92		84.24		-146.81		-77.62		-160.1		177.77		-153.97
12		C		-77.34		171.63		61.75		80.06		-141.89		-67.3		-167.93		168.82		-141.41
13		G		-81.59		177.06		90.57		89.51		-141.14		-76.8		-167.4		172.98		-151.02
14		A		-100.92		175.13		72.45		82.77		-143.08		-75.66		-166.13		166.03		-148.08
15		A		-70.87		171.51		69.99		92.14		-135.48		-74.26		-155.12		170.27		-151.93
16		A		-77.77		168.53		69.72		95.75		-131.25		-69.31		-156.86		164.08		-139.95
17		G		-62.6		172.21		73.98		96.74		-139.54		-74.35		-153.05		-179.3		-159.26
18		U		-75.83		173.74		74.27		100.06		-132.68		-80.25		-152.47		176.51		-155.43
19		C		-67.96		175.32		60.37		85.98		-145.06		-73.09		-160.41		166.64		-147.79
20		G		-62.02		-179.6		66.44		76.01		-146.79		-73.55		-175.67		169.51		-144.29
21		C		-63.14		168.92		48.23		81.85		-151.25		-66.72		-161.04		170.19		-144.67
22		C		-78.33		172.67		76.39		78.41		-147.68		-80.52		-165.79		164.8		-159.08
23		A		-66.69		174.44		62.32		86.36		-146.93		-66.3		-160.98		-175.88		-139.45
24		C		-80.4		160.44		65.04		81.29		-143.9		-68.66		-171.8		147.06		-142.57
25		U		-64.18		173.98		59.77		100.71		-135.5		-73.07		-147.56		-174.78		-162.0
26		U		-85.05		173.56		68.38		88.82		-137.84		-73.71		-162.88		155.3		-144.58
27		C		-59.97		161.23		54.66		90.11		-144.82		-64.06		-154.38		168.15		-154.02
28		G		-62.85		171.71		59.23		84.22		-139.65		-75.42		-166.24		176.08		-141.14
29		C		-59.37		174.97		59.26		89.35		-139.29		-78.94		-152.49		175.13		-148.46
30		C		-72.0		175.66		73.43		82.77		-142.64		-74.93		-164.13		179.44		-157.17
31		G		-66.71		168.49		84.24		87.65		-143.79		-86.77		-161.48		-172.96		-178.56
32		A		-67.71		167.97		57.31		80.23		-145.9		-71.79		-166.67		172.15		-149.83
33		G		-60.82		166.81		64.85		86.02		-143.0		-63.51		-157.85		165.17		-147.34
34		G		-87.51		171.12		78.57		87.24		-137.77		-86.62		-160.42		164.71		-160.36
35		A		-62.91		175.27		84.01		90.56		-141.91		-70.7		-164.45		179.65		-170.22
36		G		-62.3		164.86		75.01		86.21		-135.4		-70.41		-170.05		177.13		-140.1
37		U		-60.92		170.32		52.05		89.11		-140.24		-67.11		-156.52		172.51		-131.35
38		G		-90.44		173.42		80.0		83.05		-140.37		-77.36		-168.35		160.91		-143.07
39		C		-69.61		166.48		64.85		85.08		-141.1		-70.27		-159.67		174.9		-147.2
40		A		-93.42		174.22		87.2		85.73		-141.38		-79.29		-164.8		163.71		-161.35
41		A		-63.31		172.95		64.82		90.55		-134.52		-78.28		-156.82		-177.89		-143.38
42		U		-61.8		172.48		66.5		86.47		-135.54		-70.59		-163.13		160.56		-135.55
43		C		-62.58		176.09		62.08		86.09		-140.53		-70.02		-158.71		155.68		-135.71
44		U		-82.37		175.72		75.62		80.17		-141.21		-75.18		-170.0		143.83		-145.95
45		G		-52.64		176.29		53.32		84.76		-142.69		-74.22		-161.18		179.86		-151.08
46		U		-69.82		172.31		61.7		83.57		-137.11		-69.55		-168.02		172.28		-131.42
47		G		-68.04		174.91		65.07		84.4		-145.07		-73.82		-166.88		160.88		-143.8
48		A		-101.38		178.89		81.18		88.91		-136.53		-75.78		-165.88		168.08		-145.5
49		G		-61.96		162.58		65.75		81.71		-142.35		-74.63		-165.57		166.2		-151.93
50		G		-80.51		175.42		79.2		88.23		-141.26		-85.18		-161.66		173.12		-152.34
51		C		-69.31		172.81		57.55		80.34		-146.16		-70.54		-168.05		162.98		-137.28
52		C		-65.87		173.78		64.48		76.32		-146.55		-65.95		-168.28		165.96		-147.91
53		C		-67.88		178.55		58.45		82.14		-144.98		-75.38		-162.06		163.56		-156.99
54		C		-61.84		168.02		56.33		82.11		-144.94		-75.95		-161.09		164.03		-155.09
55		A		-60.52		177.12		61.38		94.86		-131.81		-83.02		-155.3		-169.88		-144.2
56		G		-64.74		172.56		82.41		85.92		-138.9		-72.79		-167.06		162.11		-154.69
57		G		-67.51		165.83		71.96		85.27		-138.25		-74.97		-167.63		164.99		-156.23
58		A		-65.22		171.58		65.34		91.38		-137.54		-73.92		-161.23		177.12		-140.96
59		G		-71.04		170.73		69.18		86.61		-138.8		-74.37		-161.69		171.78		-149.13
60		G		-80.9		178.8		82.71		89.98		-139.44		-80.41		-161.45		177.32		-157.26
61		A		-74.27		171.25		72.37		88.69		-140.37		-73.86		-160.26		172.53		-156.73
62		C		-63.26		171.76		66.95		79.15		-141.83		-70.56		-169.77		168.74		-144.89
63		U		-62.23		169.48		61.69		86.46		-138.71		-73.84		-163.06		175.55		-144.61
64		G		-75.39		173.01		62.89		87.45		-141.04		-77.18		-162.55		172.47		-145.59
65		G		-71.92		171.43		74.5		83.43		-143.22		-72.67		-167.28		169.22		-146.79
66		G		-69.94		169.5		58.75		84.74		-140.71		-72.69		-162.23		166.46		-146.57
67		U		-65.22		171.16		61.37		85.91		-143.45		-79.73		-161.82		169.79		-152.01
