No.	   Seq		 Alpha		 Beta		Gamma		Delta		 Epsilon	 Zeta		  Chi		  Eta		 Theta

0		C		-67.3		170.03		57.05		86.04		-149.73		-73.77		-164.04		167.91		-148.52
1		G		-71.66		175.22		65.81		85.66		-147.46		-75.77		-168.6		172.24		-149.92
2		C		-65.78		172.89		54.34		81.43		-147.73		-75.92		-161.14		174.91		-144.25
3		U		-67.69		171.89		60.82		84.62		-140.59		-73.39		-160.87		175.41		-141.99
4		G		-85.34		171.98		69.7		83.63		-142.04		-76.68		-165.73		162.76		-147.67
5		A		-93.74		172.42		79.83		86.13		-140.41		-76.87		-166.02		169.95		-157.35
6		A		-64.41		174.91		65.2		87.66		-135.72		-82.1		-157.04		172.3		-137.97
7		U		-62.78		173.82		60.57		93.87		-132.56		-83.22		-148.18		178.65		-127.63
8		U		-102.89		175.43		65.87		103.64		-127.87		-80.99		-148.31		151.56		-122.75
9		C		-122.22		179.09		74.57		94.55		-138.13		-76.88		-161.63		151.55		-146.41
10		C		-84.25		179.99		79.85		80.93		-145.29		-80.83		-167.93		170.36		-158.54
11		C		-61.65		172.77		54.89		79.24		-147.87		-79.83		-161.95		177.3		-155.57
12		U		-64.71		169.86		62.19		86.39		-139.95		-75.4		-159.08		178.94		-139.78
13		G		-97.99		170.96		74.98		89.62		-138.76		-86.58		-162.0		156.33		-153.92
14		A		-97.45		172.77		76.15		93.97		-134.23		-94.0		-160.02		163.86		-156.39
15		A		-86.53		178.69		86.36		100.82		-128.38		-89.93		-158.14		-179.71		-136.24
16		G		-88.75		172.55		92.36		97.84		-132.24		-77.51		-159.64		-178.1		-142.62
17		G		-92.18		175.12		68.41		100.23		-133.66		-79.23		-154.71		175.6		-138.42
18		G		-78.21		168.45		67.08		93.62		-138.45		-88.64		-157.03		178.33		-165.17
19		A		-118.15		177.44		89.62		106.3		-128.73		-96.94		-147.57		-170.9		-159.24
20		A		-73.79		168.09		75.76		98.1		-134.69		-77.9		-150.45		-178.59		-166.28
21		A		-87.28		-177.21		103.07		101.1		-130.17		-91.46		-150.2		-178.1		-146.95
22		C		-67.56		169.25		73.56		91.13		-136.34		-75.57		-163.83		175.08		-163.18
23		G		-75.95		177.34		74.0		85.36		-143.11		-72.57		-168.97		175.6		-146.94
24		G		-70.11		172.93		65.88		84.55		-149.73		-70.36		-167.13		178.46		-150.85
25		G		-73.53		175.88		78.9		87.6		-141.56		-79.23		-155.42		174.65		-158.97
26		G		-81.29		167.53		79.58		82.57		-141.44		-75.23		-165.82		170.77		-146.58
27		G		-82.19		164.65		76.19		89.11		-140.55		-75.17		-164.27		175.93		-162.81
28		A		-78.06		168.86		68.98		90.7		-138.91		-80.69		-164.37		177.69		-143.31
29		C		-72.54		170.33		65.35		89.55		-136.21		-75.69		-157.06		176.67		-136.75
30		C		-91.61		171.04		65.95		86.99		-136.5		-74.49		-162.17		164.75		-119.44
31		C		-90.74		172.64		67.34		98.35		-134.89		-74.71		-149.05		-160.71		-177.37
32		A		-115.56		-175.87		71.99		100.3		-134.52		-112.74		-148.79		-179.2		-170.07
33		A		-51.92		171.59		50.98		105.88		-126.84		-81.05		-144.73		-164.34		-158.83
34		U		-145.29		168.02		98.2		100.05		-127.06		-79.35		-153.27		157.52		-125.62
35		G		-101.53		173.24		109.58		93.29		-138.51		-70.27		-157.18		170.95		-154.42
36		G		-114.37		176.08		105.33		80.32		-143.42		-72.69		-176.3		161.12		-150.02
37		G		-64.96		165.64		51.28		82.43		-147.76		-70.83		-169.82		175.34		-138.31
38		G		-71.95		172.91		57.0		82.13		-143.38		-75.99		-166.61		171.97		-137.04
39		U		-69.17		169.25		53.31		91.46		-142.22		-65.8		-154.03		169.01		-131.6
40		G		-108.24		177.01		86.76		86.82		-139.96		-74.16		-163.78		158.26		-161.88
41		A		-92.57		173.55		65.78		90.59		-137.56		-86.05		-157.6		163.81		-150.93
42		A		-92.98		171.49		76.1		90.21		-132.92		-80.14		-162.27		167.84		-145.59
43		U		-64.42		170.28		68.0		90.46		-139.13		-75.98		-150.99		170.52		-142.07
44		C		-71.39		168.73		60.98		81.25		-143.97		-66.5		-163.49		153.97		-136.2
45		C		-72.49		174.14		59.2		79.08		-145.8		-72.6		-160.19		157.05		-134.05
46		C		-77.03		-177.38		69.11		85.44		-140.37		-88.19		-158.67		166.1		-158.38
47		A		-60.61		179.77		58.05		87.53		-144.08		-75.23		-156.48		176.43		-141.12
48		C		-99.87		167.27		81.25		79.37		-145.53		-69.95		-174.1		157.22		-140.33
49		G		-75.96		175.21		86.71		91.9		-137.39		-75.29		-157.42		178.24		-141.36
50		U		-100.6		177.94		91.39		99.25		-126.59		-92.91		-143.04		-176.52		-154.8
51		A		-88.18		174.39		79.47		113.74		-126.62		-117.22		-135.6		-164.09		-172.99
52		A		-78.04		171.64		73.47		107.89		-126.51		-101.28		-147.55		-161.56		-149.92
53		G		-64.6		177.4		89.56		96.3		-134.86		-67.25		-159.54		-172.75		-179.4
54		U		-64.04		169.74		64.39		86.99		-139.0		-70.85		-158.32		172.84		-134.16
55		G		-62.04		168.63		59.21		84.51		-151.41		-76.71		-158.37		179.62		-154.63
56		G		-69.01		168.49		66.56		80.57		-145.18		-80.29		-167.93		179.76		-141.68
57		G		-65.34		172.37		63.17		89.23		-149.03		-68.81		-158.15		-175.59		-165.71
58		U		-64.88		171.02		64.42		90.75		-137.14		-90.38		-150.35		168.07		-164.39
59		A		-57.58		169.12		62.92		98.68		-133.9		-82.5		-148.12		-168.34		-161.23
60		G		-76.91		170.35		72.95		88.03		-137.41		-78.9		-165.62		160.46		-140.0
61		G		-57.75		-178.23		61.02		88.51		-144.77		-71.94		-161.32		-170.11		-136.3
62		G		-77.25		-175.22		90.26		80.53		-142.72		-70.12		-175.88		170.48		-137.22
63		C		-58.9		176.59		54.77		89.91		-141.22		-70.66		-155.28		-170.88		-137.69
64		U		-71.83		170.32		66.71		82.62		-141.33		-79.14		-161.77		177.7		-143.18
65		A		-76.74		-177.48		64.78		107.75		-128.45		-95.66		-138.51		-159.84		-148.24
66		G		-88.89		173.35		80.19		83.98		-140.0		-63.61		-172.26		161.35		-139.56
67		U		-61.6		179.53		53.33		103.84		-127.27		-86.96		-139.77		-177.33		-121.59
68		C		-67.28		171.65		56.0		83.29		-142.34		-65.72		-162.47		159.82		-135.45
69		U		-59.65		179.55		57.5		95.85		-138.34		-72.16		-147.53		-174.06		-137.65
70		C		-63.88		170.85		51.77		83.28		-142.32		-65.21		-161.81		173.49		-134.06
71		U		-62.57		175.94		54.03		89.28		-138.4		-73.19		-150.49		169.96		-154.33
72		U		-63.83		169.72		55.46		95.8		-131.3		-85.65		-153.14		178.38		-152.12
73		U		-59.56		169.8		57.12		89.1		-138.67		-68.2		-154.72		156.29		-151.19
74		C		-69.64		167.75		58.26		81.14		-147.7		-71.53		-167.86		157.41		-134.78
75		G		-67.34		176.57		55.16		83.38		-143.97		-75.59		-160.79		163.92		-141.72
76		G		-59.19		170.84		66.22		78.98		-144.74		-72.75		-176.04		172.88		-146.82
77		C		-60.75		164.86		55.91		76.55		-152.82		-68.01		-164.99		167.05		-150.16
78		C		-67.69		172.65		59.78		77.57		-149.04		-75.14		-165.97		168.74		-141.75
79		C		-66.44		173.96		53.86		82.4		-147.74		-68.86		-157.72		168.89		-153.87
80		G		-70.97		169.25		71.74		89.25		-134.78		-90.26		-160.92		-178.89		-171.42
81		A		-56.58		167.21		60.29		95.61		-135.52		-64.71		-159.41		-165.89		-146.12
82		A		-65.63		165.15		59.61		88.48		-137.61		-71.28		-161.38		165.31		-128.27
83		C		-63.8		168.02		54.0		91.7		-139.04		-68.06		-149.24		174.45		-160.28
84		C		-65.25		-179.55		68.86		80.51		-145.3		-79.99		-163.98		171.48		-149.38
85		C		-62.22		169.35		60.88		89.54		-147.12		-78.85		-153.95		-174.39		-165.56
86		G		-60.3		174.73		65.43		87.45		-140.18		-74.82		-161.54		179.85		-159.23
87		U		-59.26		169.78		58.08		105.16		-125.97		-60.28		-144.25		-162.85		-166.65
88		C		-80.7		177.19		71.37		84.28		-142.1		-85.73		-160.4		161.77		-160.58
89		A		-56.89		170.56		59.45		98.08		-130.49		-71.87		-155.07		-173.12		-121.69
90		G		-99.65		175.76		78.88		84.13		-136.33		-75.53		-175.0		159.99		-147.84
91		C		-56.73		169.85		51.09		90.62		-140.65		-67.62		-149.71		-172.45		-150.84
92		U		-69.92		173.88		58.6		86.53		-140.23		-83.19		-153.04		171.69		-156.37
93		A		-65.53		164.86		56.93		91.44		-144.9		-75.19		-151.34		167.09		-147.07
94		A		-83.25		171.78		79.3		85.91		-139.25		-67.29		-166.45		158.65		-137.66
95		C		-61.36		175.03		61.07		80.02		-148.68		-71.4		-161.81		166.89		-143.77
96		C		-65.32		174.66		63.13		76.88		-146.05		-71.91		-169.9		168.05		-146.32
97		U		-54.22		167.69		48.11		83.25		-144.77		-69.81		-154.89		177.56		-136.68
98		C		-79.81		173.3		63.22		83.25		-142.18		-75.81		-161.42		156.17		-142.57
99		G		-59.62		174.26		55.24		84.84		-147.28		-75.63		-156.78		170.35		-151.83
100		U		-75.66		175.76		67.65		101.73		-130.15		-105.16		-144.8		-176.04		176.88
101		A		-65.98		174.98		85.99		89.85		-140.67		-78.68		-155.61		178.16		-165.08
102		A		-124.41		173.42		97.56		96.88		-135.56		-79.39		-154.94		171.21		-144.48
103		G		-64.32		171.92		73.23		89.35		-139.67		-75.13		-161.12		171.76		-147.5
104		C		-74.46		171.34		82.67		94.5		-134.9		-82.78		-155.39		-172.44		-156.98
105		G		-63.39		174.05		66.85		98.63		-138.43		-80.22		-150.01		-165.29		-172.45
106		U		-66.33		172.17		63.75		93.67		-137.78		-82.72		-149.08		-178.98		-144.14
107		G		-70.85		171.55		66.47		100.75		-134.12		-82.19		-147.29		-176.98		-166.55
108		G		-112.97		177.99		88.91		99.09		-132.12		-92.47		-150.26		172.3		-167.74
109		A		-87.87		-176.45		93.8		110.32		-131.11		-95.3		-140.04		-133.38		176.51
110		A		-70.11		168.32		92.57		96.28		-129.36		-82.57		-152.61		176.8		-157.83
111		A		-76.51		168.2		83.17		96.83		-134.18		-76.53		-154.17		-169.37		-149.89
112		G		-65.73		169.83		62.96		86.31		-141.78		-77.51		-161.75		167.79		-150.09
113		A		-60.35		177.39		56.59		95.36		-140.9		-69.84		-149.48		-175.9		-146.16
114		G		-71.92		177.35		72.63		88.47		-141.55		-76.29		-161.0		168.82		-147.06
115		G		-68.35		172.72		77.29		90.79		-142.32		-74.48		-160.01		177.5		-149.8
116		G		-72.12		174.57		60.76		87.63		-144.07		-79.43		-161.58		174.4		-149.86
117		A		-70.34		175.69		63.78		94.34		-140.08		-76.46		-152.03		177.95		-145.34
118		A		-76.52		169.14		66.1		81.36		-142.47		-75.97		-166.93		165.27		-141.13
