No.	   Seq		 Alpha		 Beta		Gamma		Delta		 Epsilon	 Zeta		  Chi		  Eta		 Theta

0		A		-71.17		172.47		61.55		92.09		-139.23		-83.24		-155.85		-179.74		-147.58
1		U		-71.55		168.34		57.27		86.18		-138.72		-77.99		-161.69		167.62		-155.36
2		C		-88.39		175.78		64.35		87.5		-140.81		-76.47		-164.02		157.6		-140.35
3		G		-84.53		179.6		68.28		80.97		-142.82		-81.45		-171.36		161.33		-144.26
4		C		-62.62		176.99		49.85		78.18		-146.91		-75.83		-162.1		171.06		-138.7
5		U		-70.47		174.54		56.88		88.1		-135.75		-76.62		-159.97		168.0		-127.74
6		G		-107.53		177.84		66.05		83.0		-146.72		-93.78		-161.06		142.91		-155.12
7		A		-113.59		173.27		74.29		85.41		-142.09		-88.54		-167.12		155.18		-162.33
8		A		-62.95		169.25		66.04		84.67		-135.56		-78.7		-164.34		167.69		-134.36
9		C		-101.42		-179.36		73.84		81.69		-141.53		-81.56		-165.87		153.63		-141.37
10		G		-82.84		177.49		71.31		94.44		-136.36		-74.35		-166.02		175.22		-139.05
11		C		-74.66		174.03		57.57		81.21		-148.79		-76.15		-171.04		170.69		-154.36
12		G		-65.3		171.84		76.1		78.83		-146.14		-71.27		-176.62		179.83		-157.43
13		G		-109.8		176.09		83.3		96.44		-136.34		-79.97		-162.91		177.52		-144.02
14		G		-70.05		175.91		85.6		95.91		-134.34		-76.23		-157.94		-175.51		-155.56
15		G		-124.05		174.89		123.12		100.81		-133.01		-83.84		-161.55		174.96		-161.25
16		G		-75.54		157.82		62.19		108.07		-130.95		-138.62		-148.41		-174.9		162.55
17		A		-95.15		167.95		93.66		107.66		-123.16		-55.79		-146.21		-163.37		-133.86
18		C		-69.29		165.68		58.75		91.27		-140.94		-80.73		-147.01		178.52		-142.93
19		C		-166.55		-177.13		92.83		104.87		-125.03		-125.42		-144.11		-160.68		138.69
20		C		-65.1		171.01		62.68		87.73		-143.46		-77.74		-168.59		-146.9		-157.96
21		A		-71.98		169.02		60.31		98.77		-133.11		-83.47		-143.79		177.37		-171.92
22		G		-58.88		176.03		100.43		97.12		-133.62		-70.14		-155.04		173.91		-149.75
23		G		-144.27		168.29		125.15		89.77		-132.2		-74.91		-164.09		168.12		-146.47
24		G		-83.41		168.1		109.64		83.41		-141.71		-74.77		-173.8		166.33		-152.1
25		G		-80.19		170.35		77.79		75.3		-148.45		-72.66		176.9		158.41		-149.5
26		G		-75.56		170.74		64.0		78.19		-147.42		-74.4		-177.59		167.84		-145.86
27		C		-68.24		166.48		46.45		71.4		-156.03		-68.19		-161.98		161.33		-134.53
28		G		-87.95		175.6		63.83		85.9		-134.22		-78.54		-159.99		173.41		-144.85
29		A		-166.12		176.05		71.19		88.13		-130.51		-76.05		-174.54		125.53		-148.02
30		A		-61.27		170.16		51.77		90.07		-135.62		-66.4		-159.03		163.91		-131.7
31		U		-72.75		168.95		58.54		86.26		-135.87		-71.77		-164.59		160.3		-117.36
32		C		-78.36		165.38		52.18		85.71		-145.25		-49.32		-154.57		139.41		-136.65
33		U		-73.71		173.0		66.12		75.61		-144.78		-69.54		-164.03		156.12		-134.31
34		C		-64.7		169.2		47.76		78.93		-148.05		-74.63		-157.88		163.87		-142.65
35		U		-56.61		173.83		61.11		75.81		-142.72		-70.06		-173.07		142.95		-135.03
36		U		-84.22		-173.47		76.6		84.23		-143.19		-71.57		-157.57		162.62		-136.63
37		C		-87.21		175.24		62.82		77.6		-147.43		-73.16		-164.07		143.56		-143.82
38		C		-79.81		172.62		66.41		73.55		-145.36		-68.68		-173.8		157.93		-133.39
39		G		-103.8		171.45		106.31		85.0		-134.02		-87.24		-167.51		-174.68		-145.62
40		A		-159.68		172.09		115.04		105.14		-124.41		-123.25		-139.61		-117.22		167.52
41		A		-116.73		170.77		119.03		100.42		-128.25		-137.52		-143.92		-169.8		146.89
42		A		-45.14		167.66		73.39		114.04		-108.68		172.56		-115.61		-160.0		61.52
43		G		131.74		171.32		137.63		106.49		-127.35		-79.31		-156.15		-131.93		142.33
44		G		17.44		172.75		96.57		112.58		-122.19		-104.76		-138.06		-91.07		-171.2
45		A		-57.22		170.2		65.98		78.3		-143.23		-75.71		-166.76		-179.44		-155.43
46		A		-70.58		156.57		64.24		99.0		-130.32		-86.18		-144.96		-166.24		-157.28
47		G		-101.46		161.23		84.75		93.71		-143.21		-81.06		-154.37		165.45		-169.86
48		A		-74.96		-165.34		94.9		91.84		-155.13		-84.76		-150.5		-172.1		-161.05
49		G		-63.48		164.26		87.21		92.89		-130.36		-101.57		-157.18		-174.28		-165.09
50		U		-61.44		178.33		90.47		104.05		-130.67		-130.54		-145.09		-169.75		151.79
51		A		-33.39		-174.68		85.15		90.44		-139.18		-70.62		-163.45		-125.62		-152.94
52		G		-110.48		178.61		81.83		86.98		-145.55		-64.53		-177.42		-176.38		-130.06
53		G		-84.76		175.33		63.08		85.15		-139.73		-75.52		-166.89		177.99		-135.92
54		G		-63.43		175.79		79.49		79.71		-139.45		-71.44		-170.01		-155.69		-132.74
55		U		-65.76		172.63		52.53		99.24		-136.1		-69.5		-143.51		-178.78		-122.66
56		U		-96.21		-179.86		62.9		110.85		-132.71		-70.77		-148.2		-154.66		170.2
57		A		-90.47		-179.39		53.1		102.11		-122.88		-89.8		-149.51		176.84		-102.85
58		C		-82.85		175.61		55.59		93.61		-136.35		-48.77		-157.29		125.91		-121.18
59		U		-60.32		-173.32		58.78		95.17		-135.6		-70.73		-147.61		-177.9		-116.76
60		C		-64.69		179.72		46.13		89.76		-152.75		-64.72		-160.99		179.42		-137.7
61		C		-82.42		179.22		61.09		81.85		-142.63		-70.25		-167.2		157.44		-137.88
62		U		-55.16		171.75		43.86		92.36		-136.44		-77.76		-149.06		-178.44		-147.55
63		U		-49.73		175.02		47.44		86.64		-135.17		-67.45		-153.14		153.57		-143.88
64		C		-68.37		154.0		46.53		81.77		-149.35		-63.44		-165.87		146.67		-119.91
65		G		-67.09		175.25		53.77		83.86		-147.42		-94.15		-159.46		162.55		-155.45
66		A		-59.17		171.21		50.29		84.57		-146.0		-79.21		-164.67		171.25		-140.08
67		C		-51.79		162.54		53.39		79.41		-148.7		-62.83		-167.77		160.67		-144.72
68		C		-55.53		167.82		47.74		84.75		-146.02		-72.44		-156.79		178.62		-126.4
69		C		-67.97		174.46		56.74		75.41		-153.84		-71.33		-163.91		165.08		-158.99
70		G		-61.77		162.39		52.08		85.8		-141.71		-120.51		-151.49		174.83		164.37
71		A		-52.77		166.7		54.18		94.79		-138.92		-62.61		-169.13		-170.57		-139.61
72		G		-55.78		159.94		64.14		79.72		-146.48		-68.37		-172.25		153.09		-123.25
73		C		-76.98		178.62		66.83		89.69		-141.34		-60.43		-156.29		176.39		-150.2
74		C		-60.21		167.81		57.28		69.36		-154.44		-74.12		-168.73		171.68		-146.79
75		C		-57.2		167.16		55.99		75.4		-156.57		-72.16		-165.47		-178.75		-157.76
76		G		-57.81		166.35		53.11		87.36		-148.2		-74.22		-159.19		175.31		-146.2
77		U		-66.09		-179.46		59.41		118.07		-122.26		92.87		-130.93		-167.78		179.5
78		C		-152.08		-165.11		139.67		96.68		-131.28		-96.22		-161.41		169.56		163.41
79		A		-51.21		172.19		48.84		96.8		-132.07		-63.01		-156.89		-169.16		-119.58
80		G		-81.17		173.77		66.27		84.03		-136.26		-83.37		-177.22		171.02		-145.68
81		C		-48.83		177.33		49.18		95.11		-138.62		-58.4		-145.02		-170.33		-149.75
82		U		-78.15		176.44		67.71		83.04		-139.55		-77.84		-158.89		166.07		-154.19
83		A		-65.79		163.17		56.71		92.23		-144.49		-70.59		-149.43		173.96		-143.48
84		A		-132.34		177.3		85.22		87.24		-135.47		-66.49		-167.7		150.37		-132.97
85		C		-63.0		-174.43		62.02		76.3		-149.53		-71.76		-168.69		159.0		-138.51
86		C		-64.93		172.73		59.95		74.61		-149.44		-71.3		-170.78		157.34		-147.26
87		U		-58.55		166.87		48.24		81.65		-151.18		-72.97		-155.77		167.16		-149.28
88		C		-72.73		171.06		55.64		79.23		-142.28		-75.98		-161.71		159.68		-132.63
89		G		-64.7		-175.46		53.42		80.96		-148.04		-75.17		-161.43		163.56		-140.47
90		C		-79.8		-176.91		71.24		102.19		-130.7		-114.98		-145.67		-176.46		150.1
91		A		-58.43		176.43		73.56		87.14		-140.61		-81.4		-158.22		-177.43		-174.32
92		A		-72.01		170.48		77.73		91.26		-139.34		-68.12		-156.34		167.42		-149.9
93		G		-56.28		168.12		61.42		89.1		-137.5		-76.2		-155.6		173.71		-127.34
94		C		-121.94		172.81		105.68		86.16		-139.21		-73.95		-166.05		168.1		-145.21
95		G		-68.01		173.61		73.64		95.89		-135.56		-77.02		-154.61		-164.86		-178.71
96		U		-66.09		171.66		57.97		87.22		-146.73		-75.97		-152.52		174.51		-155.03
97		C		-65.67		174.0		55.31		94.34		-141.1		-80.29		-146.09		177.24		-154.58
98		C		-140.92		-178.34		80.44		93.67		-137.19		-88.49		-150.04		159.07		-170.26
99		G		-108.75		-166.93		129.15		105.38		-136.58		-102.25		-146.23		-162.36		167.81
100		A		168.8		170.64		115.58		104.12		-124.85		154.3		-143.65		-168.9		143.77
101		A		-64.52		162.34		92.15		91.31		-135.62		-69.9		-161.74		173.9		-141.91
102		G		-76.28		171.76		67.33		92.48		-134.06		-76.2		-157.28		166.97		-146.48
103		G		-73.42		178.16		67.55		91.68		-143.09		-71.29		-158.37		173.25		-157.87
104		A		-80.62		176.26		75.07		93.43		-137.58		-67.83		-153.64		170.46		-143.62
105		G		-75.2		159.16		74.04		89.65		-138.4		-72.61		-159.87		167.77		-147.53
106		A		-69.24		170.71		53.58		93.2		-140.82		-75.97		-154.94		-179.97		-148.39
107		A		-98.49		174.42		72.19		97.2		-135.32		-72.18		-150.1		165.03		-142.08
108		A		-78.94		171.23		73.04		82.05		-143.41		-77.52		-164.38		162.54		-142.39
109		A		-71.51		170.9		80.63		89.99		-138.64		-74.59		-156.47		166.77		-151.6
