No.	   Seq		 Alpha		 Beta		Gamma		Delta		 Epsilon	 Zeta		  Chi		  Eta		 Theta

0		G		-67.05		171.32		64.0		92.97		-141.66		-82.64		-152.02		-178.23		-157.47
1		G		-73.0		172.22		63.58		84.25		-141.74		-76.71		-165.56		168.0		-143.81
2		C		-67.36		174.3		66.9		89.49		-144.89		-71.09		-159.72		175.14		-143.99
3		G		-74.06		176.5		68.48		84.99		-143.17		-81.74		-163.58		170.74		-150.7
4		C		-65.01		171.53		60.9		84.36		-148.0		-70.24		-160.43		171.61		-143.53
5		U		-74.72		169.12		63.62		80.81		-144.97		-77.18		-164.87		168.48		-147.17
6		G		-64.11		176.64		60.84		93.01		-143.65		-70.93		-150.89		178.43		-139.44
7		U		-82.72		169.42		65.48		84.45		-141.9		-77.4		-163.31		161.66		-147.91
8		G		-64.59		173.81		59.26		102.8		-133.81		-85.52		-143.95		-171.88		-158.16
9		U		-85.91		-179.91		68.22		89.51		-136.73		-78.73		-161.08		170.83		-141.47
10		C		-65.7		176.0		54.96		88.86		-145.15		-70.39		-155.09		169.59		-142.57
11		G		-88.47		173.61		67.11		79.57		-143.53		-75.66		-170.27		160.46		-143.73
12		C		-64.23		175.31		59.15		85.66		-146.55		-74.97		-153.92		-177.75		-149.84
13		A		-96.24		174.47		82.31		86.79		-139.73		-81.72		-159.94		171.28		-151.68
14		A		-61.06		170.24		61.41		102.9		-131.92		-76.38		-142.95		-170.33		-135.96
15		U		-99.44		168.8		81.76		100.02		-128.31		-88.14		-153.92		169.49		-146.36
16		C		-64.78		177.53		68.87		97.81		-134.52		-77.41		-146.58		178.82		-146.73
17		U		-70.57		171.76		67.58		95.74		-134.81		-79.67		-154.28		175.83		-146.92
18		G		-63.79		177.58		62.1		100.58		-135.57		-84.35		-146.8		-171.19		-161.55
19		C		-74.9		172.73		68.44		93.84		-134.96		-85.26		-155.79		179.5		-148.12
20		G		-68.9		-179.29		74.75		95.93		-139.47		-76.68		-154.74		-179.19		-163.52
21		A		-92.1		174.31		97.59		85.83		-142.26		-83.59		-168.08		175.28		-162.75
22		A		-59.68		167.92		62.9		88.72		-142.61		-66.51		-158.28		177.77		-155.65
23		G		-74.52		168.33		82.65		79.42		-143.02		-80.01		-168.64		167.57		-149.79
24		G		-61.22		172.08		60.34		88.3		-144.98		-65.29		-157.85		171.72		-154.64
25		G		-65.3		173.73		64.9		82.99		-142.25		-74.87		-168.83		172.72		-146.59
26		C		-61.88		175.06		59.11		84.29		-145.63		-74.92		-161.52		172.33		-148.9
27		G		-60.73		168.9		56.09		83.32		-141.38		-76.2		-161.65		172.24		-141.78
28		U		-59.39		179.45		56.92		94.86		-136.43		-82.7		-148.66		-169.07		-151.62
29		C		-75.59		173.33		68.06		91.34		-134.28		-73.16		-160.92		165.56		-148.6
30		G		-60.57		176.57		56.28		98.19		-134.45		-84.98		-150.6		-178.13		-157.59
31		U		-63.77		174.95		57.75		94.19		-132.37		-81.7		-153.25		179.87		-147.08
32		C		-56.63		168.94		52.8		91.95		-138.26		-72.03		-152.35		177.59		-144.57
33		G		-67.41		179.02		61.05		84.14		-142.95		-75.22		-164.67		167.47		-151.09
34		G		-65.54		173.3		53.67		88.53		-142.3		-78.37		-158.35		170.12		-136.5
35		C		-64.31		173.7		55.46		82.62		-140.76		-74.64		-161.45		166.05		-149.03
36		C		-55.82		170.04		53.41		84.33		-144.9		-71.45		-161.29		176.11		-132.74
37		C		-74.43		169.38		50.5		86.7		-144.11		-73.4		-159.71		164.47		-147.29
38		A		-69.31		167.96		55.9		94.19		-137.85		-80.1		-154.26		172.17		-156.52
39		A		-64.06		166.93		57.93		94.77		-131.68		-82.38		-152.17		175.71		-159.67
40		G		-54.11		170.76		61.83		88.73		-140.23		-77.15		-160.58		172.43		-149.03
41		C		-60.84		170.33		54.64		95.35		-135.83		-67.42		-150.58		175.52		-134.27
42		G		-69.54		177.82		75.36		87.94		-138.36		-86.44		-161.0		176.15		-156.21
43		G		-55.43		169.99		61.26		95.17		-133.23		-63.82		-152.51		-163.8		-163.88
44		U		-59.71		161.7		55.23		91.95		-137.41		-72.92		-154.01		179.15		-143.04
45		A		-73.78		173.59		62.34		104.45		-125.84		-70.05		-141.6		-162.87		-135.98
46		G		-74.65		164.66		73.51		83.73		-140.75		-69.98		-164.3		166.25		-156.09
47		U		-63.39		167.66		55.11		97.85		-136.88		-85.26		-143.83		-174.46		170.0
48		A		-65.38		170.07		71.52		96.58		-134.24		-80.4		-155.96		-165.11		-160.18
49		A		-67.69		172.3		62.05		99.01		-133.35		-69.96		-144.45		-178.02		-141.22
50		G		-71.64		179.07		80.07		98.36		-131.75		-89.75		-148.89		-175.73		177.42
51		C		-62.19		173.49		65.33		89.77		-136.75		-83.11		-152.29		174.3		-157.48
52		A		-62.15		172.81		62.2		91.94		-140.98		-73.53		-157.54		-174.23		-153.17
53		G		-57.01		173.6		56.27		93.38		-139.71		-73.24		-153.27		-162.37		-147.36
54		G		-71.23		172.23		63.77		91.8		-138.96		-72.95		-157.92		-176.86		-148.53
55		G		-82.62		175.49		66.3		98.42		-128.95		-83.65		-145.29		-167.52		-169.24
56		A		-68.44		167.33		58.92		97.33		-132.62		-72.24		-149.74		-173.88		-141.25
57		A		-69.65		170.7		52.41		99.87		-136.18		-69.24		-146.13		-169.87		-170.51
58		C		-67.68		176.58		60.08		99.83		-137.25		-80.01		-145.06		-171.71		-164.61
59		U		-65.05		174.02		49.13		98.15		-133.01		-62.3		-145.34		-164.08		-133.12
60		C		-75.82		171.3		57.26		96.58		-139.09		-62.06		-148.11		168.7		-164.46
61		A		-64.78		167.27		49.74		94.26		-141.72		-63.15		-151.01		-176.2		-144.67
62		C		-66.7		172.52		56.99		87.4		-145.2		-80.26		-154.46		175.19		-162.42
63		C		-63.03		164.92		50.92		84.1		-149.18		-63.67		-154.52		175.13		-145.68
64		U		-61.65		170.18		50.09		90.31		-139.3		-70.29		-148.95		175.54		-144.18
65		C		-75.03		170.26		54.52		93.72		-137.2		-65.65		-149.16		167.93		-143.02
66		C		-74.15		168.51		54.89		89.6		-139.81		-72.28		-152.13		162.85		-150.06
67		A		-70.33		172.44		65.7		94.73		-139.58		-76.81		-152.33		-171.91		-161.58
68		A		-68.16		166.52		53.11		95.21		-133.43		-61.45		-150.57		-179.21		-140.95
69		U		-65.24		168.06		56.34		97.23		-136.82		-66.75		-142.37		178.3		-141.44
70		G		-76.48		176.22		62.55		103.16		-126.62		-86.93		-141.55		-178.58		-146.97
71		A		-83.14		168.47		71.13		97.44		-142.29		-71.6		-151.1		-167.77		-167.65
72		A		-72.1		173.18		63.85		103.25		-135.92		-72.87		-142.25		-174.79		-170.15
73		A		-64.1		166.6		55.63		88.05		-147.31		-60.56		-154.45		179.81		-139.33
74		C		-68.68		164.83		54.27		82.6		-148.64		-66.02		-156.26		166.14		-150.63
75		A		-68.57		169.65		56.52		89.49		-147.96		-67.55		-154.22		-170.01		-147.26
76		C		-73.75		170.38		62.57		83.16		-150.55		-77.96		-153.22		173.27		-162.5
77		A		-64.74		171.09		61.06		93.75		-145.05		-61.58		-145.64		-177.71		-162.54
78		U		-66.32		164.76		62.98		105.71		-127.56		-77.87		-140.96		-163.32		-127.0
79		U		-78.18		176.13		75.9		107.16		-136.41		-82.02		-145.19		-168.67		170.19
80		G		-70.58		167.62		57.28		106.15		-132.46		-74.74		-142.16		-141.02		-138.01
81		U		-67.81		177.69		53.62		99.47		-145.07		-66.66		-139.31		-177.76		-140.19
82		C		-77.78		173.64		75.12		100.53		-138.95		-74.11		-147.48		-144.51		-160.31
83		G		-67.84		178.58		75.26		102.31		-144.35		-74.5		-149.27		-152.76		174.28
84		U		-67.99		171.78		54.93		97.42		-141.7		-65.19		-149.23		-162.91		-161.66
85		A		-70.54		170.12		66.17		90.39		-145.28		-65.89		-156.32		179.97		-136.64
86		G		-76.95		173.18		63.85		94.1		-141.59		-74.93		-146.56		179.89		-152.07
87		C		-71.87		176.95		56.96		89.05		-154.55		-71.26		-151.42		171.49		-161.74
88		A		-66.67		169.6		54.03		103.68		-141.79		-67.99		-142.82		-167.8		-147.6
89		G		-62.3		172.23		56.15		105.49		-137.17		-69.1		-140.92		-162.97		-155.99
90		U		-60.54		170.67		56.14		102.34		-131.32		-70.58		-144.59		-163.17		-145.68
91		U		-63.12		166.73		47.93		106.59		-133.61		-70.94		-132.46		178.84		-148.15
92		G		-85.31		173.23		66.57		96.6		-140.81		-76.87		-149.89		169.37		-164.77
93		A		-59.65		177.39		62.01		94.93		-143.39		-68.17		-151.67		-166.91		-147.98
94		C		-61.08		173.08		57.17		91.97		-140.95		-73.96		-146.6		174.97		-155.38
95		U		-62.82		175.53		59.63		105.19		-131.24		-83.3		-136.23		-165.1		-147.86
96		A		-72.23		165.26		60.14		94.51		-140.47		-59.01		-152.7		176.1		-139.69
97		C		-64.2		168.13		64.06		88.02		-152.22		-65.93		-152.64		173.82		-162.69
98		U		-65.95		177.1		59.22		83.99		-149.79		-70.74		-154.34		178.63		-147.73
99		G		-62.07		165.47		57.94		89.51		-146.69		-72.35		-152.11		175.46		-151.81
100		U		-59.42		163.06		53.59		90.94		-146.76		-58.02		-149.09		-174.09		-144.43
101		U		-67.52		170.73		61.52		97.88		-137.47		-89.45		-144.13		168.24		-163.16
102		A		-63.47		174.51		55.21		99.71		-133.85		-74.71		-145.93		-175.99		-148.54
103		U		-58.12		169.85		65.04		94.48		-139.48		-77.97		-152.11		178.85		-152.45
104		G		-56.67		179.34		56.17		97.18		-141.14		-75.31		-141.81		-167.85		-147.05
105		U		-63.23		174.78		55.81		90.4		-145.85		-66.17		-148.56		175.57		-150.75
106		G		-68.84		171.84		80.57		100.72		-134.38		-77.72		-149.19		-170.39		-167.4
107		A		-61.68		174.5		62.72		97.2		-137.56		-82.37		-151.73		-168.56		-161.45
108		U		-59.53		178.66		60.38		94.14		-142.02		-73.81		-149.34		-174.75		-148.04
109		U		-64.18		165.05		55.0		93.52		-128.69		-74.53		-146.18		177.13		-123.46
110		G		-71.19		175.57		64.71		92.12		-144.97		-69.15		-158.01		171.58		-155.68
111		G		-59.74		169.9		51.99		96.1		-142.95		-76.26		-149.78		-173.7		-153.75
112		U		-55.32		179.09		49.44		98.24		-143.79		-67.74		-144.8		-170.12		-149.68
113		A		-70.29		175.84		73.2		101.72		-132.5		-76.03		-145.81		-177.64		-149.49
114		G		-69.12		170.84		72.72		93.72		-136.31		-78.32		-155.22		-175.91		-164.92
115		A		-58.37		172.09		59.19		91.49		-140.66		-78.95		-153.79		176.42		-155.59
116		G		-63.32		178.11		62.43		95.92		-135.39		-79.02		-151.19		-170.37		-141.77
117		G		-55.17		169.07		61.0		93.04		-136.41		-75.92		-153.26		-178.96		-135.12
118		C		-56.7		177.56		52.51		96.2		-132.59		-54.36		-148.76		-166.33		-128.65
119		U		-62.87		170.65		52.85		94.01		-139.14		-87.37		-147.69		175.01		-149.33
120		A		-61.24		174.85		51.36		102.34		-133.65		-71.05		-141.23		-176.68		-152.65
121		A		-67.19		165.63		69.67		87.0		-140.55		-75.6		-162.33		174.36		-150.06
122		G		-58.85		172.48		71.97		94.7		-140.88		-74.17		-146.97		-179.41		-149.52
123		U		-63.46		174.12		55.24		96.03		-135.45		-80.22		-149.15		175.73		-149.78
124		G		-59.42		169.74		58.9		93.26		-142.02		-72.88		-157.09		-177.76		-152.59
125		A		-59.8		174.88		55.35		93.5		-138.6		-81.1		-154.27		-178.22		-140.68
126		C		-59.16		172.74		54.59		84.91		-150.02		-67.38		-156.97		168.35		-142.69
127		G		-61.08		174.55		67.2		86.6		-139.52		-75.67		-165.54		-178.05		-143.22
128		G		-61.77		168.94		54.97		89.73		-145.91		-62.53		-153.9		178.0		-147.37
129		U		-70.15		171.22		74.17		90.64		-138.23		-87.22		-158.43		179.57		-161.6
130		A		-55.87		168.15		53.59		104.37		-128.48		-73.52		-139.99		-168.57		-138.06
131		U		-55.84		169.43		60.44		96.86		-128.8		-68.84		-150.73		177.95		-151.45
132		U		-54.74		167.95		58.63		100.01		-130.62		-81.29		-140.27		-177.45		-144.55
133		G		-74.1		174.63		68.64		93.88		-138.18		-90.84		-157.74		173.18		-158.55
134		G		-52.19		-175.82		64.26		94.93		-139.07		-69.36		-155.89		-164.06		-153.06
135		C		-56.2		173.98		60.69		82.23		-144.84		-72.2		-165.86		176.25		-138.89
136		G		-64.03		176.82		65.48		96.09		-140.59		-75.47		-147.05		-177.65		-169.15
137		U		-81.22		172.81		72.33		90.3		-135.99		-87.9		-156.47		176.28		-154.64
138		A		-56.6		166.97		57.92		95.27		-137.01		-77.74		-149.07		-179.31		-159.55
139		A		-89.7		175.43		74.61		92.7		-134.22		-80.32		-163.5		169.89		-132.01
140		G		-64.34		178.8		68.86		96.38		-137.31		-82.43		-152.92		177.81		-151.24
141		C		-74.85		177.13		63.99		83.66		-138.92		-72.21		-165.55		172.31		-135.67
142		C		-58.42		172.98		52.77		87.32		-144.74		-75.2		-153.18		178.53		-148.29
143		A		-81.64		177.8		71.21		93.68		-135.43		-89.14		-155.48		177.42		-146.69
144		A		-62.01		171.85		58.5		100.12		-133.58		-72.32		-143.59		177.94		-154.43
145		U		-102.93		172.17		103.06		90.8		-132.53		-81.9		-161.6		163.79		-156.56
146		A		-59.79		179.53		67.35		101.33		-136.95		-65.62		-149.72		-178.95		-149.38
147		C		-78.7		173.1		64.63		85.99		-139.79		-72.01		-166.76		167.42		-145.84
148		C		-61.16		176.4		53.06		89.84		-143.32		-76.46		-153.92		178.52		-152.66
149		G		-68.5		176.06		65.66		79.53		-144.4		-73.3		-168.89		169.28		-146.63
150		C		-64.6		167.46		58.69		85.05		-149.33		-73.56		-156.64		171.54		-154.0
151		A		-76.76		173.37		76.19		84.25		-142.0		-65.13		-169.53		172.11		-145.29
152		G		-78.33		177.43		71.43		90.16		-142.16		-81.55		-158.64		173.57		-152.04
153		C		-80.08		170.24		68.44		77.77		-145.35		-74.44		-174.3		163.53		-147.82
154		A		-71.65		167.15		66.85		98.37		-136.8		-70.36		-152.05		-177.46		-143.6
155		C		-82.11		170.98		64.89		81.84		-143.28		-80.79		-163.58		161.89		-154.85
156		A		-59.27		171.75		51.92		100.55		-134.9		-80.34		-139.62		-170.57		-151.21
157		G		-97.34		176.98		79.62		97.53		-133.69		-85.42		-160.02		-179.28		-140.73
158		C		-67.83		-174.47		69.36		99.05		-140.26		-76.19		-150.17		179.82		-152.36
159		A		-80.98		179.39		73.76		91.56		-136.97		-72.57		-162.64		176.08		-140.69
160		C		-70.3		173.22		62.67		98.46		-138.17		-84.18		-147.89		174.93		-167.99
161		A		-73.74		169.95		66.1		87.74		-141.0		-80.53		-161.69		174.42		-145.76
162		A		-69.35		166.6		57.61		94.57		-137.74		-71.79		-151.15		178.41		-136.38
163		G		-75.45		172.0		73.42		87.22		-140.5		-78.15		-163.39		169.56		-147.16
164		C		-65.7		173.74		64.05		91.68		-141.16		-75.62		-154.51		179.34		-157.77
165		C		-72.81		175.85		65.83		81.87		-143.15		-78.59		-163.74		171.18		-142.68
166		C		-67.99		174.73		61.62		89.94		-145.97		-77.03		-156.01		176.6		-151.84
167		G		-77.49		171.65		76.66		81.38		-141.85		-75.77		-167.2		165.83		-143.67
168		C		-69.35		168.09		64.81		91.17		-140.77		-76.79		-155.47		178.56		-149.22
169		U		-73.73		171.12		73.46		89.71		-139.84		-82.01		-159.17		172.19		-141.96
170		U		-70.54		172.21		58.82		100.07		-136.57		-82.95		-146.95		-177.91		-155.29
171		G		-93.78		179.58		87.37		91.86		-139.17		-82.02		-164.2		173.86		-151.3
172		C		-66.93		173.52		59.77		90.94		-140.05		-68.93		-154.49		174.82		-142.97
173		G		-86.83		-177.42		89.67		89.09		-138.03		-87.2		-160.44		177.49		-157.43
174		A		-79.48		175.76		65.33		101.34		-133.98		-79.52		-148.56		-171.39		-140.01
175		G		-106.43		171.87		93.64		83.34		-141.42		-76.73		-167.38		159.48		-146.1
176		A		-69.66		179.88		68.25		98.07		-135.39		-83.28		-150.27		-176.18		-137.89
177		U		-79.54		171.84		68.48		90.35		-134.58		-72.15		-159.6		161.3		-142.07
178		U		-66.27		170.81		58.86		99.64		-135.54		-86.26		-146.05		178.64		-156.3
179		A		-85.92		178.4		70.18		91.78		-139.39		-81.99		-155.1		166.59		-146.74
180		C		-67.85		170.52		61.57		84.58		-143.07		-78.66		-158.92		162.63		-147.04
181		A		-84.29		-173.34		92.27		94.5		-134.59		-87.02		-156.94		-178.07		-156.29
182		G		-65.85		174.74		68.74		88.13		-140.9		-79.94		-159.0		172.85		-149.34
183		C		-77.93		176.77		80.21		85.81		-141.97		-80.09		-162.73		171.4		-147.32
184		G		-70.97		174.68		68.37		91.14		-140.33		-80.91		-159.48		-179.49		-143.5
185		C		-81.62		174.35		71.11		87.9		-141.63		-79.43		-160.74		170.91		-151.29
