No.	   Seq		 Alpha		 Beta		Gamma		Delta		 Epsilon	 Zeta		  Chi		  Eta		 Theta

0		G		-88.53		174.46		71.06		85.88		-144.01		-82.01		-162.47		169.07		-144.91
1		G		-84.75		-178.93		80.71		82.36		-147.38		-77.14		-168.56		169.2		-146.59
2		U		-84.19		176.44		69.76		95.08		-140.14		-81.25		-157.69		177.96		-146.69
3		G		-119.23		-176.38		97.15		88.47		-140.57		-85.49		-164.24		164.59		-154.61
4		A		-101.1		177.15		76.57		91.85		-138.29		-81.09		-160.78		175.15		-136.91
5		G		-94.97		-179.19		83.43		90.23		-138.67		-78.12		-163.21		171.7		-145.37
6		C		-79.17		-177.28		72.84		87.93		-141.54		-79.69		-160.73		176.17		-143.03
7		G		-103.15		178.69		77.48		99.48		-131.2		-81.46		-150.4		-174.17		-142.6
8		U		-96.69		176.64		72.46		98.99		-135.09		-93.97		-150.0		172.27		-154.02
9		A		-110.27		-176.98		89.29		102.43		-130.27		-84.12		-149.98		-172.38		-140.59
10		G		-145.17		-179.66		94.88		87.02		-139.73		-82.35		-166.93		162.55		-146.05
11		C		-83.8		174.29		64.74		86.02		-141.82		-73.99		-161.55		173.44		-138.83
12		U		-95.32		179.31		78.24		86.55		-139.75		-78.16		-158.03		173.24		-139.32
13		C		-111.29		178.17		73.8		85.32		-146.65		-80.31		-157.88		167.15		-153.88
14		A		-135.37		175.97		96.32		90.93		-140.51		-77.8		-164.47		172.2		-149.54
15		G		-83.73		177.38		79.63		88.68		-139.93		-84.71		-158.24		174.05		-149.05
16		C		-111.25		177.57		80.92		92.31		-136.19		-82.21		-156.49		168.73		-147.53
17		U		-95.93		179.74		85.14		99.83		-133.42		-87.26		-152.15		177.35		-131.58
18		G		-137.67		179.28		106.34		96.4		-137.65		-92.41		-159.1		179.94		-153.59
19		G		-112.38		179.93		73.2		101.85		-131.35		-86.73		-148.98		-175.22		-139.97
20		U		-94.92		177.89		66.11		100.92		-126.98		-71.3		-145.66		-177.85		-127.09
21		U		-143.65		-174.54		96.8		96.96		-131.6		-97.12		-150.4		169.51		-165.08
22		A		-128.18		173.55		82.06		93.29		-136.52		-82.22		-158.68		176.27		-156.26
23		G		-123.2		178.62		85.56		81.8		-142.42		-76.57		-169.77		153.54		-146.65
24		A		-80.6		-178.21		70.33		85.35		-143.03		-76.77		-161.65		172.07		-138.21
25		G		-94.15		-178.82		73.18		81.42		-141.05		-73.67		-163.66		155.16		-137.57
26		C		-99.17		169.22		77.22		82.44		-145.77		-76.21		-167.1		162.65		-144.29
27		A		-79.45		177.43		61.01		80.65		-147.51		-74.27		-165.69		165.23		-140.35
28		C		-78.43		-178.36		63.43		80.55		-144.13		-76.72		-163.61		165.79		-144.47
29		C		-78.75		-179.04		65.89		77.71		-145.54		-77.35		-168.79		162.82		-148.98
30		G		-96.03		176.42		80.14		82.46		-141.86		-78.18		-171.36		162.32		-143.29
31		G		-85.03		176.64		73.91		80.34		-144.09		-78.83		-169.35		165.51		-141.54
32		A		-83.56		-179.69		73.61		90.39		-137.35		-78.23		-159.68		-178.62		-135.4
33		C		-82.51		179.33		74.84		90.3		-134.09		-82.21		-157.37		170.45		-136.34
34		U		-157.39		-173.05		98.11		105.28		-130.54		-89.24		-150.88		-179.34		-146.06
35		G		-117.79		178.97		74.59		99.37		-133.78		-80.62		-156.48		-173.43		-148.35
36		U		-73.64		179.42		72.4		94.82		-135.18		-79.27		-155.86		177.57		-157.33
37		G		-104.38		-179.95		76.1		90.97		-138.4		-79.58		-161.21		169.83		-139.07
38		G		-91.02		-179.89		68.31		91.7		-135.49		-80.63		-160.97		172.17		-140.38
39		U		-70.25		178.95		79.6		87.07		-140.93		-71.75		-163.99		173.79		-137.22
40		C		-76.19		176.17		62.48		83.07		-143.74		-86.27		-158.26		167.91		-154.66
41		C		-75.52		175.75		60.36		81.71		-143.4		-75.91		-165.54		167.31		-139.66
42		G		-72.16		175.29		65.78		81.17		-146.35		-76.32		-163.91		167.09		-143.28
43		G		-78.55		-178.66		71.34		81.88		-144.48		-81.81		-164.11		165.97		-151.99
44		G		-61.73		167.51		56.55		83.06		-143.85		-71.49		-165.97		170.52		-134.6
45		G		-86.92		176.86		73.05		89.69		-134.7		-83.26		-161.88		171.21		-133.99
46		G		-63.73		178.4		60.53		97.61		-133.34		-76.0		-147.39		-169.76		-132.32
47		U		-113.87		-176.76		80.89		100.04		-130.7		-89.8		-149.11		179.25		-137.25
48		C		-84.78		172.94		81.79		109.94		-126.2		-116.36		-145.92		-143.93		137.93
49		G		-74.11		179.87		67.8		93.52		-136.4		-74.83		-161.85		-163.84		-144.88
50		U		-70.4		179.99		53.73		95.95		-139.2		-77.39		-149.06		-172.39		-138.15
51		G		-92.22		-178.1		79.06		82.92		-143.38		-75.39		-163.45		164.44		-144.76
52		G		-88.21		178.28		86.41		85.57		-141.35		-75.19		-165.93		169.31		-139.6
53		G		-77.16		173.93		70.0		77.69		-145.13		-73.63		-170.7		165.0		-145.07
54		U		-66.3		178.15		55.4		86.99		-140.31		-77.67		-154.83		176.95		-141.48
55		U		-80.18		176.83		56.42		78.94		-141.82		-71.52		-164.42		151.83		-127.82
56		C		-133.23		172.37		61.87		86.43		-139.06		-72.63		-157.65		89.82		-132.05
57		A		-80.32		-179.05		62.5		84.71		-140.8		-79.75		-160.45		163.23		-142.88
58		A		-62.78		-172.82		61.82		101.35		-128.7		-90.01		-141.81		-172.44		-144.96
59		G		-100.86		-176.02		78.69		93.28		-131.26		-78.48		-162.2		171.57		-126.56
60		U		-78.28		-175.13		71.82		100.05		-129.48		-73.44		-150.76		175.02		-115.51
61		C		-88.55		-175.05		68.17		85.57		-141.67		-79.58		-160.7		158.8		-140.17
62		C		-69.72		-179.61		52.66		80.76		-149.78		-69.52		-162.77		171.63		-148.49
63		C		-74.62		175.72		58.89		80.75		-147.74		-80.74		-163.86		170.08		-148.13
64		A		-67.52		-179.49		57.7		85.51		-147.81		-73.07		-158.64		178.34		-144.14
65		U		-78.49		179.99		67.44		84.01		-141.83		-75.13		-164.32		167.68		-145.9
66		C		-66.65		177.7		57.86		83.81		-147.61		-72.74		-162.42		168.6		-143.97
67		G		-88.0		-177.54		78.93		82.9		-142.98		-80.64		-167.89		168.9		-148.39
68		C		-69.39		177.67		56.05		86.29		-147.47		-78.94		-155.29		174.05		-152.19
69		U		-77.45		178.0		65.92		85.19		-141.4		-76.62		-160.19		170.92		-148.31
70		C		-70.47		174.92		57.15		89.38		-146.44		-80.94		-153.53		173.76		-151.75
71		A		-87.4		176.93		67.19		88.4		-142.12		-78.68		-159.29		167.96		-146.7
72		C		-70.24		179.99		65.43		91.1		-141.28		-77.62		-154.85		-179.46		-147.65
73		C		-85.93		-176.53		83.37		89.57		-136.62		-79.83		-159.37		173.74		-148.61
74		C		-67.94		178.9		63.07		96.43		-136.97		-76.26		-151.96		-167.93		-143.47
75		C		-85.13		177.6		68.89		92.09		-136.16		-83.61		-154.79		170.52		-150.86
76		A		-77.71		-177.65		64.33		102.23		-134.95		-79.45		-146.45		-174.28		-146.23
