No.	   Seq		 Alpha		 Beta		Gamma		Delta		 Epsilon	 Zeta		  Chi		  Eta		 Theta

0		A		-72.56		175.58		63.43		96.39		-135.83		-75.05		-152.81		179.83		-149.92
1		A		-65.71		170.07		62.82		97.09		-137.46		-67.98		-150.87		-176.43		-148.2
2		G		-72.47		171.98		64.33		93.9		-136.43		-68.69		-153.3		176.06		-145.93
3		U		-62.74		171.85		63.72		93.35		-139.28		-73.91		-155.33		-175.74		-156.11
4		U		-66.9		169.3		58.35		91.76		-136.25		-73.85		-148.82		178.38		-148.1
5		U		-68.23		169.45		59.0		93.87		-140.41		-81.89		-149.33		176.73		-153.52
6		A		-63.26		172.5		56.07		95.93		-135.05		-69.26		-146.53		-171.65		-140.12
7		C		-67.68		174.35		62.24		91.83		-141.69		-74.13		-154.89		177.03		-154.0
8		C		-63.73		171.17		60.6		91.87		-140.32		-75.44		-150.43		-177.4		-154.14
9		A		-71.74		175.38		68.29		93.49		-140.55		-75.95		-156.13		176.92		-152.07
10		C		-60.38		167.49		57.65		89.4		-144.5		-71.25		-152.56		-177.68		-151.23
11		U		-63.11		171.63		56.99		93.0		-140.33		-76.99		-150.69		174.35		-153.45
12		G		-65.39		167.69		62.25		98.7		-138.67		-84.38		-147.5		-176.78		-159.81
13		A		-66.59		171.47		63.28		99.77		-135.78		-76.91		-148.04		-170.38		-153.21
14		C		-57.15		170.78		54.29		96.37		-139.94		-72.9		-147.88		-170.39		-149.33
15		C		-64.49		173.99		57.99		89.24		-142.65		-74.73		-152.59		178.62		-148.5
16		G		-64.55		170.2		59.85		94.92		-141.1		-77.72		-152.3		-170.44		-161.89
17		A		-60.72		165.82		56.59		94.77		-140.17		-63.8		-147.44		-173.98		-147.07
18		U		-60.6		169.26		59.32		94.34		-140.67		-82.99		-146.87		-179.93		-166.0
19		A		-62.25		171.27		61.53		103.12		-131.84		-74.57		-141.6		-172.19		-147.22
20		U		-70.07		172.51		66.57		100.77		-134.31		-73.41		-148.66		-175.74		-163.2
21		G		-57.85		171.27		63.2		96.31		-142.76		-71.15		-148.86		-173.6		-164.25
22		U		-58.82		171.56		55.02		92.7		-141.2		-59.76		-150.88		-176.38		-153.74
23		G		-61.0		169.2		64.85		93.11		-144.01		-72.61		-153.18		-177.28		-155.26
24		G		-67.58		172.54		63.35		92.36		-139.68		-68.23		-150.7		-176.2		-149.13
25		U		-63.3		171.86		64.03		88.3		-145.2		-72.44		-155.08		173.17		-151.37
26		A		-66.08		170.86		61.19		93.13		-138.43		-67.42		-149.78		179.73		-143.07
27		U		-63.74		169.09		63.41		94.8		-137.48		-76.59		-149.43		177.37		-157.32
28		A		-62.05		174.08		56.82		100.44		-134.5		-72.64		-137.37		-173.12		-144.96
29		U		-61.71		173.93		59.66		98.92		-134.4		-82.1		-142.29		-172.6		-149.31
30		A		-56.85		170.72		57.6		97.83		-134.87		-68.7		-142.45		179.8		-150.36
31		A		-56.21		175.34		67.86		97.02		-134.06		-80.49		-150.9		-164.54		-155.34
32		A		-54.03		172.5		54.86		94.62		-143.42		-69.41		-145.6		176.88		-149.01
33		U		-58.02		176.64		60.63		96.9		-136.36		-74.3		-147.18		-177.68		-145.77
34		G		-61.98		169.46		68.59		92.34		-144.37		-73.26		-155.33		174.86		-151.41
35		G		-62.7		170.34		61.19		93.18		-142.97		-76.86		-155.35		-178.29		-157.17
36		U		-59.54		170.84		54.45		92.15		-147.29		-73.62		-151.58		-177.82		-154.3
37		C		-64.03		172.09		58.19		88.33		-143.98		-74.54		-155.3		176.16		-147.62
38		G		-67.54		173.83		66.15		86.85		-148.07		-71.78		-159.73		176.39		-154.38
39		G		-66.28		172.86		64.15		91.54		-143.08		-83.2		-153.58		176.86		-155.17
40		G		-58.7		173.65		59.11		93.44		-141.71		-75.3		-154.09		-173.38		-154.31
41		U		-63.07		170.48		61.66		93.71		-139.55		-77.78		-153.12		179.99		-144.3
42		U		-62.38		171.25		61.05		95.74		-139.04		-72.26		-150.27		-178.97		-149.52
43		G		-70.65		170.83		58.74		95.38		-139.91		-78.81		-151.82		175.91		-147.96
44		A		-59.1		175.41		54.34		98.31		-135.48		-72.94		-147.01		-170.18		-149.68
