No.	   Seq		 Alpha		 Beta		Gamma		Delta		 Epsilon	 Zeta		  Chi		  Eta		 Theta

0		U		-61.81		172.24		56.44		95.75		-141.04		-73.21		-150.38		-178.4		-154.15
1		C		-65.98		173.32		60.75		93.66		-139.42		-76.53		-157.24		178.56		-150.24
2		C		-67.84		167.92		58.54		88.19		-144.58		-73.06		-155.95		172.42		-149.53
3		G		-66.23		174.59		63.08		87.84		-142.59		-79.93		-158.41		175.52		-151.35
4		C		-63.39		172.16		57.83		89.46		-143.9		-67.09		-156.13		-178.85		-146.21
5		G		-72.06		173.14		72.48		88.76		-140.38		-76.35		-161.18		178.17		-153.83
6		A		-64.14		170.38		54.81		103.96		-128.84		-75.71		-138.18		-173.04		-132.9
7		U		-68.4		170.82		59.78		100.63		-129.87		-90.43		-144.88		177.64		-166.84
8		A		-63.52		179.28		74.0		109.55		-123.49		-71.12		-137.6		-160.52		-134.08
9		G		-90.41		171.6		69.69		96.15		-135.1		-75.89		-157.13		-178.66		-149.46
10		C		-61.96		177.16		60.4		95.94		-136.67		-69.86		-147.39		-175.51		-150.66
11		U		-63.57		169.67		53.27		91.77		-137.75		-66.66		-150.86		-176.66		-147.39
12		C		-67.05		170.54		65.3		90.95		-147.2		-71.5		-150.9		178.45		-170.54
13		A		-71.62		166.42		70.34		92.28		-138.2		-74.22		-157.88		-172.84		-152.5
14		G		-58.09		171.92		63.16		93.1		-137.35		-79.3		-146.82		-178.45		-164.27
15		U		-65.53		170.88		60.58		94.17		-133.99		-72.74		-148.52		-179.99		-137.69
16		C		-62.05		169.32		60.54		99.84		-139.72		-67.17		-147.68		-168.26		-164.87
17		G		-79.7		175.98		79.24		102.31		-134.94		-90.61		-151.06		-159.68		-161.76
18		G		-62.22		170.49		52.41		103.85		-132.08		-62.97		-138.41		-156.87		-152.14
19		U		-70.89		167.64		61.66		108.34		-125.08		-78.09		-135.9		-166.45		-158.13
20		A		-63.63		174.81		63.95		107.33		-129.28		-77.41		-138.46		-154.66		-178.45
21		G		-72.81		164.31		74.28		90.99		-141.03		-81.14		-155.14		173.76		-173.38
22		A		-64.82		173.38		58.5		100.55		-141.31		-63.42		-147.1		-172.87		-150.12
23		G		-64.99		171.4		65.35		90.55		-141.03		-68.59		-153.26		-178.03		-147.82
24		C		-63.8		173.13		56.0		87.17		-142.89		-66.56		-151.09		172.71		-148.92
25		A		-68.66		161.67		58.08		87.22		-143.68		-65.41		-155.96		171.29		-147.2
26		A		-66.15		170.22		58.2		92.37		-145.09		-78.24		-144.9		174.45		-161.54
27		A		-56.2		169.77		54.31		85.92		-145.21		-60.26		-152.37		177.13		-148.52
28		U		-61.63		169.78		59.68		96.05		-135.34		-73.73		-145.68		174.4		-145.73
29		G		-68.96		169.35		70.72		94.89		-138.36		-74.42		-152.51		170.38		-161.76
30		A		-58.76		167.85		62.21		88.37		-145.33		-63.53		-158.17		-179.94		-147.08
31		C		-60.84		165.96		58.61		84.9		-147.24		-63.2		-157.93		178.21		-149.19
32		U		-58.97		173.86		59.97		92.1		-141.55		-67.15		-147.84		-177.78		-146.98
33		G		-68.47		172.36		66.51		95.79		-139.81		-73.97		-146.11		-174.24		-155.08
34		U		-58.76		168.38		59.38		94.4		-142.09		-55.59		-152.25		-176.77		-161.56
35		U		-60.47		177.32		75.05		99.35		-137.85		-74.0		-145.99		-175.19		-171.93
36		A		-71.45		168.73		62.01		95.1		-138.62		-76.63		-149.58		175.43		-161.34
37		A		-58.48		166.72		59.19		95.09		-138.81		-63.33		-150.44		-174.95		-142.8
38		U		-56.78		166.79		58.18		91.32		-142.56		-64.93		-149.73		179.48		-145.72
39		C		-62.56		174.29		58.57		88.49		-150.44		-75.72		-149.56		176.11		-160.25
40		A		-56.39		168.18		57.28		98.04		-140.84		-73.8		-148.03		-166.82		-162.98
41		U		-50.69		176.92		57.88		98.12		-139.55		-74.42		-143.3		-177.25		-167.51
42		U		-54.3		169.68		57.75		94.07		-142.1		-73.98		-146.51		-179.8		-160.31
43		G		-59.64		169.99		58.83		96.99		-138.56		-66.42		-152.82		176.82		-151.29
44		G		-56.05		165.2		60.59		91.0		-141.78		-75.35		-156.62		-173.87		-152.65
45		G		-57.21		179.37		57.51		98.93		-138.42		-80.98		-140.19		-167.43		-152.74
46		U		-54.31		165.54		56.12		98.81		-137.78		-68.76		-145.14		-171.36		-130.33
47		C		-65.99		173.32		69.42		105.1		-136.84		-47.8		-145.47		-168.1		146.61
48		C		-52.5		169.01		56.7		86.82		-143.07		-70.33		-160.48		-167.78		-151.31
49		C		-58.84		173.12		49.36		87.24		-147.84		-70.94		-152.61		177.11		-152.11
50		U		-57.05		167.14		56.98		92.31		-140.49		-74.65		-150.66		-176.15		-137.78
51		G		-67.35		171.92		73.68		91.68		-140.75		-68.86		-154.96		173.69		-155.2
52		G		-59.81		171.78		64.94		94.69		-137.85		-76.35		-156.63		-178.69		-149.71
53		U		-53.61		173.13		49.14		95.38		-138.05		-69.03		-145.02		-178.44		-139.54
54		U		-57.3		171.28		58.08		93.26		-132.66		-75.84		-149.98		174.74		-136.64
55		C		-77.49		168.66		59.86		90.43		-140.09		-66.66		-153.78		141.0		-140.72
56		G		-64.53		172.22		63.13		87.53		-144.27		-76.71		-157.86		173.17		-154.84
57		A		-58.56		-179.05		53.13		105.24		-130.59		-88.1		-134.89		-165.96		-145.05
58		G		-56.53		172.78		68.75		88.61		-136.4		-69.25		-161.57		169.13		-136.78
59		U		-58.09		171.23		57.96		99.98		-133.72		-74.17		-145.74		-178.64		-125.67
60		C		-66.28		173.43		55.15		86.12		-145.89		-73.9		-157.0		162.11		-150.01
61		C		-60.54		169.56		52.36		87.16		-144.49		-75.27		-152.46		173.42		-161.91
62		A		-60.36		170.24		55.87		87.04		-143.73		-73.24		-155.16		175.17		-149.29
63		G		-58.25		168.15		58.45		87.84		-145.84		-76.48		-154.77		171.37		-148.92
64		G		-60.15		172.17		61.63		90.46		-139.73		-72.35		-159.66		-179.55		-143.76
65		U		-57.94		171.03		58.62		89.84		-140.87		-73.32		-156.42		174.3		-152.15
66		C		-62.06		172.98		62.84		87.06		-143.73		-78.96		-156.91		173.54		-156.18
67		G		-64.88		173.14		59.51		90.2		-141.83		-79.48		-156.32		178.66		-152.53
68		C		-65.72		173.26		62.27		87.77		-142.27		-76.84		-157.14		177.8		-153.17
69		G		-62.55		173.73		67.16		89.97		-141.17		-79.42		-155.98		-178.87		-158.64
70		G		-73.47		177.02		73.41		93.84		-140.81		-84.98		-152.65		178.05		-160.28
71		A		-66.66		172.82		64.85		91.04		-140.27		-77.61		-157.29		178.63		-148.58
72		G		-61.95		175.96		77.61		93.85		-135.95		-84.56		-152.67		-176.74		-155.61
73		C		-66.73		173.86		66.1		91.11		-136.99		-75.26		-156.13		177.9		-153.47
74		C		-66.73		170.51		67.92		93.77		-136.09		-79.92		-153.99		-179.54		-161.08
75		A		-67.71		172.9		62.08		97.61		-135.13		-85.98		-149.54		-177.57		-153.18
