No.	   Seq		 Alpha		 Beta		Gamma		Delta		 Epsilon	 Zeta		  Chi		  Eta		 Theta

0		G		-77.84		175.58		70.55		84.64		-144.15		-73.53		-165.77		168.29		-147.17
1		G		-82.88		173.46		72.89		82.82		-145.63		-77.82		-167.31		166.03		-143.4
2		G		-68.3		171.77		63.62		84.11		-146.47		-72.12		-167.24		174.89		-146.46
3		U		-87.13		179.96		77.64		84.98		-142.45		-78.42		-165.05		167.37		-145.98
4		C		-94.33		178.79		69.99		84.88		-142.11		-81.67		-163.94		160.32		-146.26
5		G		-75.33		-179.9		67.63		83.4		-142.77		-78.09		-168.42		169.58		-145.62
6		U		-72.37		176.79		61.67		86.83		-141.06		-74.79		-162.8		172.83		-136.2
7		G		-91.61		175.55		68.63		90.16		-138.94		-80.92		-157.53		166.85		-147.73
8		A		-118.86		-177.81		90.22		94.91		-134.04		-80.8		-159.36		176.27		-134.35
9		C		-74.92		177.73		73.35		88.24		-137.11		-78.57		-159.19		175.19		-142.93
10		U		-80.29		-178.76		73.72		86.04		-138.5		-80.03		-161.04		167.03		-140.32
11		G		-98.33		176.38		66.54		90.38		-139.23		-77.34		-159.96		165.22		-141.25
12		G		-84.08		174.35		66.2		84.81		-141.32		-79.13		-162.73		168.14		-147.55
13		C		-73.55		177.17		72.42		85.25		-139.49		-72.37		-161.08		175.0		-137.5
14		G		-151.83		-179.36		89.23		89.6		-135.88		-84.43		-160.85		169.78		-144.86
15		A		-119.07		178.72		87.03		92.68		-135.53		-77.97		-162.45		169.62		-140.67
16		A		-77.74		171.45		67.84		85.7		-138.65		-77.67		-160.97		164.68		-145.56
17		C		-90.27		173.83		78.28		84.26		-142.3		-81.88		-161.94		157.31		-153.77
18		A		-78.72		178.03		72.96		87.52		-141.31		-70.36		-162.09		168.68		-133.62
19		G		-120.18		178.78		103.36		87.92		-138.63		-81.45		-162.8		168.05		-147.25
20		G		-77.78		-178.61		84.18		81.76		-141.8		-80.25		-171.02		168.58		-152.52
21		U		-64.97		174.47		59.04		85.9		-140.41		-77.65		-162.2		169.24		-143.43
22		G		-81.28		178.63		76.89		82.75		-143.02		-72.54		-169.24		165.26		-141.01
23		G		-100.66		172.79		68.42		86.84		-140.07		-74.36		-159.6		162.41		-144.03
24		G		-99.85		178.01		78.26		81.52		-140.12		-85.43		-166.58		165.5		-155.16
25		A		-82.91		176.8		68.3		100.1		-128.34		-85.76		-152.62		-168.33		-143.68
26		A		-168.16		177.75		82.58		90.45		-137.85		-72.73		-164.62		129.11		-143.56
27		A		-84.21		-178.22		74.87		91.04		-139.44		-75.26		-159.36		171.57		-139.11
28		C		-75.35		176.7		60.0		82.12		-141.4		-76.8		-161.08		162.2		-135.58
29		C		-78.36		177.32		68.83		80.82		-142.92		-76.01		-165.07		163.86		-148.49
30		A		-74.24		-179.33		66.07		90.3		-141.63		-78.77		-158.98		-172.99		-147.28
31		C		-73.37		174.29		58.05		80.81		-148.44		-74.22		-164.24		162.71		-155.32
32		C		-67.14		179.13		64.24		85.09		-138.88		-72.57		-162.27		175.5		-137.79
33		G		-78.23		174.67		67.97		81.49		-144.53		-76.58		-168.5		162.87		-143.35
34		G		-73.88		177.16		76.11		88.74		-142.37		-72.92		-164.12		176.34		-157.59
35		G		-88.93		178.11		67.75		90.39		-139.75		-76.2		-163.95		-179.84		-145.99
36		G		-110.28		-178.71		90.34		85.24		-139.91		-76.75		-170.55		166.45		-148.02
37		A		-94.69		174.64		69.79		92.78		-137.1		-69.24		-163.48		176.16		-137.51
38		G		-95.64		179.16		76.68		90.65		-141.37		-74.13		-162.84		168.89		-155.71
39		C		-84.42		176.78		61.02		84.03		-143.33		-71.0		-166.43		167.75		-137.29
40		G		-82.42		175.35		71.95		83.68		-142.92		-78.76		-166.21		163.33		-150.29
41		A		-81.43		176.69		62.99		87.57		-140.81		-71.32		-162.72		170.28		-137.52
42		C		-77.27		173.19		57.45		77.9		-147.28		-65.58		-168.78		146.49		-134.56
43		C		-76.84		179.13		61.63		82.39		-141.59		-73.85		-162.86		160.46		-131.92
44		C		-74.72		-178.41		60.53		85.1		-141.04		-79.7		-159.62		164.36		-142.88
45		U		-67.47		174.67		56.72		89.56		-139.64		-81.99		-155.65		168.86		-147.69
46		U		-72.15		179.21		56.02		90.53		-138.89		-71.14		-156.4		156.54		-126.4
47		G		-82.76		178.9		67.94		92.05		-136.92		-77.26		-162.17		167.93		-131.05
48		C		-86.27		-173.99		69.09		85.43		-141.03		-75.37		-163.67		166.11		-142.01
49		C		-72.02		178.23		64.06		83.1		-143.84		-73.9		-164.91		171.18		-143.2
50		G		-72.48		177.63		57.16		85.36		-146.18		-79.82		-162.66		171.65		-142.9
51		C		-69.59		171.29		60.84		79.39		-147.25		-69.38		-167.28		165.11		-141.51
52		C		-75.42		176.71		63.64		80.9		-146.4		-76.49		-162.75		167.26		-149.57
53		C		-77.71		178.73		63.66		79.23		-148.53		-71.85		-167.69		163.09		-148.72
54		G		-67.52		171.43		58.78		83.36		-147.0		-72.31		-162.6		170.79		-146.44
55		C		-76.43		176.17		67.76		78.95		-146.56		-74.88		-167.27		166.28		-147.91
56		C		-72.87		176.71		64.31		83.18		-144.23		-75.63		-161.08		159.19		-149.75
57		U		-69.88		176.26		62.41		87.6		-140.58		-78.56		-157.5		169.58		-152.72
58		G		-72.66		173.62		67.06		85.64		-142.5		-75.77		-160.65		166.28		-147.33
59		G		-87.19		174.93		75.77		84.18		-141.23		-76.88		-163.77		167.28		-143.58
60		G		-89.16		-175.64		78.76		90.22		-139.33		-78.92		-159.8		173.3		-147.6
61		C		-79.95		177.91		70.0		91.14		-136.95		-78.72		-156.53		175.14		-151.13
62		A		-89.83		-178.64		81.99		92.52		-137.13		-82.77		-153.6		173.71		-154.66
63		A		-101.93		179.31		84.03		93.3		-134.2		-85.76		-154.53		177.37		-144.42
