No.	   Seq		 Alpha		 Beta		Gamma		Delta		 Epsilon	 Zeta		  Chi		  Eta		 Theta

0		G		-70.51		172.03		69.26		83.46		-144.9		-70.17		-167.53		168.27		-149.95
1		G		-75.37		169.61		71.86		81.39		-146.64		-75.85		-169.25		165.55		-145.18
2		G		-60.6		167.74		61.6		82.83		-147.72		-68.68		-169.2		175.86		-149.44
3		U		-77.98		177.2		76.92		83.69		-142.91		-76.47		-166.66		167.14		-148.63
4		C		-84.04		175.78		68.31		83.52		-142.55		-80.16		-165.3		158.38		-148.88
5		G		-63.79		177.31		65.54		82.05		-143.21		-75.87		-170.66		170.01		-147.98
6		U		-63.1		173.58		59.02		85.89		-141.22		-72.25		-163.92		173.86		-136.62
7		G		-83.15		171.96		66.81		89.73		-138.49		-78.62		-157.52		166.59		-151.49
8		A		-111.65		179.9		91.24		94.97		-132.74		-79.0		-159.96		179.33		-134.46
9		C		-63.57		174.46		71.99		87.52		-136.4		-76.31		-159.67		176.58		-145.41
10		U		-68.61		178.83		72.39		84.96		-138.24		-78.48		-161.99		166.81		-141.71
11		G		-90.71		172.94		64.67		89.9		-138.97		-74.48		-160.6		164.63		-143.03
12		G		-73.99		170.75		64.24		83.43		-141.73		-76.65		-163.96		168.32		-150.59
13		C		-64.35		173.92		71.03		84.03		-139.38		-68.83		-162.12		176.12		-138.39
14		G		-157.71		177.8		89.39		88.78		-135.11		-83.1		-161.87		170.17		-147.78
15		A		-111.95		175.7		87.2		92.34		-134.56		-74.37		-163.81		170.18		-142.43
16		A		-66.22		167.04		65.97		84.61		-138.29		-73.45		-161.74		163.83		-149.07
17		C		-78.31		169.86		77.14		83.03		-142.73		-80.16		-162.99		155.32		-158.73
18		A		-69.79		174.98		71.09		86.77		-141.47		-66.56		-163.02		168.9		-133.43
19		G		-112.52		175.76		105.7		87.29		-138.18		-79.82		-163.74		168.33		-150.22
20		G		-67.69		179.07		83.82		80.29		-142.14		-78.48		-173.75		168.76		-156.48
21		U		-55.2		170.84		56.26		84.85		-140.56		-74.72		-163.24		169.59		-145.74
22		G		-68.6		175.71		75.3		81.13		-143.84		-69.58		-171.8		164.69		-142.29
23		G		-88.3		168.78		66.32		85.79		-140.24		-70.29		-160.14		160.89		-146.69
24		G		-90.63		174.87		77.07		79.75		-140.25		-84.35		-168.69		164.95		-159.88
25		A		-69.4		173.22		65.15		100.55		-126.01		-83.23		-151.73		-163.94		-148.85
26		A		178.68		174.38		81.4		89.86		-137.48		-68.93		-166.04		91.64		-146.03
27		A		-74.14		179.29		73.04		90.65		-139.31		-71.49		-159.64		172.19		-140.63
28		C		-67.05		173.45		57.63		80.71		-141.63		-74.61		-161.65		161.28		-135.83
29		C		-68.35		174.2		66.57		79.48		-143.33		-73.74		-166.2		163.36		-151.63
30		A		-62.94		178.25		63.42		90.17		-141.73		-76.7		-159.05		-167.23		-150.13
31		C		-65.98		170.79		55.43		79.42		-150.03		-70.68		-165.2		162.12		-159.88
32		C		-58.8		176.41		62.2		83.85		-138.59		-68.06		-163.77		176.54		-138.43
33		G		-66.46		171.14		65.78		80.29		-145.27		-74.62		-170.32		162.35		-145.36
34		G		-64.49		173.87		74.68		87.36		-143.12		-68.75		-166.21		177.46		-162.57
35		G		-75.38		175.1		65.25		89.99		-139.68		-72.02		-165.34		-176.88		-150.1
36		G		-101.28		179.02		92.05		83.84		-140.07		-74.28		-173.77		166.01		-151.02
37		A		-83.13		170.92		67.49		92.58		-136.56		-64.7		-164.77		178.15		-138.88
38		G		-84.22		176.36		75.54		90.2		-141.73		-70.59		-164.09		169.14		-160.79
39		C		-76.3		173.71		58.66		82.74		-144.08		-67.7		-168.2		167.9		-138.05
40		G		-72.24		171.86		70.43		82.35		-143.49		-76.81		-167.93		162.63		-154.01
41		A		-73.59		173.5		60.67		86.85		-140.86		-67.98		-163.7		170.89		-138.25
42		C		-67.63		170.26		55.67		76.36		-148.5		-62.69		-170.24		143.3		-135.34
43		C		-69.71		176.54		59.49		81.01		-141.83		-71.12		-163.92		159.42		-131.57
44		C		-65.8		179.26		58.29		84.03		-141.22		-78.12		-160.13		163.85		-145.06
45		U		-58.77		171.34		54.2		89.07		-139.48		-80.25		-155.16		169.24		-151.1
46		U		-62.06		176.48		54.06		90.18		-138.3		-66.86		-156.57		154.85		-124.47
47		G		-68.95		175.99		65.78		91.67		-136.3		-74.44		-163.35		168.11		-130.27
48		C		-75.52		-175.54		67.01		84.25		-141.27		-72.96		-165.22		166.15		-143.92
49		C		-63.75		175.3		61.17		81.48		-144.83		-71.24		-166.48		171.5		-145.24
50		G		-67.64		174.66		55.35		83.62		-147.49		-77.93		-164.7		171.78		-145.38
51		C		-63.14		167.34		58.74		77.37		-148.92		-65.91		-169.25		164.69		-143.39
52		C		-69.41		173.41		61.66		79.0		-147.65		-74.28		-163.99		166.92		-153.06
53		C		-69.43		175.91		61.31		77.21		-150.36		-68.95		-169.84		162.19		-151.64
54		G		-61.55		167.42		56.68		82.02		-147.79		-68.64		-163.93		170.9		-148.21
55		C		-69.3		172.88		65.85		76.99		-147.83		-72.53		-169.21		165.98		-150.47
56		C		-64.91		173.38		62.41		81.63		-144.81		-73.18		-162.06		157.43		-153.11
57		U		-61.25		172.76		60.16		86.65		-140.69		-75.87		-157.71		169.85		-157.29
58		G		-65.68		169.68		66.07		84.76		-142.26		-73.13		-161.52		165.37		-149.19
59		G		-76.9		171.29		74.54		82.86		-141.43		-74.48		-165.25		167.2		-145.68
60		G		-80.75		-177.37		79.05		89.74		-138.85		-76.92		-160.72		174.19		-151.1
61		C		-70.17		174.71		68.02		90.64		-136.25		-75.71		-156.54		176.53		-156.22
62		A		-81.58		179.08		82.31		92.03		-136.41		-80.9		-153.63		174.51		-159.68
63		A		-88.65		176.29		83.67		92.99		-132.98		-84.97		-154.22		179.66		-147.89
