No.	   Seq		 Alpha		 Beta		Gamma		Delta		 Epsilon	 Zeta		  Chi		  Eta		 Theta

0		G		-69.03		170.84		69.01		95.25		-141.11		-83.38		-156.38		-176.09		-160.38
1		G		-62.37		168.28		58.98		89.56		-144.65		-65.67		-153.96		-176.65		-155.86
2		U		-70.47		167.27		61.0		87.98		-142.23		-76.64		-159.53		177.4		-146.46
3		A		-65.33		167.57		60.22		90.37		-146.12		-67.09		-151.07		179.21		-158.33
4		C		-73.04		171.57		67.47		84.04		-145.17		-80.55		-161.55		170.51		-153.25
5		A		-59.61		172.6		54.65		89.89		-143.91		-71.37		-153.39		-177.72		-152.53
6		C		-71.3		171.03		61.29		85.26		-143.5		-73.06		-161.3		168.29		-147.13
7		G		-58.45		168.01		56.47		88.02		-147.63		-72.76		-154.17		-178.56		-155.46
8		A		-71.83		170.64		59.44		89.38		-141.21		-74.81		-158.81		175.95		-148.35
9		C		-61.91		167.11		68.74		89.06		-142.43		-67.57		-156.82		167.74		-153.01
10		A		-71.72		175.86		68.56		90.28		-139.35		-84.21		-156.64		177.79		-152.85
11		A		-56.65		171.15		65.82		96.68		-136.52		-66.74		-154.6		-177.8		-161.23
12		U		-70.82		167.64		65.71		93.59		-136.34		-76.33		-157.23		173.24		-150.88
13		A		-59.91		174.83		58.99		94.97		-141.68		-66.82		-149.95		-177.82		-145.29
14		C		-72.95		172.32		61.01		86.29		-142.16		-74.98		-158.43		166.51		-147.85
15		U		-52.9		171.95		56.25		91.4		-143.35		-74.23		-152.76		-175.92		-158.58
16		A		-74.46		170.68		66.22		93.68		-136.96		-82.1		-153.33		178.05		-151.92
17		A		-63.82		167.79		62.73		91.31		-147.72		-70.3		-156.53		174.41		-158.41
18		A		-69.1		171.52		73.23		94.64		-135.33		-76.95		-156.24		176.76		-158.96
19		C		-56.89		174.69		61.23		91.0		-140.94		-65.41		-153.46		178.65		-150.59
20		C		-75.3		169.35		72.06		86.83		-143.04		-80.73		-161.97		168.55		-157.36
21		A		-55.83		172.18		54.15		97.18		-141.77		-67.74		-149.36		-174.28		-161.93
22		U		-64.93		170.78		64.35		88.59		-141.16		-77.24		-160.63		176.8		-152.3
23		C		-60.85		168.5		54.92		94.27		-147.39		-69.21		-149.31		175.25		-150.1
24		C		-78.73		175.09		72.55		88.88		-141.92		-78.69		-159.53		171.83		-142.95
25		G		-63.89		179.65		77.64		92.25		-142.36		-80.55		-156.14		-176.53		-162.91
26		C		-69.16		166.18		59.94		88.03		-141.44		-79.28		-160.42		173.67		-152.3
27		G		-61.54		174.15		63.94		94.73		-143.6		-72.62		-151.41		179.76		-163.17
28		A		-71.47		173.88		67.67		96.34		-133.23		-81.12		-154.62		-177.25		-140.01
29		G		-68.16		168.53		73.69		98.44		-134.99		-60.61		-149.64		171.81		-159.36
30		G		-80.22		173.83		81.34		95.81		-135.03		-89.5		-162.07		-172.37		-157.67
31		A		-61.07		167.57		60.11		100.85		-135.2		-64.76		-147.92		-163.47		-151.69
32		U		-69.61		175.3		76.24		94.18		-135.4		-73.11		-155.3		176.57		-156.06
33		G		-59.67		164.77		58.97		96.54		-138.15		-69.5		-147.04		-175.84		-142.42
34		G		-75.66		166.22		66.75		84.58		-142.26		-75.21		-165.0		160.04		-144.83
35		G		-60.33		171.74		65.09		93.15		-138.66		-76.05		-153.29		-170.29		-150.89
36		G		-74.58		174.43		73.62		85.73		-140.38		-78.74		-167.26		170.85		-150.23
37		C		-59.65		171.18		59.24		89.39		-146.61		-67.82		-154.65		174.05		-157.71
38		G		-73.1		166.99		67.41		83.87		-139.29		-77.1		-165.86		172.82		-142.65
39		G		-61.72		164.94		56.21		94.8		-136.79		-76.77		-146.35		-178.88		-165.09
40		A		-72.72		169.8		66.99		94.14		-134.71		-83.18		-156.13		-178.94		-156.3
41		A		-57.71		171.29		58.39		102.85		-131.13		-84.7		-145.01		-168.3		-137.24
42		A		-84.03		168.23		70.4		89.27		-135.84		-74.29		-165.96		163.39		-132.31
43		G		-63.32		172.95		62.34		92.9		-139.63		-81.52		-153.35		176.79		-147.71
44		C		-63.8		171.96		52.98		79.09		-148.39		-73.61		-163.86		167.75		-140.82
45		C		-59.2		170.48		50.36		85.38		-146.6		-71.55		-155.77		174.85		-142.77
46		U		-73.75		170.29		68.49		84.28		-143.76		-84.04		-160.34		172.03		-158.32
47		A		-66.87		173.43		59.2		89.07		-144.28		-75.86		-157.03		166.22		-163.75
48		A		-61.96		169.92		62.69		83.94		-140.66		-71.65		-167.02		172.09		-147.42
49		G		-58.34		174.79		58.67		89.82		-136.59		-65.71		-158.95		173.07		-136.91
50		G		-74.27		174.83		76.94		86.06		-138.54		-79.7		-166.68		171.98		-147.54
51		G		-63.68		171.75		57.41		94.03		-138.66		-73.6		-151.67		179.3		-155.35
52		U		-65.55		169.99		63.57		89.01		-140.19		-74.14		-163.69		173.08		-144.66
53		C		-62.96		170.34		53.3		91.24		-141.54		-69.77		-150.06		179.13		-145.51
54		U		-88.53		176.23		78.45		90.55		-138.43		-76.62		-161.17		169.67		-153.68
55		C		-64.08		173.66		61.46		90.36		-142.27		-74.24		-153.67		179.49		-153.04
56		C		-75.36		174.56		77.07		80.62		-142.93		-73.71		-172.91		169.33		-154.16
57		C		-57.55		174.98		57.1		94.46		-137.44		-79.89		-149.11		-177.22		-145.76
58		U		-80.9		-177.77		73.29		91.94		-135.35		-85.27		-157.05		172.16		-155.12
59		G		-54.82		174.48		63.8		99.56		-133.36		-78.99		-145.81		-173.63		-147.03
60		A		-100.83		171.4		71.63		92.33		-135.67		-76.86		-163.56		167.21		-138.59
61		G		-64.69		177.82		67.61		100.74		-137.03		-88.15		-148.5		-177.83		-166.85
62		A		-77.48		177.76		73.15		93.99		-134.67		-79.21		-157.0		179.07		-144.99
63		C		-65.25		170.21		61.88		98.87		-138.92		-80.85		-149.47		-175.92		-157.92
64		A		-69.46		169.94		66.33		86.3		-139.65		-77.42		-165.62		174.37		-138.9
65		G		-60.31		173.66		54.71		98.38		-135.51		-76.58		-147.84		-173.76		-155.07
66		C		-66.54		174.92		62.61		87.9		-140.24		-78.34		-159.26		172.18		-151.75
67		C		-60.88		179.26		63.06		92.18		-144.57		-77.57		-152.54		-178.72		-157.73
68		G		-71.91		173.61		69.71		87.84		-141.16		-79.73		-162.98		174.5		-153.49
69		G		-64.28		172.06		70.68		88.93		-144.36		-69.08		-161.65		178.07		-161.73
70		G		-68.23		168.77		70.37		84.39		-143.31		-77.09		-164.47		174.1		-149.01
71		C		-61.8		171.82		58.19		88.47		-144.22		-72.35		-156.21		175.33		-149.76
72		U		-72.6		167.17		73.39		86.53		-140.5		-76.04		-164.57		173.2		-146.96
73		G		-67.15		172.75		60.58		93.86		-143.72		-77.62		-153.22		178.85		-156.8
74		C		-73.08		177.08		66.29		84.3		-142.4		-73.1		-165.74		174.31		-143.2
75		C		-63.14		175.04		57.17		90.71		-142.25		-72.5		-154.4		-179.82		-143.55
76		G		-87.76		179.26		84.43		91.09		-137.3		-86.12		-159.08		176.24		-157.03
77		A		-74.03		172.21		65.71		99.57		-138.25		-77.42		-146.54		-178.46		-150.7
78		A		-90.11		175.17		80.16		91.13		-135.49		-81.45		-159.4		172.09		-145.27
79		A		-61.79		173.35		59.41		97.4		-135.22		-68.78		-150.06		-177.64		-141.06
80		U		-85.31		175.15		82.12		93.03		-134.7		-77.4		-157.8		168.1		-153.7
81		A		-62.71		170.47		56.72		95.35		-143.96		-69.23		-151.6		176.45		-149.24
82		U		-66.57		169.97		59.12		84.96		-143.35		-75.0		-161.31		169.78		-142.95
83		C		-63.71		171.47		56.27		91.88		-143.92		-72.09		-153.0		174.32		-152.0
84		A		-80.06		179.88		77.42		90.66		-139.79		-81.88		-159.77		174.81		-152.07
