No.	   Seq		 Alpha		 Beta		Gamma		Delta		 Epsilon	 Zeta		  Chi		  Eta		 Theta

0		G		-64.83		169.06		50.69		85.65		-149.67		-74.33		-157.27		172.59		-148.27
1		A		-66.58		172.58		52.44		92.12		-143.9		-73.58		-151.43		-178.27		-152.33
2		A		-67.49		174.24		55.63		92.32		-140.4		-72.45		-149.94		-172.74		-135.48
3		U		-69.17		167.28		52.36		94.79		-141.22		-77.73		-145.61		-177.26		-147.54
4		A		-72.36		168.97		54.71		100.09		-132.9		-61.54		-142.55		-173.03		-117.45
5		A		-79.34		178.86		71.75		98.36		-138.44		-68.41		-148.11		-177.36		-153.78
6		C		-64.91		177.65		61.31		104.11		-131.76		-93.8		-134.84		-172.25		-171.32
7		U		-57.09		175.54		50.77		96.39		-138.03		-74.83		-140.5		-172.17		-145.65
8		U		-67.28		-179.2		66.14		103.5		-137.97		-72.86		-141.72		-179.14		-149.19
9		G		-67.03		177.37		68.99		93.84		-141.34		-72.74		-155.97		174.52		-161.39
10		C		-65.78		-175.0		64.22		87.93		-143.07		-78.73		-155.18		175.88		-166.76
11		A		-57.23		-176.75		71.38		97.06		-135.74		-90.58		-143.48		-172.13		-170.33
12		A		-70.16		173.34		77.03		105.1		-133.48		-73.82		-138.46		-153.34		-162.26
13		A		-69.26		172.34		85.2		97.1		-140.26		-77.14		-156.58		-177.59		-162.72
14		A		-51.71		172.53		57.33		101.79		-132.67		-63.77		-143.82		-168.66		-141.08
15		U		-55.69		172.52		56.15		106.87		-135.07		-85.16		-134.46		-173.21		-171.25
16		A		-64.14		176.52		69.92		122.95		-127.56		-80.66		-126.9		-135.81		-178.77
17		A		-64.82		172.89		60.31		97.19		-151.01		-67.07		-154.81		-178.59		-149.93
18		C		-59.54		173.44		53.4		95.19		-150.43		-70.8		-147.96		-179.08		-165.48
19		A		-62.33		178.89		59.32		98.8		-145.76		-75.59		-150.27		-166.68		-165.56
20		A		-62.65		173.74		56.39		100.82		-154.59		-67.84		-146.97		-177.38		-169.06
21		G		-64.91		171.52		61.7		96.72		-151.22		-66.95		-149.51		-177.03		-156.88
22		C		-67.91		177.72		54.62		97.78		-151.06		-69.49		-149.21		-179.84		-162.63
23		A		-65.03		179.4		54.41		101.94		-148.33		-63.46		-150.29		-174.99		-162.56
24		U		-64.24		178.7		50.77		94.9		-153.81		-70.2		-148.66		-177.78		-150.27
