No.	   Seq		 Alpha		 Beta		Gamma		Delta		 Epsilon	 Zeta		  Chi		  Eta		 Theta

0		G		-77.09		174.22		72.27		89.79		-141.53		-74.87		-166.14		173.35		-142.42
1		G		-81.61		176.09		73.49		94.03		-140.79		-79.74		-161.74		177.87		-155.56
2		G		-75.33		175.68		70.37		85.73		-142.08		-79.99		-164.79		170.9		-149.39
3		A		-71.66		168.17		60.59		87.61		-143.01		-76.33		-158.67		177.39		-144.16
4		U		-74.49		170.52		72.34		86.48		-141.93		-79.16		-163.23		172.29		-155.51
5		A		-70.87		177.13		63.6		91.79		-137.95		-82.64		-153.52		-179.03		-150.64
6		C		-79.51		174.82		69.31		88.11		-136.69		-87.66		-158.44		163.4		-155.07
7		A		-60.59		176.07		61.2		97.01		-133.25		-84.74		-150.32		-172.65		-142.98
8		G		-73.65		174.75		67.31		91.33		-137.75		-79.95		-161.17		175.36		-144.27
9		G		-67.0		170.25		62.26		92.95		-138.93		-78.24		-155.44		178.06		-146.92
10		A		-79.92		171.5		68.59		92.05		-137.14		-82.64		-157.76		174.26		-148.49
11		C		-60.74		173.79		68.47		93.95		-137.8		-90.5		-149.58		-178.25		-164.5
12		U		-71.3		169.48		65.53		86.87		-141.9		-80.04		-162.54		178.43		-156.05
13		G		-66.99		171.2		60.97		96.38		-141.18		-85.19		-157.05		-175.69		-159.56
14		G		-72.13		172.29		62.45		85.81		-141.76		-77.7		-163.59		171.71		-146.04
15		C		-62.63		171.3		54.87		84.43		-143.79		-74.96		-161.02		175.17		-140.85
16		G		-76.6		175.06		82.03		89.43		-137.92		-78.91		-164.71		176.67		-138.97
17		G		-80.89		173.88		72.41		89.07		-144.18		-80.43		-161.8		175.47		-150.55
18		A		-72.81		171.16		65.92		92.55		-137.68		-78.61		-158.51		176.22		-148.51
19		U		-62.14		165.84		54.95		96.77		-135.36		-69.94		-151.28		-179.03		-143.77
20		U		-76.24		170.72		75.69		98.96		-135.41		-82.38		-150.33		174.17		-155.05
21		A		-95.84		174.33		78.87		105.24		-128.95		-70.25		-149.88		-153.32		-153.51
22		G		-60.13		177.65		80.56		90.04		-136.29		-75.24		-166.7		176.83		-146.81
23		U		-54.85		178.25		52.42		96.56		-132.41		-68.44		-150.18		-169.67		-139.46
24		G		-64.42		173.32		63.69		88.21		-140.01		-75.13		-164.86		167.96		-136.39
25		G		-76.32		175.03		76.71		95.72		-137.78		-74.95		-154.59		179.97		-151.04
26		G		-75.56		176.77		75.16		84.14		-140.48		-81.09		-164.69		172.26		-152.08
27		A		-66.0		169.33		65.47		97.38		-131.97		-82.34		-149.47		-172.55		-147.56
28		A		-94.59		169.89		84.08		91.5		-136.34		-85.55		-162.61		170.42		-158.05
29		A		-56.04		170.04		60.79		91.59		-141.55		-72.51		-156.3		-176.95		-143.39
30		C		-63.86		172.34		58.08		84.62		-139.85		-76.78		-162.55		168.61		-136.81
31		C		-57.91		168.82		56.26		92.09		-139.55		-73.55		-154.33		179.37		-144.64
32		A		-72.97		-177.61		73.35		97.65		-130.52		-93.75		-153.57		-166.78		-150.65
33		C		-59.5		171.4		59.19		88.15		-147.41		-76.72		-160.1		175.98		-158.24
34		G		-65.18		173.38		66.77		91.43		-139.31		-80.06		-161.12		179.71		-150.01
35		U		-58.12		167.76		53.14		93.46		-142.67		-77.99		-150.35		-178.31		-146.84
36		G		-79.36		171.24		77.83		86.82		-139.79		-80.49		-159.48		171.51		-150.4
37		G		-67.25		173.19		69.17		91.23		-141.85		-84.51		-160.16		-171.45		-161.69
38		A		-67.12		176.35		65.68		83.68		-141.72		-73.63		-166.52		175.61		-147.49
39		C		-57.12		168.68		52.4		82.2		-144.46		-66.06		-160.96		-178.65		-142.47
40		U		-70.15		174.58		59.45		86.48		-140.74		-75.29		-159.16		168.13		-140.76
41		G		-63.61		171.18		55.1		89.87		-144.94		-73.06		-156.1		-179.93		-140.01
42		U		-81.14		167.76		70.67		88.24		-139.99		-75.19		-160.48		169.13		-150.69
43		A		-63.54		171.33		59.19		99.07		-134.79		-69.83		-148.84		-179.99		-151.03
44		U		-70.1		172.16		65.38		86.39		-141.48		-74.65		-160.3		165.68		-147.77
45		C		-60.83		170.44		51.64		92.03		-140.35		-72.95		-154.02		175.63		-142.82
46		C		-83.53		173.64		73.75		82.21		-141.03		-72.19		-167.46		162.54		-144.86
47		G		-67.74		178.79		68.25		86.83		-143.41		-81.77		-159.08		177.08		-156.17
48		A		-81.55		177.07		67.31		94.85		-134.12		-77.18		-156.78		-178.95		-150.17
49		A		-68.52		173.46		67.94		90.47		-138.35		-74.32		-161.24		174.11		-135.33
50		A		-108.42		176.22		87.65		94.83		-134.44		-80.27		-159.04		171.54		-142.2
51		A		-76.42		172.6		65.82		101.23		-133.06		-80.06		-148.15		175.09		-151.55
52		A		-74.53		171.13		71.14		101.74		-133.53		-89.51		-149.01		-174.07		-156.33
53		A		-65.78		171.86		64.55		95.6		-138.04		-83.78		-151.22		-179.4		-152.18
54		A		-64.14		174.45		69.19		92.3		-139.12		-75.25		-158.63		179.36		-143.78
55		G		-66.46		172.6		67.42		93.91		-140.32		-73.9		-157.79		-178.77		-150.18
56		C		-61.43		177.31		57.18		83.3		-147.55		-74.64		-159.97		174.71		-148.83
57		C		-64.68		174.28		62.18		84.23		-146.71		-75.1		-159.48		175.88		-149.48
58		G		-79.44		172.55		76.03		90.77		-143.65		-86.72		-160.27		174.5		-160.45
59		A		-68.06		171.87		64.71		94.3		-142.14		-70.56		-155.87		-179.93		-161.95
60		C		-64.93		170.69		60.86		82.99		-145.05		-74.93		-163.4		172.07		-140.21
61		C		-72.13		177.36		66.58		90.24		-143.7		-77.76		-158.49		177.65		-147.68
62		G		-75.65		179.28		73.46		91.2		-143.2		-79.93		-161.07		-177.92		-149.44
63		C		-70.04		174.84		66.47		88.55		-145.45		-75.54		-159.67		179.92		-151.4
64		C		-64.17		176.59		58.34		88.41		-141.92		-75.12		-160.22		177.46		-147.57
65		U		-67.58		176.51		67.4		96.45		-136.21		-83.09		-153.87		-174.88		-149.1
66		G		-83.29		173.05		67.01		97.62		-136.42		-78.78		-156.71		178.49		-145.57
67		G		-75.93		172.21		64.39		93.49		-141.62		-75.79		-155.89		173.56		-148.3
68		G		-72.72		176.07		64.3		91.77		-139.47		-77.81		-158.0		175.93		-142.92
69		C		-71.93		175.75		62.5		98.16		-136.36		-81.71		-150.15		177.77		-154.51
70		A		-80.95		177.98		72.58		101.8		-133.05		-81.72		-150.79		-178.64		-152.98
71		U		-67.02		169.88		60.68		95.62		-136.94		-77.04		-152.91		174.91		-142.65
72		C		-74.59		171.32		61.53		91.28		-138.82		-77.19		-158.44		170.77		-144.88
