No.	   Seq		 Alpha		 Beta		Gamma		Delta		 Epsilon	 Zeta		  Chi		  Eta		 Theta

0		G		-70.58		176.15		68.75		94.71		-138.84		-81.57		-155.84		-178.44		-162.19
1		A		-73.4		175.93		68.58		88.33		-140.35		-79.4		-162.44		175.07		-140.48
2		C		-70.0		173.02		64.75		88.09		-143.58		-72.58		-157.69		173.54		-146.73
3		G		-75.88		177.38		67.64		85.52		-142.02		-85.0		-162.18		170.99		-147.56
4		A		-67.44		171.67		56.97		93.59		-137.52		-72.36		-153.44		-178.47		-145.1
5		U		-75.4		174.65		65.3		91.1		-138.53		-83.99		-157.79		171.26		-142.55
6		A		-67.35		174.31		58.16		103.61		-133.59		-80.84		-142.14		-171.17		-145.05
7		U		-79.15		178.82		68.89		92.98		-136.45		-85.14		-158.24		174.17		-151.5
8		C		-62.05		175.39		62.43		99.41		-135.76		-74.85		-146.75		-171.72		-146.87
9		G		-93.81		176.86		76.77		89.86		-139.58		-85.23		-162.15		171.63		-152.55
10		A		-62.48		174.02		58.47		94.55		-140.23		-75.21		-151.97		-174.81		-147.3
11		G		-76.07		173.51		73.85		86.42		-138.87		-77.36		-162.9		173.16		-145.29
12		C		-71.85		175.16		67.07		92.4		-142.62		-81.57		-150.14		175.54		-149.77
13		A		-83.32		174.97		73.55		90.5		-138.58		-81.96		-160.54		174.82		-148.57
14		U		-60.61		173.52		61.1		96.29		-137.78		-76.92		-147.81		-176.43		-149.35
15		C		-99.71		173.92		72.5		96.15		-135.22		-84.43		-155.41		171.4		-154.95
16		A		-63.0		177.66		64.52		99.66		-138.21		-82.06		-146.92		-172.46		-151.09
17		A		-91.44		177.37		83.84		101.62		-132.24		-86.02		-151.55		-177.63		-149.94
18		G		-63.21		175.92		72.94		100.2		-135.63		-85.97		-147.58		-172.6		-163.55
19		A		-85.2		177.46		86.77		98.32		-136.57		-84.26		-156.28		-177.76		-145.28
20		G		-62.67		175.28		64.63		97.63		-140.32		-77.21		-152.44		-176.1		-155.8
21		U		-73.68		173.62		69.79		92.44		-137.11		-77.71		-156.15		179.08		-145.96
22		G		-74.27		173.46		64.29		93.53		-143.41		-74.03		-154.73		176.59		-153.69
23		A		-79.15		174.69		71.14		89.2		-141.31		-81.69		-159.29		176.6		-148.12
24		A		-64.12		173.48		56.85		94.84		-140.07		-71.8		-151.59		-177.71		-148.06
25		U		-76.98		175.19		74.31		92.01		-137.01		-83.72		-156.66		171.21		-148.75
26		A		-64.54		175.47		59.1		96.15		-142.13		-77.24		-149.97		177.69		-146.84
27		U		-71.07		173.68		68.37		96.33		-135.23		-80.48		-153.49		175.14		-141.75
28		C		-69.24		176.87		62.38		91.8		-143.09		-79.71		-154.99		178.55		-149.92
29		G		-72.77		176.99		67.08		88.58		-142.42		-78.22		-160.84		173.66		-147.52
30		U		-65.53		173.15		58.04		91.8		-143.68		-76.16		-152.8		178.49		-143.83
31		C		-74.2		177.16		68.74		86.14		-142.19		-78.86		-162.69		172.76		-147.74
