No.	   Seq		 Alpha		 Beta		Gamma		Delta		 Epsilon	 Zeta		  Chi		  Eta		 Theta

0		U		-79.88		177.08		60.7		98.23		-135.93		-82.32		-152.17		-179.6		-146.49
1		G		-79.44		178.41		63.23		94.38		-137.8		-80.75		-156.17		176.94		-141.05
2		C		-82.17		175.41		61.9		95.48		-136.59		-79.37		-155.5		176.91		-143.66
3		C		-80.09		176.28		73.51		90.48		-143.69		-83.61		-158.62		177.69		-150.91
4		A		-80.49		-179.11		70.14		95.48		-138.83		-81.44		-151.89		-176.89		-145.73
5		G		-76.21		176.07		68.39		91.13		-140.56		-80.89		-157.69		173.89		-144.55
6		C		-73.53		175.28		61.15		94.61		-138.81		-81.09		-152.4		175.42		-143.31
7		G		-78.53		179.64		68.95		94.9		-139.85		-86.58		-158.2		179.38		-148.26
8		C		-84.06		-179.59		67.95		98.99		-135.68		-76.48		-150.38		-176.07		-140.29
9		G		-88.1		178.83		77.15		89.34		-141.21		-80.35		-160.46		177.22		-146.65
10		G		-69.67		177.39		56.35		97.85		-135.23		-79.69		-146.04		-176.03		-143.33
11		U		-84.02		175.19		68.4		92.19		-138.63		-81.25		-156.79		171.05		-149.43
12		A		-79.5		175.68		71.97		103.93		-132.3		-85.03		-144.54		-170.57		-158.35
13		A		-86.42		179.55		73.04		96.17		-136.92		-80.81		-155.04		175.21		-143.91
14		C		-72.76		176.26		68.57		92.32		-136.72		-75.27		-149.52		178.97		-142.4
15		G		-84.74		178.88		74.12		91.85		-139.21		-80.02		-156.79		176.72		-144.08
16		G		-71.31		175.45		65.96		88.73		-144.66		-73.06		-155.73		179.69		-150.2
17		C		-72.36		174.08		64.51		84.8		-143.71		-77.44		-161.09		175.38		-146.9
18		U		-66.46		174.2		56.52		96.64		-133.44		-81.41		-144.4		-175.07		-144.39
19		U		-95.53		179.03		71.35		98.12		-134.07		-89.39		-147.94		170.25		-143.4
20		A		-79.76		174.32		65.59		100.35		-134.23		-83.34		-145.22		-165.15		-160.95
21		A		-77.3		176.53		70.68		95.6		-136.59		-83.28		-155.72		176.22		-145.98
22		U		-57.72		175.21		57.81		100.29		-132.77		-85.66		-141.88		-166.95		-145.18
23		U		-71.26		178.4		67.47		101.54		-132.7		-85.55		-145.64		-176.55		-138.3
24		U		-72.46		179.11		55.94		98.46		-135.98		-78.23		-145.7		178.02		-140.07
25		G		-82.58		177.35		70.5		86.88		-141.27		-82.18		-160.96		169.1		-150.52
26		A		-66.27		174.43		53.2		92.98		-137.85		-78.39		-150.1		-178.62		-144.06
27		C		-69.15		173.77		64.56		85.24		-142.81		-78.4		-157.2		169.95		-145.98
28		U		-66.01		175.99		61.18		90.76		-140.38		-69.04		-152.91		-178.74		-132.6
29		C		-91.98		175.37		66.73		87.47		-140.54		-81.12		-159.62		162.18		-148.96
30		A		-67.92		175.16		61.33		91.93		-139.17		-75.86		-151.85		-179.9		-152.43
31		A		-70.87		176.89		63.25		89.51		-139.4		-77.98		-154.66		174.71		-148.01
32		C		-63.72		174.54		62.96		92.44		-140.63		-69.41		-152.21		177.35		-144.51
33		G		-85.99		-178.24		86.91		94.0		-136.08		-86.5		-158.36		177.31		-147.37
34		G		-71.12		-179.44		68.41		95.54		-137.0		-80.4		-152.66		-175.61		-155.41
35		U		-72.27		176.0		62.21		93.89		-137.25		-83.22		-156.17		178.47		-144.31
36		G		-65.52		174.25		58.26		91.14		-143.19		-69.16		-150.84		-173.88		-137.67
37		C		-94.77		179.6		77.0		88.71		-139.46		-81.49		-159.33		170.18		-148.0
38		A		-65.8		173.88		60.46		94.04		-137.64		-67.71		-149.43		-175.49		-144.78
39		U		-93.34		-178.45		78.45		97.43		-133.18		-93.11		-153.36		176.03		-154.38
40		A		-59.0		178.91		56.87		102.68		-135.35		-70.29		-144.08		-170.73		-137.06
41		U		-89.4		175.54		69.94		93.32		-135.09		-79.43		-155.63		160.82		-134.93
42		G		-64.92		179.46		59.73		99.7		-137.07		-74.32		-143.55		179.64		-143.81
43		C		-77.49		172.58		58.06		89.24		-139.41		-79.05		-158.76		169.62		-138.34
44		C		-65.24		174.63		55.79		89.82		-146.42		-75.55		-152.76		176.14		-151.23
45		A		-80.96		-179.49		69.22		90.11		-139.82		-82.29		-160.04		176.46		-143.43
46		C		-67.73		173.27		59.29		86.98		-147.9		-70.1		-155.52		167.58		-150.1
47		C		-70.12		172.71		59.14		84.12		-142.71		-76.44		-162.73		170.05		-137.96
48		G		-63.19		-178.05		59.41		91.96		-143.67		-77.0		-152.18		-179.39		-145.7
49		C		-84.58		172.62		68.26		85.25		-141.49		-79.18		-164.84		165.66		-142.24
50		G		-65.81		-178.89		66.4		95.26		-141.93		-74.18		-151.19		-174.21		-150.66
51		U		-75.6		174.01		61.09		87.38		-141.06		-76.79		-160.02		170.32		-139.53
52		C		-67.66		175.72		62.17		95.08		-142.31		-72.76		-148.54		176.4		-154.46
53		G		-88.49		178.35		77.0		91.97		-139.47		-87.19		-159.1		178.19		-148.44
54		C		-65.0		177.88		62.1		95.35		-141.49		-72.11		-149.14		178.92		-153.18
55		U		-78.86		172.7		71.86		89.34		-139.1		-80.12		-158.08		173.12		-149.88
56		A		-69.78		-178.22		64.67		99.85		-138.18		-74.09		-145.14		178.5		-149.08
57		C		-90.79		176.63		72.28		87.87		-139.3		-76.42		-162.19		164.22		-141.5
58		G		-64.76		-178.48		61.46		97.26		-139.88		-79.58		-143.9		-177.84		-151.08
59		U		-84.53		175.92		72.63		91.33		-136.36		-82.81		-156.9		170.33		-147.21
60		A		-69.32		175.8		63.46		96.46		-141.74		-75.99		-146.19		175.44		-153.73
61		A		-95.9		178.51		78.31		92.98		-136.58		-80.73		-158.71		174.53		-142.66
62		A		-64.85		175.22		58.29		91.7		-143.32		-73.35		-150.5		171.32		-145.09
63		A		-86.83		177.62		82.86		90.9		-137.53		-80.1		-160.11		174.65		-145.42
64		G		-63.47		175.85		59.08		92.18		-144.95		-74.32		-150.65		172.18		-148.91
65		U		-76.58		176.95		67.88		89.37		-141.46		-82.66		-158.96		173.82		-146.03
66		C		-66.54		176.86		59.45		92.38		-144.28		-74.92		-149.34		171.93		-149.68
