No.	   Seq		 Alpha		 Beta		Gamma		Delta		 Epsilon	 Zeta		  Chi		  Eta		 Theta

0		G		-70.64		175.71		56.84		82.45		-147.92		-75.15		-161.04		171.54		-141.48
1		C		-72.97		177.66		61.77		91.57		-138.55		-79.15		-159.09		169.94		-144.65
2		C		-66.54		172.57		57.03		84.3		-146.22		-70.22		-159.46		173.79		-133.99
3		C		-80.24		176.14		67.76		85.02		-144.63		-78.0		-162.58		171.83		-144.95
4		G		-69.0		175.5		75.34		95.8		-135.78		-61.31		-157.06		-164.25		-149.64
5		C		-76.78		174.03		68.76		84.85		-139.0		-85.8		-160.55		168.9		-154.3
6		A		-61.54		179.12		57.38		120.33		-114.27		-89.29		-121.93		-152.87		-125.93
7		U		-77.78		175.83		68.93		98.39		-130.93		-97.32		-149.27		167.98		-136.67
8		G		-72.38		-172.72		121.22		111.95		-127.31		-78.65		-144.52		-129.19		-165.18
9		G		-95.17		179.39		66.75		88.02		-138.57		-76.59		-164.5		173.37		-137.41
10		U		-61.37		176.85		47.77		91.07		-144.67		-73.97		-144.74		-168.16		-140.46
11		G		-158.48		-177.69		130.95		87.42		-135.85		-85.12		-160.03		171.02		-157.78
12		A		-89.04		170.95		58.96		91.25		-151.99		-67.2		-148.87		-163.94		-152.23
13		A		-128.85		171.65		99.84		86.9		-135.8		-89.49		-159.64		167.04		-152.06
14		A		-59.49		177.84		63.32		113.23		-117.29		-159.97		-127.45		-135.27		-145.13
15		U		-146.19		177.63		110.14		104.41		-123.71		-81.06		-146.75		170.72		-127.89
16		C		-69.71		-175.37		70.23		108.35		-140.46		-58.04		-134.83		-147.54		-149.21
17		G		175.88		-175.1		120.92		108.16		-125.7		-105.31		-147.36		-168.89		-157.92
18		G		-55.99		-167.75		54.6		117.21		-119.48		-127.22		-123.09		-155.21		176.72
19		U		-67.0		171.76		65.75		103.13		-128.0		-96.85		-140.56		-173.53		-145.1
20		A		-120.64		-169.32		100.8		108.97		-134.84		-87.14		-136.17		-155.91		178.43
21		A		-164.88		173.28		101.56		96.17		-131.64		-108.27		-156.51		177.41		-160.56
22		A		-70.03		-177.55		59.52		91.65		-142.75		-56.46		-149.89		179.51		-148.37
23		C		-82.76		171.42		68.08		82.84		-143.59		-71.47		-161.73		165.12		-137.13
24		A		-67.17		-170.79		59.92		90.93		-151.77		-55.9		-150.54		-173.74		-137.14
25		C		-88.0		165.64		77.87		74.31		-148.45		-75.54		-169.65		162.49		-154.39
26		A		-63.29		-177.02		49.44		97.94		-150.98		-62.07		-137.2		171.83		-154.16
27		U		-95.64		171.19		75.2		86.81		-139.8		-73.89		-163.05		153.24		-136.53
28		C		-75.47		179.08		62.36		97.55		-147.57		-72.41		-149.39		171.26		-157.18
29		G		-98.59		167.2		80.89		84.76		-141.1		-72.97		-173.59		167.02		-141.95
30		C		-65.44		-179.95		49.38		85.99		-155.05		-65.59		-150.05		174.88		-149.91
31		A		-76.28		169.42		55.73		84.11		-142.22		-70.0		-163.85		173.57		-135.41
32		C		-83.43		-168.67		64.1		105.49		-135.2		-69.95		-133.92		171.8		172.48
33		A		-178.39		-173.54		111.1		89.73		-136.21		-81.97		-173.92		159.29		-156.08
34		A		-56.24		172.98		55.53		99.45		-138.59		-59.41		-143.77		-179.89		-144.2
35		U		-75.41		162.46		66.75		84.13		-138.18		-66.1		-165.52		165.25		-127.19
36		G		-66.18		-172.97		68.44		105.41		-132.6		-76.11		-139.45		-146.68		-135.07
37		C		-92.06		170.21		63.28		85.54		-145.74		-74.5		-159.56		152.05		-144.39
38		G		-58.76		173.42		58.24		99.64		-144.16		-73.41		-148.15		-165.69		-162.77
39		C		-87.6		174.33		77.53		79.76		-147.13		-76.68		-173.48		170.18		-152.38
40		C		-64.67		169.22		53.04		84.71		-155.17		-72.19		-153.72		164.89		-149.05
41		G		-89.62		174.31		76.56		83.32		-141.91		-79.81		-168.75		171.67		-139.58
42		C		-69.43		178.48		62.45		92.8		-145.36		-69.22		-155.98		169.67		-145.14
43		C		-79.8		168.63		65.69		76.84		-148.16		-73.88		-166.96		168.77		-142.27
44		U		-61.38		-178.72		51.59		109.84		-133.7		-108.12		-128.33		-166.72		-145.04
45		C		-65.36		169.08		64.53		93.31		-136.86		-73.64		-158.01		173.13		-147.33
46		U		-59.15		171.35		54.46		95.71		-140.24		-80.71		-142.56		-177.02		-142.63
47		G		-77.02		171.57		63.48		87.63		-139.18		-69.52		-162.01		166.46		-132.0
48		G		-59.48		164.57		54.69		81.29		-147.84		-68.49		-162.42		168.08		-137.23
49		C		-68.42		-179.64		68.8		87.29		-140.72		-75.68		-153.79		178.07		-137.99
50		U		-61.51		166.6		55.39		91.2		-143.0		-68.91		-147.52		164.64		-134.78
51		U		-98.45		175.87		87.13		109.84		-128.4		-170.83		-143.83		-177.44		134.91
52		G		-50.51		167.08		57.65		94.72		-130.98		-64.22		-153.79		135.29		-135.01
53		C		-85.12		-177.1		64.75		75.14		-146.26		-73.72		-169.22		157.33		-138.32
54		C		-67.72		175.06		64.58		84.81		-142.65		-74.26		-156.71		166.24		-144.85
55		G		-162.17		-174.76		129.3		79.12		-140.29		-84.05		-170.38		168.01		-152.91
56		G		-62.53		171.53		70.99		82.34		-146.05		-79.16		-166.74		172.63		-147.7
57		U		-55.19		170.53		49.95		83.35		-135.92		-74.98		-157.22		164.96		-122.96
58		U		-64.74		-179.17		62.55		85.18		-135.51		-76.07		-156.53		167.31		-130.79
59		C		162.8		170.04		82.81		84.2		-135.26		-81.87		-163.09		61.21		-151.75
60		A		-65.33		174.7		59.52		84.18		-144.81		-82.72		-157.94		173.02		-151.47
61		A		-61.24		-167.0		63.74		105.92		-121.04		-112.8		-136.41		-157.8		-133.63
62		G		60.52		176.41		75.89		97.45		-122.68		-74.31		-152.53		96.88		-121.81
63		U		-54.17		-178.99		81.04		104.39		-123.22		-77.44		-146.62		177.61		-112.59
64		C		-73.62		-175.82		69.85		84.11		-141.1		-82.66		-160.69		157.65		-142.56
65		C		-79.16		174.83		62.38		76.28		-146.13		-73.03		-169.71		162.52		-148.56
66		G		-73.24		179.55		72.84		81.69		-144.21		-80.18		-167.37		174.03		-153.91
67		G		-68.15		176.94		64.74		72.23		-152.04		-72.5		-173.66		166.68		-145.58
68		C		-64.57		172.23		58.47		78.11		-146.82		-70.29		-165.28		165.59		-143.81
69		U		-68.8		172.4		62.3		82.78		-141.39		-81.67		-165.66		164.98		-148.32
70		G		-66.63		-177.39		69.22		86.18		-140.87		-86.0		-162.19		171.59		-162.1
71		C		-70.38		171.71		57.48		77.43		-145.41		-69.55		-166.27		161.21		-145.29
72		G		-84.46		-178.13		82.81		84.02		-138.05		-79.23		-167.87		169.74		-150.95
73		G		-64.99		172.56		62.3		81.61		-143.04		-71.72		-168.89		170.14		-146.12
74		G		-90.78		173.35		70.7		85.82		-142.81		-72.92		-161.21		162.49		-146.75
75		C		-76.09		171.9		61.47		81.82		-145.98		-76.43		-163.03		166.92		-141.14
76		A		-81.11		-179.1		76.06		88.43		-133.91		-77.86		-160.17		170.56		-150.49
77		C		-78.27		167.35		64.48		85.58		-133.9		-64.31		-161.57		172.96		-147.32
78		C		-75.19		171.98		62.36		86.86		-138.21		-79.37		-156.33		161.53		-155.54
79		A		-73.71		175.14		58.83		96.02		-135.76		-78.59		-155.18		175.34		-140.47
