No.	   Seq		 Alpha		 Beta		Gamma		Delta		 Epsilon	 Zeta		  Chi		  Eta		 Theta

0		G		-80.19		172.82		71.91		82.33		-144.74		-74.76		-171.06		168.63		-152.79
1		G		-71.38		175.43		68.39		84.45		-142.13		-79.61		-166.86		168.43		-142.16
2		C		-71.22		170.62		58.4		82.39		-146.08		-74.07		-163.51		163.4		-141.44
3		G		-87.31		176.86		80.64		85.72		-141.3		-79.09		-167.31		170.87		-145.43
4		C		-71.79		174.28		61.3		86.04		-142.15		-78.97		-159.63		168.53		-151.37
5		G		-75.94		174.44		70.75		81.84		-145.62		-80.27		-166.96		164.23		-149.2
6		A		-80.17		175.52		64.93		93.57		-136.69		-82.61		-156.01		175.81		-141.91
7		G		-83.14		176.23		74.14		85.59		-139.87		-75.5		-164.59		164.8		-145.05
8		G		-85.8		177.19		79.07		94.45		-134.86		-85.7		-154.59		178.76		-150.81
9		A		-104.7		176.96		68.6		98.87		-133.72		-89.5		-154.54		-178.11		-154.97
10		A		-73.17		175.44		74.08		92.34		-134.81		-76.62		-158.83		-178.88		-143.23
11		G		-82.17		175.48		76.03		89.87		-136.78		-74.57		-162.68		-174.75		-144.09
12		G		-85.52		174.03		73.96		85.59		-142.09		-79.08		-162.07		166.18		-155.32
13		A		-97.0		178.72		92.85		91.89		-135.37		-74.46		-160.5		-176.66		-137.73
14		G		-97.72		170.82		87.76		87.17		-137.78		-78.94		-164.29		172.38		-148.35
15		G		-74.24		172.89		76.19		91.02		-138.22		-74.62		-162.03		174.7		-141.26
16		U		-75.81		172.39		68.8		97.14		-131.76		-84.08		-148.9		174.57		-137.93
17		C		-84.14		175.37		73.19		93.12		-134.68		-79.89		-153.14		168.64		-143.44
18		U		-73.42		173.46		69.17		98.76		-133.39		-87.37		-150.54		-176.41		-147.73
19		G		-89.28		179.95		83.84		97.86		-136.82		-96.48		-151.69		-173.64		-164.67
20		A		-64.99		179.38		70.66		95.24		-135.15		-75.46		-157.34		-173.89		-140.29
21		G		-70.64		-179.99		85.56		90.99		-135.97		-73.99		-161.67		170.51		-139.38
22		G		-73.89		177.9		77.44		88.24		-139.95		-81.36		-162.88		174.84		-151.22
23		A		-67.57		173.96		64.83		92.37		-137.81		-71.9		-156.7		176.69		-135.9
24		G		-74.99		170.47		66.84		83.86		-142.65		-74.17		-167.07		164.94		-142.51
25		G		-63.68		179.84		57.36		85.31		-142.46		-71.09		-164.57		176.58		-137.03
26		U		-70.86		168.98		52.97		84.79		-142.57		-68.86		-161.31		164.05		-134.1
27		C		-74.59		179.08		62.95		85.23		-143.16		-77.81		-158.96		164.73		-148.08
28		A		-68.34		176.7		60.77		83.38		-144.6		-76.03		-166.5		173.07		-147.52
29		C		-66.18		176.68		55.18		85.04		-141.08		-76.44		-159.5		167.02		-147.15
30		U		-65.68		175.15		65.15		87.75		-139.17		-76.68		-158.68		170.48		-147.26
31		G		-68.25		178.36		64.32		84.71		-141.85		-77.01		-162.07		164.3		-147.38
32		C		-67.95		170.55		59.22		84.28		-144.45		-72.1		-165.77		168.34		-142.85
33		G		-68.21		176.95		56.02		92.16		-140.58		-83.01		-155.81		176.45		-150.19
34		C		-73.88		175.74		67.31		85.51		-140.41		-71.48		-164.6		171.63		-143.99
35		C		-68.02		174.58		65.09		84.72		-142.66		-72.64		-163.76		171.65		-145.67
