No.	   Seq		 Alpha		 Beta		Gamma		Delta		 Epsilon	 Zeta		  Chi		  Eta		 Theta

0		G		-74.02		171.32		65.99		92.44		-138.83		-81.26		-156.69		179.41		-149.9
1		G		-65.16		172.73		61.43		90.75		-143.71		-69.95		-158.41		176.24		-154.32
2		C		-65.28		172.87		60.91		90.6		-141.76		-78.11		-159.86		175.93		-152.21
3		C		-69.69		171.74		59.24		86.66		-144.19		-74.44		-157.5		169.8		-145.88
4		C		-67.86		172.25		59.63		84.69		-144.73		-76.9		-159.98		172.49		-146.85
5		G		-63.37		171.64		57.5		87.65		-144.44		-69.89		-155.85		178.56		-147.3
6		G		-70.46		173.65		65.92		91.44		-140.1		-76.67		-159.17		176.86		-154.15
7		A		-64.62		171.74		56.89		107.91		-122.84		-71.04		-135.68		-170.39		-124.85
8		U		-74.15		175.2		70.81		103.62		-128.35		-91.97		-144.72		179.06		-161.55
9		A		-69.41		177.63		72.6		105.02		-126.6		-72.63		-142.65		-167.87		-151.12
10		G		-86.44		169.76		64.76		91.72		-136.8		-72.98		-161.83		169.06		-145.99
11		C		-61.77		172.01		55.76		88.7		-142.24		-62.42		-153.24		-176.74		-142.28
12		U		-68.49		170.62		59.07		90.64		-139.92		-74.79		-149.31		-176.67		-154.11
13		C		-68.66		171.49		69.82		94.27		-145.11		-68.8		-148.3		-173.21		-174.9
14		A		-79.49		168.18		78.48		91.27		-138.22		-72.23		-159.88		-178.01		-145.05
15		G		-58.69		172.25		64.23		95.55		-139.8		-75.39		-146.23		-177.7		-172.58
16		U		-62.12		169.08		59.76		95.73		-133.44		-80.6		-146.94		177.19		-148.72
17		C		-63.22		167.88		61.9		102.59		-136.4		-69.98		-145.68		-159.51		-166.36
18		G		-76.19		172.48		68.12		105.49		-133.83		-89.58		-145.29		-155.94		-154.08
19		G		-60.23		172.4		50.59		110.56		-128.24		-70.79		-131.26		-149.15		-165.37
20		U		-67.62		171.3		65.21		107.38		-125.26		-94.99		-137.45		-159.42		167.94
21		A		-52.43		174.71		68.66		107.4		-128.99		-73.24		-139.41		-139.71		-177.63
22		G		-64.19		163.26		69.58		88.98		-143.15		-75.13		-155.9		175.5		-164.43
23		A		-64.21		173.54		57.65		94.37		-143.83		-66.41		-149.99		177.76		-153.0
24		G		-65.04		168.23		63.23		88.88		-141.28		-70.15		-155.54		177.32		-142.71
25		C		-63.11		175.08		56.69		86.38		-147.9		-66.92		-152.41		173.82		-149.96
26		A		-63.43		161.91		55.72		89.46		-145.13		-64.13		-154.75		-178.05		-143.42
27		U		-61.2		172.09		50.03		94.29		-142.59		-70.47		-139.17		175.86		-162.88
28		C		-60.52		171.52		60.88		85.26		-145.02		-66.03		-156.12		171.71		-157.84
29		A		-61.2		171.89		55.48		91.15		-142.8		-70.48		-151.42		176.61		-151.36
30		G		-67.4		171.68		75.68		89.72		-140.49		-72.09		-160.79		170.82		-158.63
31		A		-60.53		170.16		60.28		87.11		-140.14		-64.81		-155.4		178.2		-137.19
32		C		-64.62		166.81		61.04		86.55		-145.37		-67.36		-156.04		174.48		-141.27
33		U		-57.23		176.82		58.64		97.3		-137.14		-69.63		-143.3		-175.16		-145.02
34		U		-66.69		175.3		65.06		100.44		-134.77		-74.3		-142.8		-163.48		-155.77
35		U		-61.89		169.59		56.64		98.05		-138.6		-53.62		-144.54		177.04		-163.34
36		U		-62.59		176.47		72.24		100.31		-133.48		-73.42		-144.97		-174.57		-166.55
37		A		-69.46		171.74		60.27		96.24		-136.2		-71.19		-150.21		174.74		-160.31
38		A		-58.61		169.37		64.15		96.04		-135.2		-69.23		-151.81		-177.66		-144.3
39		U		-58.63		169.48		62.79		92.04		-142.96		-68.94		-148.78		177.73		-149.67
40		C		-60.42		172.84		57.23		89.02		-146.3		-75.44		-148.95		179.39		-162.21
41		U		-59.03		169.26		54.49		93.83		-144.86		-70.45		-149.6		-168.64		-160.06
42		G		-60.15		175.68		63.72		93.21		-145.91		-79.57		-151.13		175.43		-174.18
43		A		-59.61		167.48		57.12		89.47		-145.36		-71.08		-152.45		-178.85		-154.27
44		G		-59.03		165.49		61.18		90.16		-142.94		-72.14		-156.48		175.37		-151.8
45		G		-55.82		169.24		59.08		92.97		-138.55		-74.92		-153.25		-165.3		-149.57
46		G		-60.2		172.61		55.52		97.96		-140.47		-75.71		-143.42		-171.83		-145.06
47		U		-56.99		165.96		58.2		102.42		-131.38		-68.42		-140.91		-161.05		-129.86
48		C		-64.5		173.77		65.96		109.02		-134.01		-63.9		-141.41		-157.81		139.43
49		C		-54.37		172.0		56.07		96.49		-141.04		-73.7		-148.88		-159.92		-166.46
50		A		-63.76		176.13		55.77		92.89		-142.13		-70.85		-150.77		-175.54		-149.6
51		G		-58.94		167.88		66.46		91.74		-140.49		-71.1		-153.65		-179.38		-148.07
52		G		-64.16		171.7		72.26		90.21		-139.69		-73.14		-156.22		177.1		-149.71
53		G		-57.28		171.34		62.12		93.85		-139.44		-70.82		-153.71		-177.32		-149.41
54		U		-59.97		172.42		53.69		95.16		-136.07		-69.78		-146.97		179.45		-137.69
55		U		-62.39		167.79		55.27		91.64		-135.35		-65.34		-149.95		171.07		-134.71
56		C		-79.33		170.76		56.28		90.1		-140.96		-70.74		-152.96		144.1		-146.34
57		A		-61.7		171.17		55.0		88.3		-144.25		-69.35		-153.57		171.58		-148.51
58		A		-59.43		176.94		59.18		103.67		-131.39		-91.59		-135.62		-168.1		-150.79
59		G		-50.75		174.62		69.48		90.87		-136.28		-69.42		-157.32		172.97		-139.07
60		U		-57.7		169.01		57.85		100.55		-131.69		-72.85		-146.48		-178.17		-128.96
61		C		-60.27		172.71		52.62		87.48		-144.53		-71.0		-153.74		164.92		-145.21
62		C		-62.21		170.25		52.72		84.57		-148.72		-70.01		-158.4		170.87		-152.2
63		C		-59.82		167.42		51.86		84.74		-149.76		-69.54		-153.12		171.13		-148.59
64		U		-59.83		170.48		56.88		86.02		-147.47		-72.02		-156.53		175.42		-148.13
65		G		-58.48		169.6		58.43		90.11		-143.23		-75.69		-157.0		-178.72		-150.88
66		U		-57.5		170.07		56.06		90.69		-140.79		-71.79		-156.3		175.29		-149.33
67		U		-57.84		174.48		63.0		91.21		-139.88		-80.45		-151.65		177.12		-154.91
68		C		-65.96		171.86		60.19		90.26		-141.71		-79.95		-152.79		173.86		-156.43
69		G		-63.6		174.43		64.78		93.0		-142.52		-78.9		-154.04		-178.79		-163.74
70		G		-62.93		175.41		62.13		92.37		-142.54		-86.22		-153.06		-174.74		-159.86
71		G		-61.8		174.33		66.99		89.66		-142.61		-73.52		-155.32		176.11		-152.54
72		C		-65.42		170.72		68.22		88.97		-141.35		-77.69		-157.07		179.68		-150.41
73		G		-59.05		174.89		65.49		94.41		-137.86		-81.98		-151.53		-177.67		-159.24
74		C		-63.93		172.6		59.97		94.12		-134.87		-77.4		-151.82		-174.83		-151.1
75		C		-66.62		173.53		67.48		97.09		-132.42		-83.65		-147.85		-178.16		-160.44
76		A		-67.35		174.89		67.86		102.51		-131.69		-88.58		-147.83		-173.23		-153.61
