No.	   Seq		 Alpha		 Beta		Gamma		Delta		 Epsilon	 Zeta		  Chi		  Eta		 Theta

0		U		-73.33		174.68		59.82		95.16		-139.58		-75.46		-153.01		178.76		-140.78
1		U		-77.47		178.14		64.49		98.19		-137.66		-79.68		-150.09		-178.35		-137.85
2		C		-78.5		179.91		62.38		91.95		-143.34		-80.77		-152.71		173.25		-150.87
3		C		-73.35		178.98		63.84		89.1		-143.95		-78.26		-158.88		175.05		-145.46
4		C		-67.02		177.31		57.53		85.51		-146.11		-76.57		-155.71		175.19		-142.82
5		C		-71.16		178.06		60.14		88.7		-145.1		-80.92		-154.59		175.34		-145.95
6		A		-68.77		177.49		59.87		90.07		-141.24		-74.17		-153.28		174.82		-136.64
7		C		-74.96		176.15		66.14		87.78		-142.98		-80.89		-157.69		170.04		-146.04
8		A		-66.34		179.58		68.28		100.91		-133.18		-85.43		-144.85		-176.23		-144.33
9		U		-74.49		-179.56		68.25		103.66		-134.02		-91.41		-145.7		-175.05		-149.8
10		U		-64.61		179.55		66.14		105.54		-131.66		-86.72		-143.88		-170.35		-148.31
11		G		-89.38		179.68		70.23		98.7		-137.17		-83.18		-154.12		-178.97		-144.55
12		G		-78.01		-179.64		69.35		96.93		-141.95		-84.08		-153.09		-175.57		-155.78
13		A		-75.68		-178.87		70.18		96.57		-138.61		-81.23		-152.37		-173.16		-148.06
14		C		-70.67		175.74		68.83		89.47		-145.93		-78.88		-157.13		-179.47		-150.21
15		G		-82.29		178.86		73.18		93.41		-141.7		-84.28		-157.87		-177.84		-148.86
16		U		-67.95		175.66		57.38		94.08		-143.38		-77.11		-152.54		-178.36		-150.01
17		U		-74.37		176.19		60.74		94.75		-139.05		-80.11		-150.48		176.06		-146.4
18		C		-72.69		177.91		62.11		95.8		-142.21		-79.36		-152.06		-176.17		-150.14
19		A		-76.44		179.49		65.44		100.03		-137.38		-88.73		-149.02		-175.9		-150.55
20		G		-67.38		-177.9		63.48		101.48		-135.14		-82.75		-147.76		-167.15		-150.73
21		U		-72.68		-179.75		66.45		96.72		-137.34		-81.77		-151.41		178.95		-142.04
22		C		-69.33		178.49		62.45		99.15		-138.12		-78.32		-149.53		-176.58		-142.86
