No.	   Seq		 Alpha		 Beta		Gamma		Delta		 Epsilon	 Zeta		  Chi		  Eta		 Theta

0		G		-82.76		173.05		82.59		83.38		-145.9		-73.1		-171.21		174.41		-149.89
1		A		-85.6		169.98		70.16		84.93		-144.26		-74.5		-167.77		167.25		-150.71
2		G		-80.95		174.84		74.59		84.17		-141.67		-78.49		-165.36		166.46		-141.79
3		U		-80.51		166.31		66.54		86.86		-142.04		-81.11		-160.0		170.3		-154.58
4		G		-96.26		173.57		90.13		84.44		-143.97		-74.84		-169.86		172.12		-149.7
5		A		-96.66		170.26		71.54		87.98		-140.93		-76.53		-165.64		167.01		-151.88
6		G		-75.55		176.5		73.73		88.82		-136.38		-79.02		-161.79		169.75		-139.97
7		U		-77.35		167.57		63.28		89.23		-139.07		-85.2		-155.66		173.05		-153.86
8		G		-125.79		175.7		101.63		90.35		-139.84		-76.23		-165.68		177.97		-149.24
9		A		-120.62		170.17		74.6		92.59		-137.31		-78.71		-162.68		169.24		-150.13
10		G		-72.63		177.28		69.42		85.75		-138.26		-78.05		-163.24		168.52		-140.93
11		U		-77.96		169.28		65.2		92.71		-135.62		-87.31		-152.18		175.93		-151.07
12		G		-126.33		176.58		102.01		89.87		-139.9		-75.72		-165.43		-178.12		-151.59
13		A		-114.87		173.27		82.25		94.67		-135.94		-82.19		-161.43		177.14		-149.5
14		G		-69.1		176.82		62.39		86.9		-136.57		-76.74		-161.09		166.15		-134.66
15		U		-81.7		170.35		70.62		96.23		-131.75		-89.26		-149.89		178.06		-145.96
16		G		-102.03		176.16		93.33		93.55		-136.62		-80.08		-160.12		178.93		-151.08
17		A		-99.86		172.06		82.07		94.58		-135.23		-84.43		-158.64		177.71		-147.59
18		G		-70.13		178.69		70.41		95.67		-130.37		-81.09		-154.67		175.19		-132.33
19		U		-81.07		172.54		73.41		97.93		-130.73		-87.53		-149.09		-178.51		-145.34
20		G		-87.71		177.23		94.98		91.91		-138.14		-79.26		-161.06		173.79		-156.27
21		A		-86.52		171.05		80.91		91.67		-137.19		-79.38		-162.96		178.21		-147.15
22		G		-65.37		177.61		72.32		90.44		-133.82		-76.43		-158.32		170.86		-138.54
23		U		-68.02		170.59		67.14		92.5		-134.25		-81.0		-153.58		-179.77		-142.8
24		G		-74.0		174.77		78.75		86.27		-142.88		-74.74		-164.12		163.5		-148.92
25		A		-77.1		168.65		68.12		90.56		-138.98		-76.32		-164.23		176.23		-143.75
26		G		-64.9		176.11		68.72		84.12		-138.48		-75.32		-162.74		166.25		-141.37
27		U		-65.06		169.88		60.96		90.9		-135.58		-80.33		-155.29		-179.41		-144.04
28		G		-71.97		176.82		71.4		85.75		-143.02		-79.05		-162.44		165.23		-149.21
29		A		-75.91		169.5		67.52		89.36		-139.71		-73.61		-167.71		178.59		-140.78
30		G		-63.74		177.92		69.63		84.97		-137.43		-75.73		-161.49		169.26		-144.38
31		U		-62.9		170.87		61.73		90.89		-135.62		-76.65		-157.22		-175.79		-144.27
32		G		-71.23		179.17		66.07		89.74		-140.65		-79.75		-159.93		170.1		-145.95
33		A		-76.95		171.94		69.99		93.9		-137.39		-74.69		-166.42		-172.68		-140.36
34		G		-63.13		177.27		66.98		85.21		-139.01		-72.08		-163.14		169.63		-143.79
35		U		-65.17		170.08		61.79		89.85		-137.49		-74.52		-159.45		-178.06		-143.36
36		G		-74.66		179.1		63.92		88.22		-143.55		-79.16		-161.85		170.95		-146.06
37		A		-75.26		174.46		69.54		88.8		-141.18		-75.07		-167.51		-177.83		-141.04
38		G		-69.15		176.8		68.55		82.99		-141.9		-73.79		-165.52		166.55		-147.39
39		U		-64.7		170.61		61.95		86.41		-139.65		-73.53		-162.56		176.69		-143.03
40		G		-74.91		178.93		60.14		88.86		-143.55		-78.77		-161.17		171.04		-146.52
41		A		-72.74		175.99		64.87		84.14		-144.35		-74.58		-167.64		174.85		-138.89
42		G		-75.08		176.59		70.26		86.03		-140.24		-75.07		-162.4		166.43		-145.78
43		U		-66.16		171.72		65.69		87.05		-139.9		-74.08		-164.31		176.66		-143.42
