No.	   Seq		 Alpha		 Beta		Gamma		Delta		 Epsilon	 Zeta		  Chi		  Eta		 Theta

0		A		-70.64		174.1		54.6		93.68		-137.99		-74.61		-149.53		-179.69		-140.33
1		U		-77.27		176.03		62.75		96.9		-130.41		-91.68		-152.23		176.12		-140.91
2		A		-79.55		169.92		58.37		94.31		-135.66		-79.16		-150.73		178.5		-144.82
3		A		-92.06		175.74		69.9		97.95		-139.31		-83.08		-155.89		177.07		-146.9
4		A		-64.93		174.63		56.99		92.29		-142.17		-66.28		-146.22		179.23		-131.74
5		C		-84.75		178.11		78.01		91.57		-139.24		-87.1		-154.58		174.32		-153.95
6		C		-62.0		167.3		58.2		88.02		-144.54		-71.11		-152.09		174.66		-145.23
7		G		-81.95		170.82		90.07		83.26		-145.51		-74.4		-171.23		176.23		-159.48
8		A		-62.64		174.27		56.7		93.99		-140.22		-73.87		-150.1		-176.45		-146.8
9		C		-69.3		170.88		63.69		81.93		-142.45		-76.22		-158.8		165.88		-143.93
10		G		-63.73		179.3		95.54		89.87		-143.11		-73.63		-161.67		-175.54		-147.67
11		G		-82.09		173.54		79.9		99.83		-138.08		-75.38		-155.45		-162.06		-159.31
12		U		-61.92		176.36		79.38		98.68		-138.98		-74.13		-150.03		-170.97		-175.54
13		A		-78.19		177.41		64.71		100.16		-129.08		-86.19		-148.81		-175.9		-131.02
14		U		-62.47		172.98		68.44		98.07		-137.84		-70.69		-151.19		176.07		-154.37
15		U		-74.59		175.24		71.85		95.04		-138.71		-81.1		-150.79		176.67		-141.4
16		G		-73.76		178.75		64.16		95.33		-142.63		-72.78		-152.72		-167.94		-161.55
17		U		-59.2		176.81		55.48		96.17		-133.66		-74.31		-150.54		179.12		-127.31
18		U		-57.19		177.31		61.29		94.95		-139.19		-66.63		-150.23		-164.25		-154.17
19		C		-138.25		179.87		88.85		87.76		-139.21		-82.1		-162.4		150.09		-153.44
20		A		-66.53		168.55		61.54		84.37		-146.66		-58.08		-161.58		166.62		-144.91
21		G		-81.95		174.71		78.19		88.88		-134.51		-103.63		-154.17		170.3		-154.3
22		A		-52.27		174.47		47.66		105.25		-132.33		-62.17		-136.4		-166.76		-135.64
23		U		-80.25		173.86		79.11		102.44		-129.45		-77.6		-150.11		167.75		-112.49
24		C		-65.58		-178.44		60.44		104.5		-136.06		-80.64		-139.68		-175.56		-159.01
25		C		-61.68		175.39		57.51		88.89		-137.95		-79.29		-159.47		175.85		-156.13
26		U		-51.77		173.85		49.63		94.15		-144.5		-79.11		-143.53		-170.86		-159.98
27		G		-62.88		174.13		59.4		86.48		-143.9		-75.07		-161.19		-179.07		-144.82
28		G		-62.13		166.48		67.22		88.3		-146.39		-66.83		-156.24		172.02		-145.34
29		C		-71.6		177.0		76.64		88.48		-136.43		-77.5		-158.47		178.95		-163.84
30		U		-49.69		172.19		52.42		94.43		-139.87		-76.22		-143.59		-176.14		-157.13
31		U		-83.44		168.2		63.53		89.41		-136.89		-68.87		-158.58		164.8		-131.73
32		G		-72.15		167.71		62.11		86.67		-145.94		-69.36		-157.19		163.71		-148.96
33		C		-69.22		173.42		59.18		74.34		-147.91		-68.66		-167.56		163.44		-143.5
34		C		-66.18		173.22		54.6		86.03		-141.59		-74.2		-149.74		164.78		-147.98
35		A		-87.19		-179.68		79.01		86.83		-141.6		-85.1		-162.73		175.54		-148.48
36		A		-62.94		172.16		61.95		87.75		-139.98		-70.19		-155.3		170.37		-136.92
37		C		-80.34		172.46		72.91		79.83		-139.87		-75.22		-165.51		153.75		-144.6
38		A		-55.88		-179.65		63.53		86.61		-137.56		-73.8		-159.37		170.93		-142.74
39		G		-70.85		170.76		65.89		89.37		-137.36		-76.02		-160.63		168.81		-138.58
40		G		-74.21		-178.92		68.12		90.39		-140.43		-79.28		-155.08		174.97		-147.79
41		A		-76.47		178.77		67.19		89.95		-136.06		-71.81		-165.31		174.87		-131.45
42		G		-61.56		172.7		60.19		91.74		-137.34		-77.0		-152.27		173.95		-154.2
43		U		-65.24		174.72		59.56		100.07		-132.36		-82.08		-148.71		-176.96		-144.47
44		U		-65.64		169.39		59.77		93.52		-140.24		-83.59		-149.18		168.45		-142.5
45		C		-76.66		175.53		65.42		87.99		-141.28		-76.85		-159.98		173.05		-144.48
46		C		-68.82		177.55		58.22		85.41		-146.35		-69.29		-160.5		174.75		-156.05
47		C		-70.84		178.44		60.06		77.64		-148.64		-77.97		-164.7		167.31		-152.37
48		C		-60.21		175.32		58.25		82.24		-147.63		-76.08		-158.09		168.65		-147.95
49		G		-64.45		172.84		69.39		84.62		-139.54		-80.6		-163.31		171.9		-147.25
50		C		-66.01		173.03		63.52		86.98		-142.88		-75.28		-160.15		166.62		-148.85
51		G		-73.06		176.7		75.5		84.8		-139.49		-73.13		-164.53		166.25		-142.78
52		C		-81.34		179.27		68.52		89.74		-137.18		-74.22		-159.83		176.66		-136.11
53		C		-69.58		168.77		64.71		83.65		-141.73		-74.85		-164.68		167.0		-143.46
54		A		-71.31		175.73		63.31		100.24		-135.25		-88.53		-145.84		-176.84		-157.72
55		G		-75.47		179.42		66.6		90.31		-140.64		-79.83		-158.1		170.28		-150.43
56		C		-78.7		179.21		82.28		91.56		-135.8		-80.08		-155.74		171.96		-154.55
57		G		-78.47		-179.45		90.35		89.62		-136.12		-80.77		-161.12		173.64		-156.22
58		G		-68.65		174.11		63.61		96.34		-136.69		-86.86		-151.31		177.12		-170.81
59		G		-71.08		171.22		62.66		86.21		-140.09		-71.59		-163.67		170.08		-151.36
60		G		-73.07		174.35		68.24		88.15		-139.87		-78.92		-156.48		167.86		-152.74
