No.	   Seq		 Alpha		 Beta		Gamma		Delta		 Epsilon	 Zeta		  Chi		  Eta		 Theta

0		C		-66.85		168.95		61.43		95.43		-132.62		-80.39		-156.15		-178.13		-148.42
1		G		-69.76		174.58		62.47		95.79		-134.87		-77.44		-156.27		-173.24		-150.13
2		U		-75.09		178.78		65.82		102.06		-132.36		-79.54		-143.53		-173.76		-148.44
3		G		-74.44		172.9		63.38		91.63		-140.59		-79.43		-156.22		167.11		-154.78
4		G		-63.1		169.12		56.36		89.81		-141.26		-72.24		-155.52		-176.27		-141.87
5		U		-63.54		166.76		51.18		94.8		-140.03		-67.28		-151.6		-172.28		-131.44
6		U		-67.05		171.3		52.9		98.77		-138.54		-77.41		-143.07		-169.09		-162.38
7		A		-82.43		177.29		53.91		103.51		-128.75		-89.56		-141.84		-170.03		-154.1
8		G		-71.74		164.26		54.92		91.19		-139.98		-72.17		-155.18		174.83		-146.46
9		G		-65.81		174.28		57.11		92.89		-139.47		-72.19		-149.59		-175.91		-139.17
10		G		-64.48		176.96		59.98		88.53		-145.61		-68.62		-156.51		-169.93		-149.13
11		C		-71.81		171.81		57.16		87.69		-141.85		-70.23		-154.07		166.29		-130.73
12		C		-74.65		168.45		60.16		90.42		-143.67		-74.84		-153.31		176.51		-149.18
13		A		-71.12		172.11		62.32		92.72		-140.97		-75.69		-146.68		-171.43		-142.98
14		C		-75.33		172.62		70.83		93.7		-139.66		-75.05		-148.35		178.88		-166.71
15		G		-61.27		173.87		61.28		98.57		-129.85		-75.44		-143.43		-170.56		-141.0
16		U		-65.99		175.98		54.48		113.99		-119.6		-108.63		-128.09		-164.54		-138.46
17		U		-65.32		177.54		63.31		111.76		-125.09		-116.0		-129.33		-168.39		158.92
18		A		-84.14		177.55		64.75		99.81		-129.67		-69.9		-144.44		178.56		-136.43
19		A		-69.68		172.6		65.38		95.46		-137.34		-76.41		-148.64		171.24		-156.18
20		A		-58.78		173.57		63.38		93.41		-137.61		-65.54		-144.57		-164.69		-147.62
21		U		-64.58		172.03		66.14		98.98		-137.41		-81.65		-141.31		-173.37		178.8
22		A		-66.23		170.0		65.15		92.47		-146.15		-63.01		-152.02		175.34		-145.85
23		G		-67.16		171.08		65.87		94.04		-143.14		-68.8		-154.72		-176.94		-156.55
24		U		-59.46		174.77		51.16		95.73		-137.54		-72.54		-141.86		178.45		-149.54
25		U		-62.98		170.39		58.64		84.96		-144.76		-67.69		-158.4		161.95		-140.09
26		G		-68.18		172.05		60.73		95.3		-144.36		-74.65		-152.55		179.75		-141.57
27		C		-70.46		178.85		56.4		90.63		-147.53		-70.9		-151.99		-178.13		-150.97
28		U		-56.81		-177.24		57.02		92.06		-143.71		-75.75		-146.03		-171.6		-158.2
29		U		-60.92		179.68		56.05		110.55		-126.93		-100.83		-129.31		-155.87		174.39
30		A		-65.05		167.15		65.95		98.44		-141.51		-70.57		-148.17		-176.59		-159.5
31		A		-60.82		-179.53		69.39		104.6		-131.38		-83.31		-141.65		-171.48		-152.11
32		G		-61.1		-171.2		66.87		95.78		-139.84		-74.89		-151.9		176.5		-155.88
33		C		-61.31		-177.64		61.56		94.68		-142.93		-68.21		-148.52		-173.74		-134.22
34		C		-66.3		177.66		58.67		90.86		-148.88		-70.32		-155.01		-171.91		-146.72
35		C		-60.75		176.56		51.38		89.15		-149.16		-72.68		-149.75		-175.8		-151.0
36		U		-62.28		172.58		52.64		101.39		-133.0		-81.73		-141.7		-169.02		-173.43
37		A		-67.46		170.56		63.02		105.15		-138.02		-84.6		-137.21		177.91		-159.15
38		A		-68.35		176.73		73.47		98.23		-137.89		-70.52		-151.95		177.85		-143.61
39		G		-67.36		173.0		66.56		95.37		-139.46		-70.8		-154.67		173.33		-150.98
40		C		-64.56		-179.83		66.6		92.33		-144.13		-74.45		-155.52		-177.27		-157.76
41		G		-59.14		167.57		52.59		93.51		-146.65		-73.6		-150.86		179.54		-151.99
42		U		-59.14		169.38		48.86		97.89		-140.6		-73.96		-140.49		-174.87		-146.66
43		U		-62.66		168.72		53.63		94.02		-143.8		-67.36		-148.66		172.25		-147.62
44		G		-67.35		168.12		63.36		97.47		-139.27		-73.22		-148.96		179.65		-152.81
45		A		-65.0		172.75		54.32		90.75		-145.79		-66.47		-155.86		175.26		-145.63
46		U		-60.88		169.99		58.9		92.36		-141.0		-73.14		-154.22		173.62		-143.87
