No.	   Seq		 Alpha		 Beta		Gamma		Delta		 Epsilon	 Zeta		  Chi		  Eta		 Theta

0		G		-67.3		167.5		60.43		89.81		-144.14		-71.59		-156.8		176.48		-148.3
1		G		-75.88		174.42		64.82		90.07		-141.33		-82.17		-159.81		173.08		-146.9
2		A		-67.31		169.44		59.02		91.51		-143.46		-69.41		-155.18		-178.33		-152.53
3		C		-83.89		174.98		76.86		90.77		-140.93		-81.51		-160.77		168.99		-154.94
4		A		-61.42		171.8		60.22		94.7		-139.76		-76.82		-148.58		-174.27		-146.2
5		C		-76.59		176.39		71.83		86.66		-140.21		-78.29		-161.82		172.85		-150.85
6		U		-56.54		166.92		53.21		91.96		-138.79		-69.64		-149.45		-178.67		-140.12
7		G		-80.55		174.36		72.62		91.71		-136.98		-81.3		-158.15		174.64		-160.08
8		A		-59.74		173.38		60.1		97.37		-133.75		-78.62		-146.91		-174.62		-143.87
9		U		-74.68		172.89		71.28		103.0		-127.67		-84.39		-144.97		-177.74		-158.39
10		G		-68.07		177.13		71.98		93.78		-136.6		-83.83		-154.31		176.4		-156.69
11		A		-67.31		167.9		61.51		101.59		-132.38		-76.64		-151.53		-162.14		-158.76
12		U		-60.41		167.35		59.35		91.83		-143.72		-72.92		-151.93		176.17		-159.46
13		C		-71.07		173.01		65.18		93.77		-139.96		-76.38		-151.26		-172.9		-151.53
14		G		-66.23		173.35		65.83		88.54		-145.52		-70.22		-160.7		-179.77		-151.27
15		C		-69.18		171.57		65.79		90.21		-140.36		-79.3		-158.26		-177.28		-153.51
16		G		-60.42		172.52		58.17		90.49		-141.28		-74.11		-158.46		-179.61		-157.81
17		U		-62.95		166.92		54.12		94.2		-139.55		-78.32		-150.4		179.44		-144.7
18		G		-66.05		170.04		64.12		97.66		-139.45		-74.28		-149.02		-170.6		-155.29
19		G		-67.4		173.71		60.94		100.83		-132.65		-87.2		-144.2		-173.16		-155.66
20		A		-64.21		172.86		56.53		102.54		-130.63		-63.84		-144.73		-169.13		-148.63
21		U		-56.77		168.99		59.69		103.71		-131.37		-98.93		-142.97		-164.08		-176.6
22		A		-57.08		170.03		55.96		106.04		-132.41		-57.24		-141.47		-161.08		-167.78
23		U		-62.41		172.59		57.71		100.13		-128.65		-75.8		-145.09		-175.37		-139.52
24		G		-60.0		174.83		57.26		94.17		-137.49		-69.13		-147.85		179.52		-138.33
25		G		-67.0		172.81		56.73		94.42		-133.79		-77.44		-152.68		178.73		-152.97
26		C		-60.91		172.84		65.81		87.68		-149.29		-71.7		-157.25		177.48		-162.25
27		A		-65.3		169.06		54.55		85.27		-145.19		-71.68		-156.88		175.52		-146.14
28		C		-61.6		168.43		60.29		85.48		-147.93		-65.35		-153.44		171.19		-142.6
29		G		-68.96		168.56		61.66		81.89		-142.37		-70.83		-161.45		170.56		-144.02
30		C		-62.07		169.61		65.03		85.33		-146.52		-75.52		-158.44		173.72		-158.99
31		A		-62.22		169.03		53.83		91.56		-137.66		-69.0		-154.39		-177.52		-145.77
32		U		-51.77		171.63		56.0		100.57		-132.13		-70.48		-143.9		-172.71		-144.18
33		U		-63.59		168.95		52.55		100.24		-128.55		-70.0		-141.95		178.77		-136.14
34		G		-68.39		176.79		65.9		105.49		-128.93		-87.81		-140.42		-167.5		-161.09
35		A		-64.74		174.21		72.03		98.99		-132.74		-76.34		-148.77		-147.54		-159.03
36		A		-56.39		173.74		61.85		98.02		-138.33		-79.03		-144.41		-171.99		-168.8
37		U		-60.7		169.59		62.85		95.67		-135.81		-68.64		-146.1		-172.06		-139.73
38		U		-62.8		175.81		60.76		95.68		-141.31		-71.65		-150.38		174.74		-154.46
39		G		-57.72		168.19		57.03		90.31		-140.05		-69.31		-155.49		-170.08		-144.3
40		U		-59.82		170.81		49.36		93.73		-139.11		-74.79		-145.55		178.32		-158.35
41		U		-59.57		172.3		56.25		93.46		-139.87		-69.87		-149.83		-173.63		-144.95
42		G		-65.99		170.52		57.47		91.8		-142.58		-78.43		-150.77		173.98		-152.53
43		G		-61.89		169.35		64.31		92.58		-143.86		-68.43		-155.94		-176.0		-158.89
44		A		-61.12		171.76		58.65		94.81		-136.91		-80.15		-148.63		-175.42		-147.24
45		C		-59.1		168.48		61.42		91.14		-141.27		-70.88		-148.56		177.77		-157.07
46		A		-66.56		172.22		62.87		95.82		-138.03		-77.32		-150.37		-178.09		-143.51
47		C		-62.19		173.96		58.53		92.45		-144.29		-70.07		-153.46		-177.96		-159.13
48		C		-58.86		173.17		56.55		89.23		-142.15		-70.72		-154.34		174.94		-139.21
49		G		-61.57		-179.8		59.72		99.68		-134.87		-70.64		-147.12		-153.6		-154.54
50		U		-60.99		169.27		54.65		98.77		-137.84		-81.7		-147.24		-176.04		-150.44
51		A		-66.76		179.95		68.61		99.17		-137.67		-66.98		-141.17		-174.69		-158.91
52		A		-73.39		172.74		68.3		99.39		-135.07		-85.68		-147.64		178.45		-156.01
53		A		-57.45		174.46		67.6		96.74		-138.0		-63.99		-147.04		179.08		-156.34
54		U		-64.35		172.26		68.81		99.25		-134.99		-83.09		-148.3		-170.72		-152.67
55		G		-61.57		175.34		59.6		95.0		-145.62		-68.15		-150.81		175.36		-153.09
56		U		-65.36		170.21		60.36		91.15		-142.17		-69.99		-157.22		176.3		-146.64
57		C		-59.21		175.99		53.53		89.46		-147.35		-70.48		-148.3		174.45		-159.07
58		C		-63.09		172.33		56.02		88.89		-142.28		-74.58		-155.55		177.29		-147.29
59		U		-59.33		169.83		55.26		93.71		-145.78		-75.94		-146.84		179.55		-155.86
60		A		-65.98		170.26		67.64		94.32		-137.26		-78.07		-153.83		-178.88		-153.35
61		A		-61.29		169.2		59.46		91.38		-145.28		-67.04		-153.6		171.91		-146.93
62		C		-63.65		171.73		59.84		89.12		-143.71		-78.69		-157.35		172.43		-151.21
63		A		-58.27		175.22		55.57		92.77		-146.05		-70.0		-151.6		-176.43		-145.17
64		C		-67.44		170.3		64.24		86.34		-144.24		-77.17		-159.37		175.14		-150.95
65		G		-59.55		172.28		56.57		92.19		-147.26		-70.02		-153.07		179.38		-156.69
66		U		-64.43		175.34		59.11		94.47		-140.12		-82.96		-152.61		-179.41		-149.0
67		G		-61.9		174.73		59.79		98.35		-140.01		-73.57		-145.8		177.65		-153.91
68		U		-71.59		173.16		72.77		94.47		-138.71		-81.14		-155.07		-178.49		-147.23
69		C		-62.09		172.19		59.43		93.82		-142.52		-70.64		-148.88		179.46		-156.68
70		C		-73.1		173.17		67.58		93.3		-137.74		-82.53		-156.06		-175.41		-151.69
