No.	   Seq		 Alpha		 Beta		Gamma		Delta		 Epsilon	 Zeta		  Chi		  Eta		 Theta

0		G		-67.2		173.87		60.98		92.96		-141.57		-76.05		-152.96		178.25		-149.51
1		G		-65.44		173.34		66.79		91.26		-143.22		-75.48		-157.29		-179.23		-151.46
2		G		-64.8		174.14		62.52		92.65		-140.56		-73.38		-153.84		-179.66		-147.54
3		U		-67.09		174.09		65.35		92.26		-139.81		-79.27		-156.79		177.63		-141.88
4		G		-69.86		174.56		65.52		92.98		-137.97		-76.86		-154.03		-178.74		-146.01
5		U		-67.9		175.31		61.71		91.54		-140.86		-80.35		-153.91		177.68		-149.77
6		A		-67.16		173.86		58.95		93.34		-138.17		-73.83		-148.37		176.91		-139.66
7		C		-67.99		176.25		59.56		96.48		-137.96		-83.8		-149.56		-178.57		-148.44
8		U		-57.96		177.12		60.41		96.95		-135.5		-75.69		-146.9		-175.1		-147.22
9		U		-68.81		175.58		63.66		95.21		-137.35		-82.94		-151.65		178.57		-148.96
10		A		-68.06		173.7		63.41		96.25		-137.38		-78.32		-149.29		177.75		-151.23
11		A		-65.47		179.73		64.73		94.23		-137.34		-78.53		-151.22		-178.5		-140.57
12		C		-65.7		176.27		64.77		94.01		-139.1		-80.47		-149.18		-178.83		-151.19
13		G		-66.54		174.96		67.87		96.31		-136.6		-81.86		-154.92		-170.88		-146.84
14		U		-59.16		172.3		56.66		101.38		-134.5		-79.27		-145.8		-163.3		-147.17
15		U		-67.97		174.99		61.16		96.08		-135.87		-83.26		-149.25		-179.83		-145.69
16		U		-66.32		175.28		64.48		103.22		-133.63		-76.68		-142.48		-172.67		-148.34
17		G		-72.1		176.94		72.99		99.38		-136.98		-84.73		-151.62		-175.72		-152.47
18		C		-61.13		176.33		64.11		95.84		-140.55		-73.18		-150.21		-172.9		-151.84
19		U		-66.24		176.81		62.75		101.38		-134.77		-89.02		-146.89		-176.33		-151.33
20		U		-63.0		178.71		64.21		102.23		-136.97		-80.46		-145.76		-172.52		-162.4
21		C		-69.87		174.31		63.49		92.52		-142.13		-76.33		-154.73		176.1		-152.73
22		G		-62.89		177.24		61.05		92.56		-143.12		-72.87		-154.36		-179.29		-156.04
23		G		-66.98		177.77		60.53		92.56		-139.92		-78.99		-155.32		-178.14		-147.62
24		C		-60.55		172.26		57.45		89.53		-144.24		-71.71		-153.73		178.57		-150.85
25		A		-75.77		175.44		67.18		91.69		-140.28		-76.39		-156.72		176.27		-141.08
26		A		-69.22		175.33		61.54		93.25		-141.93		-76.73		-151.68		173.43		-149.69
27		A		-65.02		172.25		61.54		91.92		-136.46		-73.21		-154.11		177.31		-142.57
28		C		-61.91		173.22		56.71		92.81		-139.98		-75.82		-149.66		178.61		-143.46
29		U		-68.15		177.27		62.73		95.41		-139.68		-83.85		-151.12		178.5		-151.4
30		A		-65.96		177.41		57.42		97.91		-140.11		-76.31		-146.75		-178.95		-150.1
31		C		-71.03		176.04		68.76		90.92		-140.08		-77.46		-155.77		171.45		-153.05
32		A		-60.2		174.69		57.93		93.43		-140.49		-74.61		-151.77		176.94		-147.79
33		U		-64.58		174.43		62.5		93.83		-138.99		-82.23		-151.95		179.29		-151.82
34		C		-64.17		169.02		56.93		91.44		-143.35		-73.62		-153.31		174.51		-149.45
35		C		-69.81		174.94		68.76		88.13		-143.65		-77.92		-158.76		174.13		-150.19
