No.	   Seq		 Alpha		 Beta		Gamma		Delta		 Epsilon	 Zeta		  Chi		  Eta		 Theta

0		G		-74.33		174.65		65.87		87.38		-141.61		-78.87		-162.4		172.24		-140.14
1		G		-67.57		173.17		61.06		93.48		-141.43		-77.26		-153.76		-177.92		-152.82
2		C		-76.28		174.98		69.39		87.63		-141.68		-81.34		-162.16		170.89		-146.81
3		A		-67.65		173.24		64.29		92.57		-140.45		-77.12		-155.23		-176.34		-147.37
4		G		-82.48		177.31		73.11		87.01		-139.83		-83.13		-162.58		167.74		-148.79
5		C		-62.29		170.66		55.4		92.66		-139.86		-74.81		-151.93		179.98		-145.9
6		C		-77.85		177.67		66.59		88.4		-139.27		-84.35		-158.85		169.92		-153.29
7		A		-63.21		174.4		58.34		96.94		-138.24		-76.06		-150.72		-172.51		-139.44
8		G		-95.86		174.6		71.52		94.58		-134.28		-84.57		-156.98		171.67		-150.57
9		A		-64.94		176.52		63.57		92.45		-139.39		-78.6		-153.5		-179.99		-151.88
10		A		-89.72		176.22		73.66		92.91		-135.73		-80.21		-157.5		173.39		-144.65
11		G		-74.23		174.69		71.53		95.75		-141.05		-83.88		-152.75		178.92		-162.15
12		A		-80.91		175.63		74.91		92.67		-136.95		-78.26		-158.75		179.38		-144.08
13		G		-68.39		174.09		63.35		90.17		-141.92		-76.17		-157.44		175.88		-146.39
14		C		-85.23		175.91		75.96		89.71		-138.24		-78.08		-160.7		172.71		-145.97
15		A		-68.28		176.53		64.9		91.22		-141.42		-75.78		-156.38		-177.82		-149.36
16		C		-78.89		174.67		73.96		89.67		-139.52		-82.28		-157.8		173.33		-149.47
17		G		-65.24		175.58		64.5		97.82		-137.06		-77.78		-147.97		-173.49		-147.42
18		U		-80.3		174.99		72.21		102.19		-131.94		-94.18		-148.64		178.67		-151.57
19		A		-71.31		177.75		72.34		103.21		-132.64		-80.25		-146.22		-177.34		-153.46
20		U		-77.99		173.7		75.97		98.95		-133.95		-87.45		-151.63		176.81		-152.76
21		A		-63.93		178.53		61.94		97.82		-138.39		-78.18		-149.27		-177.32		-149.56
22		C		-69.79		174.12		66.3		88.3		-140.74		-76.22		-160.08		173.2		-141.99
23		G		-65.76		179.71		62.81		94.29		-141.96		-74.71		-153.32		-174.98		-150.63
24		C		-74.21		174.58		67.2		86.55		-142.0		-78.16		-162.37		173.27		-148.06
25		A		-65.83		173.96		64.89		90.7		-144.29		-76.2		-155.75		177.8		-153.14
26		A		-76.1		174.12		64.54		89.14		-139.24		-78.09		-159.97		172.04		-142.52
27		G		-66.52		173.4		61.84		90.82		-144.36		-73.85		-156.18		171.59		-147.34
28		G		-78.46		176.01		71.75		86.96		-141.11		-79.07		-162.41		170.5		-146.31
29		C		-64.48		172.35		58.5		90.88		-144.21		-76.27		-154.05		177.93		-149.53
30		U		-72.14		173.73		62.56		90.11		-139.44		-81.4		-158.15		173.85		-148.88
31		G		-62.15		175.76		59.28		94.87		-140.56		-76.78		-150.61		-178.73		-151.35
32		U		-74.87		173.75		63.21		91.34		-138.27		-79.4		-157.79		173.34		-143.01
33		C		-67.16		177.98		67.75		94.98		-138.57		-77.68		-152.58		178.35		-150.9
34		G		-75.66		174.84		69.36		92.38		-138.57		-83.5		-158.13		176.37		-149.38
