No.	   Seq		 Alpha		 Beta		Gamma		Delta		 Epsilon	 Zeta		  Chi		  Eta		 Theta

0		G		-77.83		175.84		68.36		94.62		-139.86		-76.19		-150.62		176.26		-148.9
1		G		-78.08		175.1		65.05		87.29		-144.47		-80.07		-160.26		168.6		-150.63
2		G		-69.74		173.34		66.76		89.32		-148.88		-70.02		-156.0		-179.14		-149.68
3		G		-107.13		179.29		93.24		87.47		-142.27		-80.8		-163.61		171.75		-152.0
4		A		-68.66		171.36		57.9		94.32		-138.05		-72.8		-145.69		-177.34		-137.81
5		U		-80.23		179.71		66.82		92.42		-137.29		-84.78		-155.49		172.83		-151.86
6		C		-62.72		172.97		53.78		97.59		-140.9		-69.69		-143.81		-174.5		-142.44
7		U		-98.72		177.15		65.37		95.33		-137.23		-72.57		-155.87		171.19		-146.48
8		G		-65.32		177.44		59.59		99.19		-136.41		-67.53		-143.4		-177.68		-131.9
9		U		-93.71		177.63		66.0		96.62		-131.96		-82.14		-148.45		169.93		-146.53
10		C		-75.74		176.18		73.43		89.04		-146.54		-74.87		-156.6		169.43		-160.03
11		A		-91.53		177.11		70.69		93.28		-140.17		-74.86		-159.12		179.8		-141.22
12		C		-70.95		176.15		65.38		86.5		-150.64		-68.77		-154.88		172.27		-152.04
13		C		-82.94		173.82		70.16		86.56		-140.65		-79.5		-154.69		174.57		-142.14
14		C		-69.62		175.52		58.88		87.23		-149.35		-69.63		-155.25		175.11		-150.36
15		C		-80.67		175.84		71.55		86.85		-144.95		-76.47		-161.38		173.96		-147.89
16		A		-64.49		176.78		58.69		96.98		-140.4		-70.46		-149.74		-173.76		-148.27
17		U		-69.73		173.41		64.08		99.49		-134.45		-85.03		-145.37		175.65		-145.77
18		U		-66.27		175.11		67.89		106.59		-128.33		-73.42		-137.13		-168.36		-154.58
19		G		-108.09		175.55		91.8		106.98		-131.45		-93.62		-143.25		-174.82		-167.37
20		A		-66.07		178.01		59.44		104.93		-136.78		-66.72		-142.1		-168.95		-177.39
21		U		-59.97		171.52		65.19		96.91		-133.51		-91.13		-148.66		-170.61		-156.87
22		C		-64.23		173.65		57.9		91.11		-147.24		-64.06		-150.69		177.26		-159.63
23		G		-79.54		173.3		72.31		85.45		-147.01		-72.8		-161.97		178.86		-145.22
24		C		-65.34		177.45		54.88		88.08		-150.98		-70.05		-147.2		174.95		-161.58
25		C		-66.55		173.31		61.55		80.35		-145.44		-76.95		-162.98		169.33		-146.72
26		U		-59.14		168.08		54.2		91.43		-147.24		-70.32		-149.18		178.22		-147.13
27		U		-67.89		171.63		56.04		94.21		-142.69		-74.03		-150.86		172.61		-151.25
28		C		-62.54		175.88		55.7		91.86		-142.91		-71.36		-144.66		177.15		-148.12
29		G		-73.32		174.39		64.12		90.77		-137.68		-84.29		-154.99		173.77		-151.67
30		G		-54.86		175.17		65.05		93.27		-141.5		-76.97		-155.0		-169.23		-150.51
31		G		-64.6		179.07		69.5		90.42		-139.93		-78.29		-158.66		-170.64		-150.99
32		C		-63.3		-179.99		59.54		92.69		-138.01		-67.39		-150.41		176.79		-138.13
33		U		-73.46		176.95		67.94		99.76		-129.46		-81.75		-146.15		-173.17		-142.52
34		G		-75.58		176.82		60.58		105.47		-129.49		-96.22		-136.11		-173.33		-160.0
35		A		-74.31		174.15		62.38		96.28		-136.96		-63.18		-152.96		-178.84		-134.41
36		U		-63.24		177.45		59.46		99.54		-135.38		-83.74		-143.75		177.19		-149.59
37		C		-68.55		179.5		68.84		94.94		-133.13		-72.06		-148.97		178.73		-148.98
38		U		-65.4		173.63		57.54		93.9		-137.2		-76.81		-149.41		177.93		-146.35
39		G		-66.8		176.0		63.53		88.11		-145.12		-74.91		-156.21		171.66		-144.24
40		G		-61.37		171.12		57.01		87.19		-140.39		-76.18		-154.5		173.12		-142.22
41		C		-65.47		175.64		70.03		89.05		-140.48		-72.29		-155.34		174.93		-148.49
42		U		-61.98		169.45		57.75		87.4		-142.67		-76.54		-155.41		167.7		-143.05
43		G		-66.46		178.57		58.75		92.65		-141.83		-76.15		-151.52		177.42		-143.51
44		G		-69.1		169.66		59.27		87.73		-138.59		-75.25		-160.57		166.38		-134.67
45		C		-58.99		176.42		57.14		90.84		-140.87		-73.58		-148.16		177.29		-150.53
46		U		-61.31		176.03		59.02		92.29		-137.35		-87.09		-148.95		176.64		-153.71
47		A		-67.78		179.36		64.7		97.52		-137.29		-81.11		-149.55		-172.83		-148.67
48		G		-64.5		169.44		63.88		86.76		-142.38		-75.83		-163.01		170.78		-142.45
49		G		-62.84		-175.61		62.11		90.09		-141.55		-76.45		-154.91		179.56		-150.86
50		C		-65.48		171.6		58.19		82.95		-147.62		-74.01		-162.94		171.19		-149.81
51		G		-63.93		176.67		59.96		88.34		-147.89		-79.13		-155.23		178.17		-158.99
52		G		-70.23		170.79		65.86		84.92		-143.28		-82.31		-161.44		173.58		-150.0
53		G		-64.7		178.12		56.86		90.01		-141.97		-74.26		-154.37		172.36		-151.51
54		U		-70.41		174.72		67.9		88.47		-137.63		-75.4		-162.02		174.5		-146.48
55		C		-65.1		176.33		55.75		90.08		-142.86		-76.48		-151.26		171.9		-150.48
56		C		-88.22		172.96		73.15		85.97		-140.38		-79.62		-163.11		169.53		-147.91
57		C		-65.52		176.04		57.86		95.0		-137.31		-84.58		-148.31		-177.53		-150.52
