No.	   Seq		 Alpha		 Beta		Gamma		Delta		 Epsilon	 Zeta		  Chi		  Eta		 Theta

0		G		-71.58		174.27		67.6		93.51		-139.98		-75.87		-152.64		176.45		-149.51
1		G		-76.67		174.6		66.85		85.87		-143.75		-79.34		-162.44		168.03		-149.48
2		G		-66.43		172.08		66.18		89.08		-147.35		-70.47		-157.15		-179.58		-150.45
3		G		-101.14		178.16		92.46		85.93		-141.85		-79.91		-165.51		170.26		-151.09
4		A		-66.06		170.58		59.03		93.58		-138.2		-72.75		-148.1		-177.86		-140.83
5		U		-79.32		178.68		69.99		90.03		-137.78		-83.2		-158.82		171.07		-150.71
6		C		-60.98		172.06		55.06		96.2		-140.82		-70.49		-146.77		-175.64		-145.19
7		U		-96.98		176.55		69.28		92.39		-137.77		-73.6		-159.61		168.66		-146.61
8		G		-63.09		175.53		59.85		97.57		-137.27		-68.7		-146.26		-177.82		-135.94
9		U		-93.73		176.8		69.57		93.48		-133.66		-81.15		-153.5		168.42		-146.69
10		C		-71.39		174.1		70.86		88.82		-145.55		-74.87		-157.49		170.92		-159.19
11		A		-91.38		175.99		74.08		90.4		-140.35		-75.52		-162.78		176.34		-142.17
12		C		-67.93		173.82		64.32		86.72		-148.52		-69.77		-155.92		172.73		-152.22
13		C		-83.51		173.28		73.58		84.77		-140.53		-79.44		-158.82		172.15		-142.86
14		C		-67.48		173.62		59.1		87.68		-147.14		-70.56		-155.85		175.23		-150.31
15		C		-81.71		174.77		74.92		84.83		-144.0		-76.94		-165.0		170.85		-147.35
16		A		-62.72		174.74		59.21		96.35		-139.14		-71.83		-150.85		-174.61		-148.27
17		U		-70.89		172.82		67.97		95.22		-135.34		-83.88		-152.03		172.69		-145.45
18		U		-64.16		173.8		67.72		104.67		-129.21		-74.99		-140.09		-169.77		-153.59
19		G		-112.29		174.84		95.98		101.75		-132.73		-90.08		-150.62		177.11		-161.99
20		A		-63.72		176.04		60.42		102.44		-136.33		-70.02		-145.04		-171.01		-172.12
21		U		-61.9		171.38		70.19		93.05		-134.49		-87.96		-155.18		-176.75		-153.21
22		C		-62.76		172.45		59.15		90.63		-144.98		-66.43		-152.14		177.4		-157.69
23		G		-81.11		172.85		76.58		83.23		-145.21		-73.93		-165.85		173.43		-144.65
24		C		-63.99		175.52		56.0		87.84		-148.24		-71.77		-149.28		175.12		-159.75
25		C		-67.92		172.82		64.99		78.7		-144.31		-77.13		-167.16		166.24		-146.0
26		U		-58.4		167.77		55.48		90.75		-145.39		-71.98		-151.23		178.22		-147.46
27		U		-69.43		171.45		59.92		90.36		-142.18		-75.29		-156.79		168.39		-149.39
28		C		-60.96		174.09		56.78		90.79		-142.2		-72.26		-147.62		176.88		-148.16
29		G		-75.5		173.69		68.2		87.31		-138.35		-82.44		-160.97		169.32		-149.84
30		G		-54.86		173.96		65.61		92.47		-140.99		-77.28		-156.19		-171.03		-150.61
31		G		-68.21		178.0		74.07		87.9		-139.64		-78.66		-162.88		-176.18		-150.05
32		C		-62.07		177.99		60.55		91.86		-138.38		-69.14		-152.4		176.91		-139.91
33		U		-76.78		176.18		72.91		96.02		-131.44		-81.76		-152.2		-179.19		-143.69
34		G		-71.94		175.57		61.77		103.05		-131.21		-92.96		-140.14		-174.25		-158.59
35		A		-77.09		174.19		67.2		93.23		-137.36		-67.89		-158.17		175.64		-137.06
36		U		-62.24		176.01		60.2		97.79		-136.04		-83.03		-146.53		177.75		-149.83
37		C		-71.42		178.17		73.22		91.87		-134.44		-75.09		-154.9		173.87		-147.77
38		U		-63.6		173.05		59.1		92.84		-137.51		-77.01		-151.91		177.59		-147.21
39		G		-68.71		175.02		66.41		85.83		-143.62		-76.92		-161.1		169.95		-144.32
40		G		-60.67		170.92		58.28		86.76		-140.21		-76.35		-156.62		173.14		-143.61
41		C		-67.85		174.59		72.63		86.91		-139.84		-75.01		-159.79		172.96		-147.32
42		U		-61.43		169.53		59.29		86.93		-142.09		-76.51		-157.4		168.66		-144.1
43		G		-68.96		177.29		62.1		90.82		-140.3		-78.18		-156.4		175.9		-142.59
44		G		-67.2		169.19		60.75		86.89		-138.83		-74.64		-162.28		167.57		-136.96
45		C		-60.86		175.49		60.35		89.21		-139.51		-75.84		-152.97		175.91		-148.15
46		U		-60.7		174.35		60.57		90.6		-137.74		-83.34		-152.53		175.68		-152.84
47		A		-71.76		178.63		68.05		95.34		-136.78		-82.31		-154.43		-176.34		-146.97
48		G		-63.4		168.77		64.39		85.76		-142.15		-74.56		-164.47		169.97		-143.46
49		G		-65.02		-177.49		64.64		88.37		-140.49		-77.84		-158.64		177.96		-148.84
50		C		-64.37		170.51		59.28		82.36		-146.73		-72.96		-164.53		170.01		-149.6
51		G		-65.68		176.31		62.7		87.06		-145.49		-80.06		-158.38		177.07		-155.88
52		G		-68.45		169.92		65.23		84.19		-143.21		-79.61		-162.91		172.54		-149.8
53		G		-66.92		177.37		59.68		88.49		-140.88		-75.78		-157.86		171.57		-149.31
54		U		-68.24		173.37		67.0		87.13		-138.5		-73.97		-163.24		173.27		-146.26
55		C		-66.84		175.81		58.25		88.28		-142.22		-77.51		-155.52		171.12		-149.25
56		C		-81.42		171.99		71.14		85.15		-140.95		-77.53		-163.82		168.86		-147.91
57		C		-67.12		175.51		60.2		92.67		-137.87		-83.68		-152.87		-179.6		-149.31
