No.	   Seq		 Alpha		 Beta		Gamma		Delta		 Epsilon	 Zeta		  Chi		  Eta		 Theta

0		G		-84.44		174.05		69.02		80.45		-145.36		-79.45		-168.2		163.43		-148.13
1		A		-74.81		-178.95		54.32		103.61		-135.17		-78.78		-139.46		-163.6		-139.07
2		U		-85.03		174.61		65.93		86.53		-139.25		-86.81		-160.94		162.87		-144.14
3		A		-83.15		-177.49		58.54		96.92		-135.5		-77.26		-149.93		-174.91		-143.67
4		A		-94.08		179.17		65.78		89.08		-139.25		-79.43		-165.39		163.71		-140.0
5		C		-68.68		173.31		48.69		91.34		-146.01		-70.49		-147.5		-173.35		-141.85
6		U		-77.43		-178.84		62.91		93.95		-135.22		-88.23		-151.64		-179.56		-145.15
7		G		-88.31		179.51		64.31		99.65		-132.21		-70.63		-143.96		-154.53		-132.75
8		A		-97.12		174.7		70.96		95.31		-135.83		-91.09		-157.57		165.23		-151.02
9		A		-59.92		-176.92		52.04		110.68		-124.57		-102.75		-134.02		-163.33		-176.94
10		U		-80.69		176.37		68.93		93.99		-133.45		-86.09		-156.1		169.93		-133.58
11		C		-71.46		-178.64		58.16		109.46		-134.56		-69.23		-135.68		-159.68		-134.34
12		G		-107.97		-179.58		91.16		85.86		-139.82		-84.0		-166.28		171.54		-142.69
13		C		-62.62		-178.95		45.22		95.16		-144.14		-69.06		-147.38		-162.77		-151.21
14		U		-81.12		172.41		68.89		92.93		-137.46		-90.03		-154.4		175.27		-162.14
15		A		-63.87		-175.76		60.23		113.3		-138.09		-92.15		-134.23		-145.74		-151.39
16		A		-99.54		173.08		81.04		91.51		-138.33		-84.15		-159.22		162.68		-147.16
17		G		-71.44		-175.53		69.19		99.33		-140.52		-70.45		-149.01		-172.84		-138.16
18		G		-107.25		-179.34		99.07		97.77		-136.09		-96.77		-157.24		179.59		-158.83
19		A		-65.69		-171.12		54.22		108.65		-147.79		-63.22		-140.65		-150.36		-157.93
20		U		-72.14		171.32		67.07		97.04		-134.09		-78.46		-154.54		-175.41		-137.34
21		G		-73.36		-176.99		46.56		112.82		-140.5		-78.62		-133.09		-167.34		-163.19
22		A		-124.41		175.02		80.11		95.03		-134.67		-78.35		-156.09		172.1		-145.08
23		A		-63.78		-173.22		53.15		114.31		-136.52		-81.56		-129.79		-164.8		-175.62
24		A		-90.35		176.55		89.82		95.23		-135.94		-82.03		-160.0		174.42		-145.22
25		G		-69.5		-171.49		68.72		111.14		-138.84		-65.52		-137.07		-165.9		-136.68
26		U		-77.81		177.71		66.72		95.59		-137.33		-81.76		-153.17		175.03		-140.5
27		C		-65.89		-170.29		49.43		98.72		-149.32		-66.17		-140.34		178.81		-150.68
28		U		-87.45		175.69		70.84		95.21		-138.93		-94.92		-153.73		176.95		-161.66
29		A		-63.99		-174.98		54.03		109.3		-146.18		-71.55		-138.88		-168.99		-162.14
30		U		-76.38		171.26		71.26		88.0		-140.27		-75.68		-160.44		168.56		-148.18
31		G		-64.62		-173.23		52.99		102.85		-147.52		-74.14		-148.26		-173.02		-139.35
32		C		-89.03		173.67		68.48		87.21		-142.16		-76.61		-164.22		170.28		-136.48
33		G		-72.35		179.54		64.56		95.64		-151.38		-81.75		-148.82		-174.57		-156.91
34		A		-85.41		177.71		69.38		89.36		-142.94		-78.23		-159.13		176.66		-143.07
35		C		-69.32		176.66		48.35		97.21		-150.33		-68.27		-146.89		175.31		-145.32
36		A		-85.8		-178.33		72.77		97.69		-135.26		-82.65		-154.47		-179.58		-138.75
37		U		-73.4		-179.14		55.04		108.38		-138.87		-74.0		-138.89		-176.54		-144.83
38		U		-75.45		171.92		64.04		90.59		-141.81		-81.67		-157.68		171.04		-147.52
39		A		-61.43		178.06		46.38		105.39		-140.51		-69.48		-136.46		-172.6		-135.8
40		U		-76.24		178.19		65.25		89.83		-139.84		-78.81		-157.42		168.79		-142.43
41		C		-67.19		-175.07		64.46		102.07		-139.86		-77.8		-141.88		-178.84		-151.55
