No.	   Seq		 Alpha		 Beta		Gamma		Delta		 Epsilon	 Zeta		  Chi		  Eta		 Theta

0		G		-94.21		-172.84		84.37		87.21		-138.69		-79.7		-163.3		175.97		-144.98
1		C		-78.62		172.92		62.51		88.07		-142.55		-69.99		-162.16		174.69		-132.79
2		U		-74.02		169.51		66.55		85.1		-147.81		-76.87		-161.72		166.99		-149.48
3		G		-82.0		-173.29		78.04		84.96		-142.59		-79.41		-163.76		169.3		-145.17
4		C		-93.15		170.27		60.35		81.56		-144.19		-68.0		-169.72		156.78		-133.25
5		U		-65.59		171.6		60.96		85.28		-146.54		-77.96		-156.45		169.49		-142.95
6		G		-72.59		-166.65		72.36		93.86		-136.8		-86.39		-150.9		-173.37		-139.98
7		C		-175.76		174.02		65.7		88.77		-138.23		-68.66		-165.69		137.95		-128.7
8		U		-64.8		173.47		56.84		93.17		-141.55		-74.1		-150.01		174.92		-126.28
9		G		-71.96		-162.68		70.44		95.27		-134.92		-93.29		-145.47		-169.97		-141.2
10		C		-120.19		173.33		60.82		87.15		-142.47		-65.06		-163.31		154.41		-135.1
11		U		-64.15		172.82		56.7		86.37		-144.71		-73.02		-157.03		171.84		-127.82
12		G		-74.52		-165.72		69.7		89.7		-141.72		-92.37		-151.22		-178.08		-150.23
13		C		-90.38		170.99		55.04		87.43		-141.81		-63.26		-160.58		165.36		-134.58
14		U		-63.09		171.7		55.76		88.67		-142.99		-76.29		-153.04		175.91		-136.55
15		G		-72.81		-170.64		66.54		91.34		-139.77		-95.53		-149.83		-178.34		-147.12
16		C		-84.35		167.78		54.96		87.23		-140.93		-63.39		-159.8		155.77		-132.46
17		U		-62.89		176.04		61.87		98.0		-135.25		-85.33		-148.41		-177.16		-143.18
18		G		-68.93		-169.42		68.12		95.08		-136.87		-102.04		-144.55		-177.66		-156.64
19		C		-77.73		168.43		53.7		87.15		-142.03		-63.16		-159.07		158.94		-134.14
20		U		-65.97		176.95		69.36		95.12		-136.93		-86.74		-151.55		179.84		-152.19
21		G		-66.6		-173.01		68.5		91.41		-137.66		-93.58		-149.22		177.96		-161.16
22		C		-69.72		168.44		54.08		83.11		-144.95		-63.93		-162.23		162.19		-140.08
23		U		-66.27		174.36		65.66		90.41		-138.39		-82.83		-156.38		176.09		-150.71
24		G		-62.8		-179.26		60.57		85.9		-140.22		-82.54		-153.46		174.58		-156.63
25		C		-74.21		167.42		54.67		77.94		-147.28		-64.87		-165.92		154.21		-139.95
