No.	   Seq		 Alpha		 Beta		Gamma		Delta		 Epsilon	 Zeta		  Chi		  Eta		 Theta

0		C		-80.11		174.03		70.36		82.66		-144.2		-74.73		-167.7		169.08		-143.56
1		C		-77.78		172.66		67.56		82.13		-144.84		-75.71		-165.12		171.68		-148.71
2		G		-76.42		178.01		83.81		81.7		-142.57		-76.47		-167.52		170.17		-148.81
3		G		-75.78		174.25		65.04		85.65		-143.06		-85.01		-161.66		172.25		-159.59
4		A		-72.09		177.82		65.18		92.98		-136.81		-74.61		-161.27		173.63		-140.46
5		C		-68.55		177.62		68.19		87.2		-139.54		-78.86		-161.47		169.13		-135.0
6		G		-100.4		-178.49		85.48		92.37		-138.68		-86.17		-160.38		176.64		-163.7
7		A		-80.19		177.45		62.64		89.7		-139.24		-76.23		-160.99		170.35		-141.09
8		G		-77.76		174.97		67.82		82.76		-143.65		-77.46		-166.73		170.62		-147.51
9		G		-85.52		-179.39		73.8		92.64		-137.63		-84.06		-158.72		179.9		-147.71
10		U		-80.71		176.38		65.12		92.28		-140.33		-78.64		-156.69		172.13		-145.36
11		G		-98.16		-178.39		81.23		91.33		-138.99		-79.17		-158.79		173.3		-143.95
12		C		-99.72		177.49		64.54		87.9		-140.69		-77.49		-164.03		165.64		-145.6
13		G		-68.89		178.67		61.01		80.43		-143.92		-73.75		-169.27		171.21		-140.15
14		C		-80.47		177.97		60.49		81.24		-144.93		-73.3		-164.13		166.74		-140.23
15		C		-85.75		175.52		65.41		80.98		-144.37		-73.52		-164.81		158.14		-143.61
16		G		-78.7		178.31		70.63		90.03		-138.64		-85.21		-156.87		176.72		-143.76
17		U		-82.09		176.39		62.88		99.73		-131.03		-93.12		-146.87		174.65		-152.13
18		A		-85.3		174.92		63.91		100.98		-127.65		-75.93		-150.77		167.79		-126.35
19		C		-107.7		179.14		73.33		88.67		-137.89		-73.8		-163.89		146.95		-132.22
20		C		-73.11		175.64		60.28		80.44		-143.39		-74.5		-165.29		162.15		-141.42
21		C		-74.19		179.67		65.24		83.49		-143.44		-77.87		-161.51		173.37		-144.03
22		G		-98.51		-179.36		84.43		82.77		-143.86		-78.33		-167.1		168.21		-146.26
23		G		-67.72		176.04		65.05		84.91		-142.67		-70.45		-166.57		175.8		-137.68
24		U		-75.72		172.81		64.93		89.06		-136.64		-74.19		-157.58		161.88		-135.21
25		C		-108.32		176.65		75.67		83.95		-142.17		-77.53		-163.32		150.82		-153.9
26		A		-76.29		176.54		66.61		84.03		-142.82		-76.9		-165.3		167.27		-146.18
27		G		-74.51		169.9		61.18		85.7		-141.4		-74.27		-161.83		165.33		-142.19
28		G		-77.02		177.17		67.03		81.73		-141.79		-77.54		-164.86		167.28		-148.65
29		A		-63.3		174.91		57.61		86.54		-139.45		-69.52		-159.17		170.88		-138.12
30		C		-72.75		175.31		63.16		83.85		-143.42		-76.68		-162.07		162.89		-151.26
31		A		-73.57		-176.74		70.05		90.51		-138.55		-86.57		-156.92		177.5		-156.77
32		A		-86.78		175.76		72.11		86.9		-138.02		-71.51		-163.0		161.74		-144.87
33		G		-69.79		176.22		72.5		82.04		-144.56		-75.86		-164.83		167.12		-154.57
34		A		-64.9		174.12		59.1		86.18		-143.28		-71.75		-162.97		176.44		-143.32
35		C		-73.33		173.12		62.09		79.8		-148.11		-74.3		-164.7		160.79		-143.4
36		G		-76.18		-177.75		83.88		87.44		-143.35		-80.27		-163.05		-178.07		-155.61
37		G		-75.75		-179.67		68.88		81.77		-145.17		-72.83		-165.71		170.97		-148.08
38		C		-73.4		175.6		64.07		80.88		-147.07		-74.25		-164.91		171.84		-149.87
39		G		-75.87		175.08		65.78		85.34		-143.55		-77.37		-162.75		170.65		-147.86
40		C		-82.07		175.19		67.88		84.71		-145.81		-75.3		-162.9		168.85		-150.85
