No.	   Seq		 Alpha		 Beta		Gamma		Delta		 Epsilon	 Zeta		  Chi		  Eta		 Theta

0		G		-76.66		176.45		79.3		87.2		-139.52		-78.26		-167.07		176.6		-145.93
1		G		-78.02		174.72		64.79		92.71		-140.25		-82.4		-155.92		174.75		-148.7
2		G		-78.21		171.91		73.61		85.62		-142.67		-79.68		-163.77		171.93		-154.37
3		A		-71.74		172.83		66.87		89.67		-140.59		-78.0		-157.02		179.16		-149.06
4		G		-80.51		173.6		72.33		87.01		-141.36		-80.8		-162.68		170.16		-152.37
5		U		-67.32		170.94		58.28		96.84		-135.84		-84.73		-151.99		179.6		-149.19
6		A		-91.79		176.31		76.44		94.76		-135.1		-84.08		-158.38		175.02		-149.92
7		C		-74.12		172.42		62.99		95.38		-138.62		-80.25		-151.22		176.86		-153.16
8		G		-76.75		175.04		73.31		90.74		-138.98		-79.88		-161.71		177.06		-145.55
9		G		-67.01		175.3		62.99		96.07		-135.67		-80.29		-152.8		-171.1		-149.45
10		U		-77.32		173.58		66.66		92.74		-135.74		-82.88		-156.12		172.94		-146.36
11		G		-72.47		173.3		66.73		96.68		-136.66		-84.52		-154.27		-178.78		-157.79
12		A		-97.75		178.47		80.6		94.61		-136.65		-81.69		-158.52		172.97		-150.3
13		G		-73.4		169.16		71.79		90.45		-139.78		-74.88		-153.99		178.19		-148.08
14		G		-86.89		176.85		80.59		91.35		-136.62		-87.95		-159.97		178.62		-151.59
15		G		-63.54		172.72		73.1		92.63		-136.96		-66.94		-160.76		-167.37		-146.04
16		U		-81.07		173.6		67.66		93.27		-137.74		-79.35		-155.98		173.89		-144.63
17		C		-76.01		172.36		63.29		99.15		-135.21		-73.43		-145.61		-179.37		-154.5
18		G		-86.11		173.0		85.3		88.45		-138.91		-79.52		-162.52		173.76		-149.56
19		G		-67.73		173.05		68.13		96.51		-137.66		-73.53		-151.02		-172.16		-153.88
20		G		-84.47		171.38		83.36		91.16		-136.83		-77.56		-163.3		175.14		-147.44
21		U		-68.73		175.09		67.99		100.67		-134.06		-78.31		-148.02		-173.42		-160.07
22		C		-86.21		176.07		79.8		90.73		-138.06		-75.21		-158.6		169.04		-144.98
23		C		-67.1		166.8		56.19		88.71		-143.92		-68.66		-153.39		174.3		-153.44
24		A		-79.57		176.29		76.72		88.0		-138.05		-80.18		-163.05		174.37		-150.95
25		G		-55.11		171.28		56.69		89.1		-136.48		-72.59		-155.19		-176.89		-148.91
26		U		-76.19		172.79		67.18		88.71		-139.05		-79.42		-159.28		167.23		-143.67
27		A		-75.14		175.53		67.29		96.63		-137.83		-77.32		-150.82		173.41		-147.12
28		G		-92.68		-179.67		83.4		86.61		-139.24		-78.92		-166.11		170.3		-149.06
29		G		-62.64		167.09		56.18		88.23		-140.85		-70.15		-155.27		175.79		-147.14
30		U		-69.01		167.8		59.78		85.87		-141.1		-79.65		-159.81		171.63		-154.35
31		A		-59.57		172.85		57.05		90.05		-142.05		-70.36		-155.47		176.97		-147.15
32		C		-87.14		172.4		68.93		84.96		-141.71		-71.21		-165.34		163.21		-149.93
33		G		-63.08		175.25		59.19		88.75		-145.75		-75.16		-154.69		173.78		-152.38
34		C		-65.34		176.07		64.38		82.27		-142.84		-76.64		-164.98		176.88		-147.86
35		C		-57.67		168.02		54.48		85.89		-143.57		-65.78		-156.11		176.11		-142.62
36		U		-74.0		173.61		67.23		88.59		-140.32		-86.6		-159.12		168.68		-152.7
37		A		-64.31		172.29		57.29		92.69		-140.5		-76.82		-147.2		175.14		-148.79
38		C		-78.63		170.95		68.23		89.66		-138.36		-69.99		-158.85		170.95		-141.65
39		U		-60.89		177.53		69.99		92.72		-140.69		-75.2		-152.2		-172.97		-160.0
40		G		-70.29		175.66		73.97		92.27		-137.49		-81.84		-159.0		-177.84		-150.91
41		U		-54.63		167.58		61.25		93.27		-136.09		-66.28		-153.04		-173.03		-154.37
42		U		-77.07		173.24		72.65		94.51		-133.81		-75.96		-156.58		174.53		-134.3
43		G		-75.67		-179.31		78.21		96.29		-137.6		-75.96		-150.68		-175.97		-161.78
44		A		-84.49		176.37		77.29		93.97		-136.04		-80.8		-156.18		-177.75		-147.3
45		G		-59.78		169.53		69.59		92.64		-139.58		-69.32		-154.12		-175.2		-161.43
46		U		-66.29		173.72		65.05		86.92		-139.59		-83.83		-158.14		172.76		-148.77
47		A		-61.49		168.82		58.98		98.37		-135.95		-65.42		-146.65		-176.13		-153.7
48		G		-79.37		172.68		79.34		84.06		-140.48		-81.76		-163.81		163.32		-151.18
49		A		-58.97		174.69		63.38		91.44		-140.33		-69.04		-152.93		-176.93		-148.71
50		G		-60.58		171.49		61.23		87.77		-137.44		-79.54		-159.26		176.99		-136.12
51		U		-55.77		176.82		58.94		100.59		-137.04		-75.83		-144.76		-172.13		-154.95
52		G		-66.29		174.64		71.53		96.23		-134.31		-81.42		-157.71		178.02		-144.63
53		U		-59.23		177.34		61.56		95.31		-141.08		-73.22		-150.52		-174.41		-150.69
54		G		-70.66		173.47		67.72		90.55		-139.01		-78.33		-160.3		179.99		-146.57
55		G		-61.74		175.57		63.02		88.66		-145.2		-71.06		-155.71		-178.59		-151.94
56		G		-76.8		179.27		79.22		86.94		-142.16		-78.56		-166.38		177.11		-145.83
57		C		-61.15		172.07		56.86		88.23		-146.28		-72.12		-155.31		175.79		-146.49
58		U		-72.34		175.88		65.58		85.5		-141.41		-73.56		-163.43		172.65		-145.84
59		C		-62.61		171.2		52.61		88.62		-145.33		-71.2		-153.89		176.65		-145.37
60		C		-71.58		173.98		58.04		78.75		-147.16		-73.2		-166.86		166.9		-144.21
61		G		-61.27		173.11		54.14		94.4		-139.2		-78.09		-148.31		179.37		-148.54
62		U		-74.31		173.75		64.18		89.43		-138.26		-79.85		-158.89		166.69		-148.1
63		A		-58.89		174.39		57.68		99.42		-136.62		-73.65		-146.45		177.41		-150.56
64		C		-73.64		175.72		65.7		88.14		-139.03		-78.08		-160.44		168.83		-140.23
65		U		-61.4		173.93		57.6		92.58		-137.88		-72.99		-154.39		173.07		-150.0
66		C		-70.47		171.24		66.22		88.26		-138.67		-77.68		-159.33		172.84		-147.53
67		C		-63.33		171.46		54.53		89.94		-145.03		-75.13		-153.93		173.91		-151.46
68		C		-72.74		177.16		68.51		90.86		-139.49		-78.7		-161.25		177.09		-146.84
