No.	   Seq		 Alpha		 Beta		Gamma		Delta		 Epsilon	 Zeta		  Chi		  Eta		 Theta

0		U		-80.31		174.67		68.64		88.04		-140.29		-81.0		-159.93		171.41		-145.57
1		A		-80.97		-178.8		69.57		95.22		-145.24		-59.47		-146.64		179.34		-155.74
2		U		-80.77		175.35		68.58		91.56		-138.41		-87.7		-157.82		173.54		-150.46
3		A		-73.44		-178.04		61.66		92.69		-144.06		-67.66		-144.8		177.74		-147.12
4		U		-83.33		176.55		69.79		90.71		-137.04		-84.02		-157.48		171.16		-144.36
5		A		-61.96		-178.05		53.45		91.5		-143.61		-71.26		-143.85		-175.81		-141.84
6		C		-89.48		177.53		71.87		87.68		-139.42		-84.84		-160.34		167.82		-151.54
7		A		-55.27		-178.91		50.79		93.81		-138.3		-74.78		-140.07		-168.33		-144.03
8		U		-72.56		173.54		62.35		95.7		-133.13		-86.46		-151.34		174.17		-150.56
9		A		-45.41		179.1		77.14		106.8		-126.18		-81.57		-134.74		-178.58		-158.14
10		A		-92.52		176.04		78.45		95.32		-133.42		-87.38		-157.9		175.23		-152.81
11		A		-43.49		178.31		72.44		103.34		-132.17		-81.86		-141.7		-174.85		-166.79
12		G		-81.7		177.62		82.46		90.81		-139.26		-83.97		-160.88		176.19		-151.63
13		A		-53.44		174.9		50.12		97.1		-155.95		-71.38		-156.87		-168.08		-154.45
14		C		-77.94		175.6		70.09		87.74		-142.42		-78.83		-161.42		171.99		-148.19
15		C		-56.01		176.81		50.04		89.84		-159.73		-75.79		-159.48		-171.55		-167.16
16		A		-82.63		176.58		70.38		93.13		-141.32		-84.69		-157.47		177.2		-150.75
17		G		-57.35		175.39		51.26		84.65		-161.59		-65.95		-163.79		-178.16		-153.63
18		G		-80.9		176.58		73.32		92.2		-140.87		-82.72		-158.98		175.86		-148.33
19		C		-59.87		-179.86		49.11		90.93		-156.19		-65.38		-158.49		-173.56		-155.75
