No.	   Seq		 Alpha		 Beta		Gamma		Delta		 Epsilon	 Zeta		  Chi		  Eta		 Theta

0		G		-82.42		175.62		72.14		88.72		-140.47		-76.46		-162.72		174.2		-151.18
1		C		-94.12		177.38		87.86		87.55		-141.27		-83.9		-164.8		170.18		-155.2
2		A		-90.72		-178.28		85.95		90.99		-139.06		-80.31		-163.59		178.12		-150.74
3		G		-88.16		177.97		75.18		82.91		-143.52		-78.54		-166.42		162.0		-139.88
4		G		-80.45		177.81		73.85		84.46		-142.7		-74.27		-167.94		174.23		-141.02
5		G		-77.78		179.65		61.07		85.28		-141.03		-75.68		-163.51		167.74		-137.47
6		C		-102.98		-178.93		76.91		90.35		-140.33		-79.79		-160.94		166.23		-151.72
7		A		-94.77		177.84		71.35		96.87		-135.01		-94.42		-152.44		177.74		-160.63
8		A		-116.81		176.07		87.39		88.95		-139.54		-76.85		-163.52		166.63		-147.45
9		G		-93.07		175.68		78.47		84.39		-141.57		-74.73		-164.92		167.26		-142.61
10		G		-86.86		179.6		73.08		86.07		-141.5		-73.62		-163.86		172.89		-142.91
11		C		-87.99		-176.71		69.26		83.55		-142.35		-74.73		-165.46		166.67		-140.68
12		C		-86.28		178.96		61.29		86.47		-141.93		-77.49		-159.04		168.71		-141.63
13		C		-97.45		-179.27		72.57		85.63		-142.54		-77.04		-161.46		165.38		-149.15
14		A		-91.46		177.12		70.19		87.02		-142.93		-82.71		-158.85		173.96		-152.3
15		G		-103.95		174.44		85.89		92.76		-135.29		-78.92		-156.92		176.29		-156.45
16		U		-78.8		175.53		65.18		93.76		-134.4		-81.6		-153.33		173.13		-130.74
17		C		-118.14		178.46		80.85		91.39		-138.91		-77.33		-156.25		161.13		-141.57
18		C		-107.22		-175.9		76.63		87.33		-141.71		-81.81		-158.28		167.03		-148.82
19		C		-99.05		179.45		79.47		85.86		-140.52		-77.62		-162.59		173.92		-156.69
20		G		-69.17		177.99		65.86		85.03		-139.59		-82.94		-158.28		176.36		-146.05
21		U		-82.61		172.6		60.97		90.98		-138.5		-72.0		-156.38		164.3		-133.51
22		G		-147.35		-178.14		92.07		91.52		-137.19		-79.72		-163.65		154.77		-140.52
23		C		-120.37		179.68		85.74		83.74		-143.89		-75.46		-162.95		160.81		-155.46
24		A		-81.34		179.14		67.91		84.33		-141.92		-77.83		-160.57		165.2		-147.71
25		A		-75.42		172.74		64.48		92.25		-134.55		-75.51		-155.52		171.19		-144.58
26		G		-85.26		-179.95		76.3		82.69		-141.98		-75.41		-167.56		154.16		-153.32
27		C		-66.81		176.01		57.17		82.38		-145.96		-75.07		-162.35		164.99		-139.11
28		C		-78.78		-178.59		62.84		77.54		-147.01		-73.95		-168.2		155.62		-146.41
29		G		-77.06		-176.32		76.46		80.71		-143.28		-75.77		-167.47		174.56		-147.5
30		G		-78.31		177.85		63.53		83.86		-141.99		-75.47		-163.38		169.89		-150.23
31		G		-75.79		172.13		65.56		85.17		-142.26		-76.42		-163.13		164.7		-149.08
32		A		-105.74		-178.71		79.39		100.19		-129.39		-76.31		-152.69		-177.95		-142.51
33		C		-103.04		176.93		72.92		88.3		-139.45		-78.84		-158.01		158.01		-149.98
34		C		-84.67		178.58		72.09		89.73		-140.29		-79.6		-159.45		178.01		-149.36
35		G		-88.11		179.87		66.03		90.22		-138.24		-77.27		-163.05		178.15		-139.77
36		C		-72.36		174.93		61.97		85.31		-143.09		-64.45		-162.49		169.68		-141.21
37		C		-71.43		178.58		61.83		87.57		-142.68		-75.98		-159.56		170.77		-141.61
38		C		-77.12		176.89		62.81		89.09		-142.88		-76.93		-157.22		163.45		-148.24
39		C		-100.57		177.42		76.51		83.73		-140.82		-76.39		-168.02		161.59		-143.14
40		G		-70.33		172.92		60.57		88.2		-141.19		-74.45		-158.79		174.65		-153.37
41		G		-68.68		173.42		59.27		78.36		-145.77		-72.57		-168.37		158.35		-143.86
42		G		-63.55		174.07		62.71		88.72		-140.93		-71.77		-157.74		169.69		-136.57
43		G		-88.82		175.99		72.44		88.21		-140.21		-74.09		-163.72		162.11		-136.44
44		C		-73.53		-175.68		69.03		87.47		-146.09		-71.39		-158.7		170.26		-148.96
45		G		-75.48		178.1		64.07		84.45		-140.88		-72.41		-165.58		174.42		-145.63
46		C		-69.69		175.05		57.95		83.21		-144.52		-71.51		-162.17		162.56		-146.24
47		G		-70.42		169.93		63.66		82.43		-145.58		-72.16		-165.33		168.07		-142.74
48		G		-71.54		178.64		57.77		86.63		-148.59		-74.83		-157.53		170.14		-152.9
49		C		-74.63		172.17		64.97		82.39		-145.68		-66.38		-165.3		165.1		-143.03
50		G		-73.47		-179.86		66.35		82.07		-146.57		-77.12		-163.1		172.08		-148.4
51		C		-72.4		177.04		58.4		79.0		-146.91		-70.66		-164.51		163.22		-143.41
52		U		-65.51		169.79		51.93		84.06		-144.64		-70.27		-155.64		166.76		-143.02
53		C		-82.87		173.9		70.82		83.17		-142.88		-76.28		-162.27		161.68		-150.11
54		A		-70.7		178.2		56.23		88.51		-144.56		-76.53		-157.57		172.75		-145.98
55		U		-77.38		176.59		67.42		89.97		-136.98		-74.83		-157.25		171.21		-138.4
56		U		-68.23		179.01		59.19		94.98		-137.9		-75.95		-149.54		171.5		-135.37
57		C		-86.71		179.33		74.33		85.67		-141.05		-75.23		-161.6		161.37		-144.56
58		C		-69.56		178.08		61.83		89.96		-141.53		-80.79		-154.52		172.09		-151.33
59		U		-78.99		-179.8		71.3		91.39		-138.54		-83.33		-154.67		174.37		-159.42
60		G		-74.48		176.61		67.12		88.04		-142.78		-76.77		-158.68		175.27		-147.21
61		C		-74.19		171.71		64.85		81.47		-144.26		-70.74		-164.41		163.87		-142.04
