No.	   Seq		 Alpha		 Beta		Gamma		Delta		 Epsilon	 Zeta		  Chi		  Eta		 Theta

0		G		-75.24		176.34		73.81		87.75		-141.96		-78.56		-160.93		172.8		-149.88
1		G		-75.35		173.19		70.8		82.59		-144.09		-75.62		-167.91		168.98		-146.89
2		G		-71.82		174.48		66.39		85.15		-141.26		-74.83		-164.87		174.41		-144.62
3		U		-74.64		173.0		66.65		85.85		-142.58		-78.42		-162.05		169.78		-147.65
4		C		-92.83		176.0		78.67		88.14		-141.15		-77.79		-163.26		170.97		-158.63
5		A		-81.47		172.12		68.74		86.57		-141.75		-74.73		-164.45		175.07		-143.28
6		G		-82.38		171.67		72.19		84.92		-142.49		-75.72		-165.58		168.88		-149.85
7		G		-70.99		174.58		65.6		94.46		-138.21		-79.3		-156.97		178.87		-141.93
8		C		-98.03		-179.2		77.91		93.52		-138.25		-72.44		-162.02		166.91		-142.62
9		C		-86.87		177.02		76.2		90.79		-141.82		-79.43		-161.45		171.0		-147.6
10		G		-78.89		172.29		68.12		88.96		-142.28		-81.13		-161.86		170.9		-156.48
11		G		-75.37		176.03		63.78		84.92		-143.73		-78.2		-165.67		173.87		-148.52
12		C		-74.66		172.34		65.32		82.08		-142.2		-71.3		-165.18		168.33		-137.26
13		G		-87.93		177.11		76.19		84.08		-141.95		-80.88		-165.57		169.83		-149.27
14		A		-119.99		177.9		76.11		96.35		-131.4		-88.54		-152.23		179.07		-149.53
15		A		-96.46		176.65		81.54		88.67		-136.17		-79.5		-160.66		162.86		-148.26
16		A		-74.3		173.06		65.3		94.62		-134.84		-73.39		-154.06		168.4		-132.58
17		G		-88.58		175.54		80.47		88.56		-137.52		-74.24		-167.61		163.16		-143.98
18		U		-74.2		170.4		67.64		89.99		-138.65		-75.59		-155.05		171.76		-145.49
19		C		-86.2		174.9		70.52		82.33		-145.58		-76.15		-163.72		159.17		-148.29
20		G		-59.74		174.73		61.08		83.07		-147.73		-72.83		-163.31		176.59		-150.01
21		C		-75.25		176.12		65.74		83.7		-142.77		-73.9		-164.19		169.21		-150.9
22		C		-59.08		172.18		62.02		83.73		-140.87		-82.97		-159.24		170.88		-159.23
23		A		-67.4		172.16		65.36		81.49		-140.96		-74.35		-168.71		167.16		-134.33
24		C		-65.53		166.54		58.76		81.62		-144.88		-77.43		-165.45		159.36		-148.87
25		A		-78.06		174.25		65.94		84.51		-141.94		-77.01		-162.11		171.98		-141.02
26		G		-70.65		173.82		71.92		85.88		-141.81		-77.86		-162.94		169.61		-147.66
27		U		-63.44		168.2		62.82		91.47		-138.22		-82.37		-154.82		179.83		-150.86
28		U		-59.07		172.49		61.47		97.99		-133.79		-79.55		-153.6		-178.23		-139.11
29		U		-89.87		177.06		79.42		97.17		-136.05		-86.71		-154.18		170.78		-153.9
30		G		-77.24		-177.87		71.87		91.4		-139.99		-76.14		-161.86		178.11		-152.53
31		G		-63.25		174.61		76.95		83.27		-139.65		-73.94		-166.78		179.46		-144.09
32		G		-71.51		176.89		65.35		89.78		-138.95		-69.88		-162.53		-177.15		-139.19
33		G		-72.74		177.29		77.5		93.93		-137.84		-85.6		-154.83		-178.79		-161.28
34		A		-79.26		177.18		76.08		97.96		-132.32		-92.63		-147.55		-172.69		-167.44
35		A		-128.45		174.43		108.75		96.64		-132.88		-90.72		-155.44		178.5		-176.65
36		A		-61.45		170.25		65.17		94.61		-131.75		-70.01		-151.23		-176.76		-137.68
37		G		-66.52		174.84		67.22		88.32		-137.66		-74.1		-161.63		175.76		-139.78
38		C		-57.63		171.72		58.14		92.77		-137.44		-78.22		-152.48		-174.69		-145.51
39		U		-59.19		174.42		59.05		90.09		-139.28		-79.1		-158.8		-179.34		-141.82
40		G		-64.5		176.72		65.17		97.66		-136.12		-76.97		-150.6		-169.05		-148.17
41		U		-79.19		176.46		71.92		90.75		-138.37		-76.74		-161.47		173.15		-147.12
42		G		-63.51		175.93		74.14		91.77		-139.58		-78.15		-156.87		-174.77		-156.67
43		C		-98.28		177.2		75.04		83.65		-142.44		-81.49		-167.07		168.21		-152.69
44		A		-70.24		169.94		72.17		89.48		-144.05		-65.41		-164.92		171.69		-142.66
45		G		-80.62		-178.94		74.08		87.57		-141.89		-78.47		-163.99		172.97		-142.24
46		C		-63.54		172.39		54.34		80.45		-148.22		-65.41		-166.96		169.6		-141.22
47		C		-65.37		171.03		52.66		78.16		-144.82		-70.33		-168.04		165.93		-134.11
48		U		-66.28		177.87		56.1		86.34		-144.35		-77.5		-159.6		171.64		-148.21
49		G		-70.53		171.13		54.06		88.16		-140.63		-75.7		-160.14		164.19		-141.29
50		U		-71.19		174.82		55.35		94.09		-137.72		-80.04		-153.64		167.54		-150.1
51		A		-70.86		176.82		59.22		92.86		-134.87		-79.02		-157.19		168.54		-135.91
52		A		-65.69		178.85		59.75		94.89		-134.21		-73.03		-150.97		176.46		-143.43
53		C		-72.34		175.03		64.21		85.66		-141.57		-75.65		-163.14		163.16		-141.28
54		C		-61.29		-179.18		59.01		85.54		-145.4		-75.37		-159.97		174.66		-147.85
55		C		-71.99		179.29		64.76		82.8		-144.47		-72.43		-165.59		171.71		-146.82
56		C		-66.32		176.58		59.0		84.2		-149.57		-69.36		-161.58		172.69		-149.95
57		C		-70.46		172.59		60.93		77.98		-148.63		-72.61		-168.45		167.72		-143.27
58		C		-65.85		169.83		55.64		83.58		-148.05		-73.07		-160.47		171.06		-143.36
59		C		-75.22		169.71		67.4		84.87		-143.48		-81.34		-162.49		170.22		-158.55
60		A		-62.83		172.06		60.55		92.06		-142.49		-78.37		-153.79		178.91		-157.98
61		C		-70.8		170.44		64.55		84.47		-141.18		-74.99		-161.45		167.17		-149.39
62		G		-64.66		173.38		66.47		92.93		-139.04		-80.49		-155.73		-177.86		-155.34
63		A		-75.8		177.62		75.94		96.42		-135.34		-82.38		-153.55		-179.48		-160.54
64		A		-68.16		175.9		67.02		97.07		-141.0		-76.45		-149.98		177.0		-156.34
65		A		-75.28		176.05		81.27		93.81		-136.14		-78.93		-157.83		179.43		-147.49
66		G		-65.11		172.39		68.41		91.54		-141.42		-74.01		-156.98		176.07		-150.93
67		U		-71.41		177.16		71.19		91.67		-139.55		-76.18		-157.85		179.13		-150.85
68		G		-65.15		173.21		58.93		87.09		-145.48		-72.54		-157.16		173.5		-149.07
69		G		-75.32		175.61		71.95		86.18		-143.57		-78.29		-160.63		173.22		-151.92
70		G		-72.16		175.16		71.74		87.65		-143.39		-78.11		-158.89		175.96		-155.34
