No.	   Seq		 Alpha		 Beta		Gamma		Delta		 Epsilon	 Zeta		  Chi		  Eta		 Theta

0		G		-72.33		164.9		61.48		85.79		-142.55		-74.83		-169.57		168.77		-140.41
1		G		-78.95		166.22		71.29		82.55		-148.31		-68.03		-168.26		176.26		-149.55
2		U		-67.05		172.93		56.88		83.8		-143.29		-78.84		-159.31		176.12		-151.97
3		C		-66.84		168.27		57.23		88.47		-136.25		-72.55		-155.34		-177.77		-126.95
4		U		-86.73		171.25		65.38		90.1		-135.79		-88.12		-160.04		147.75		-166.35
5		A		-76.41		179.17		59.54		94.5		-139.35		-82.37		-150.22		169.93		-137.31
6		G		-66.47		168.93		59.11		84.52		-144.22		-65.84		-164.56		158.94		-156.17
7		A		-69.91		170.69		59.03		92.22		-139.37		-75.72		-152.82		173.54		-127.64
8		G		-166.73		175.56		97.97		91.86		-133.1		-74.31		-159.78		146.34		-137.03
9		G		-120.94		-177.3		127.47		83.35		-143.06		-86.14		-170.72		168.15		-156.41
10		A		-72.55		170.36		57.03		90.61		-138.11		-65.22		-162.19		-170.37		-150.14
11		C		-66.47		174.98		55.65		78.25		-144.62		-88.46		-160.96		160.71		-150.57
12		A		-81.96		172.04		60.43		104.89		-124.55		-73.41		-141.73		-165.65		-120.82
13		G		-122.11		173.43		81.46		100.2		-132.11		-82.36		-150.75		166.75		-152.22
14		A		-77.11		172.51		82.98		93.77		-134.29		-69.35		-158.95		-174.0		-132.72
15		A		-162.44		173.01		97.2		110.26		-113.46		-105.14		-146.46		-164.46		-121.49
16		U		-65.05		172.09		77.45		100.91		-127.41		-87.43		-140.66		173.72		-147.73
17		U		-72.23		175.31		73.35		98.73		-133.63		-76.27		-146.32		178.2		-149.79
18		C		-98.2		170.53		61.54		88.58		-146.22		-85.46		-152.05		151.52		-158.46
19		A		-77.11		179.62		70.38		88.66		-138.54		-94.3		-159.33		-178.49		-170.34
20		A		-52.05		-177.52		69.0		95.49		-139.56		-82.14		-147.88		-168.78		-157.6
21		C		-60.65		169.03		75.16		81.64		-149.6		-65.18		-170.84		163.92		-152.87
22		G		-53.49		177.16		109.7		89.0		-148.45		-65.56		-173.22		-164.62		-136.82
23		G		-78.61		170.21		67.84		80.91		-146.3		-70.55		-169.86		172.06		-145.6
24		G		-59.96		162.66		54.6		86.66		-144.03		-66.35		-158.06		177.17		-152.5
25		U		-82.26		162.65		70.14		99.72		-133.0		-89.8		-149.61		178.73		-153.14
26		G		-69.55		176.55		59.78		98.14		-138.81		-73.23		-158.21		-179.84		-157.78
27		U		-81.63		166.36		61.72		100.45		-129.22		-80.45		-149.43		-175.58		-124.8
28		G		-66.83		-179.85		65.64		94.19		-140.64		-87.93		-153.81		-172.37		-157.1
29		C		-54.35		171.98		59.62		81.04		-148.14		-67.9		-164.02		-170.75		-132.9
30		C		-90.67		-175.18		78.47		90.8		-146.46		-73.98		-158.35		175.1		-167.34
31		A		-104.49		177.34		77.89		92.52		-135.56		-101.83		-156.32		173.47		178.16
32		A		-56.5		175.43		46.58		104.13		-130.05		-92.2		-138.67		180.0		-174.44
33		U		-60.94		163.94		50.63		104.55		-120.1		-67.22		-147.3		160.88		-77.42
34		G		-103.41		-172.61		92.25		98.07		-138.67		-81.34		-155.04		168.5		-140.05
35		G		-74.03		172.35		75.04		80.91		-144.49		-68.67		-175.97		165.38		-142.77
36		C		-59.98		168.33		56.69		74.29		-149.06		-65.94		-173.1		176.07		-127.29
37		C		-78.88		171.43		66.91		72.04		-147.57		-75.59		-176.3		165.89		-142.53
38		A		-75.41		171.15		60.68		81.52		-146.95		-69.28		-160.63		165.47		-135.36
39		C		-72.29		161.85		62.58		83.21		-142.91		-75.83		-160.7		166.53		-168.92
40		U		-58.99		176.09		60.16		102.93		-128.52		-82.84		-140.23		173.01		-141.62
41		U		-61.75		164.15		53.78		86.87		-136.98		-67.53		-163.94		158.17		-118.37
42		U		-63.5		176.05		61.22		114.46		-127.31		-67.93		-140.77		-165.68		155.23
43		C		-62.77		167.76		55.45		70.97		-149.89		-60.65		-179.6		118.49		-133.18
44		C		-63.92		172.95		53.46		74.04		-153.21		-81.96		-157.37		167.37		-159.13
45		A		-60.34		169.86		53.31		73.71		-150.5		-72.91		-170.7		173.37		-138.34
46		G		-73.43		169.81		88.85		79.6		-151.2		-80.41		-169.06		164.31		-166.02
47		G		-72.07		174.4		74.68		79.57		-147.93		-71.9		-173.83		169.45		-136.25
48		U		-74.09		172.76		77.95		76.49		-149.23		-66.88		-174.69		159.31		-137.0
49		G		-65.61		165.41		61.63		83.39		-140.2		-77.49		-167.45		171.73		-144.69
50		G		-107.49		176.44		60.11		77.55		-146.06		-65.65		-175.64		147.24		-142.93
51		C		-67.89		170.57		48.83		85.52		-137.8		-84.06		-156.34		169.66		-136.98
52		A		-63.59		179.37		59.57		106.94		-119.19		144.97		-125.51		-162.68		126.6
53		A		146.62		179.63		134.05		105.58		-121.68		-147.87		-148.74		-142.22		137.31
54		A		-41.45		160.53		62.55		101.16		-128.03		-66.71		-152.13		-169.51		-120.19
55		G		-59.98		176.15		81.83		82.58		-140.96		-72.27		-172.71		166.93		-129.22
56		C		-62.46		169.13		55.18		78.86		-145.17		-70.48		-162.81		165.37		-140.22
57		C		-73.98		169.39		61.93		69.49		-154.44		-69.13		-174.89		155.86		-156.4
58		C		-58.63		170.48		51.38		79.04		-154.56		-83.59		-158.79		177.48		-148.05
59		G		-63.61		172.64		62.6		76.92		-142.62		-73.44		-172.79		176.22		-145.91
60		U		-56.59		170.66		67.7		88.06		-134.4		-85.56		-161.96		170.13		-164.2
61		U		-14.64		172.13		77.43		92.19		-127.47		-70.24		-162.1		175.81		-128.73
62		G		-135.13		167.14		84.64		81.71		-144.36		-78.99		178.62		141.44		-137.72
63		A		-101.15		167.03		74.84		90.52		-133.83		-64.02		-169.02		167.5		-125.79
64		G		-70.77		171.89		93.21		86.04		-132.23		-74.94		-166.38		176.14		-139.95
65		C		-69.57		175.09		64.11		83.44		-143.54		-73.55		-162.19		171.88		-161.73
66		U		-55.68		162.2		51.36		87.46		-137.98		-75.81		-160.86		172.55		-146.14
67		U		-57.7		171.94		51.41		83.7		-142.84		-86.36		-155.81		162.7		-152.06
68		C		-63.11		174.5		53.1		79.02		-141.4		-61.74		-165.89		131.01		-130.06
69		G		-54.29		171.87		62.71		75.61		-144.32		-69.9		-173.44		154.11		-137.45
70		A		-66.77		178.12		73.17		85.58		-133.29		-72.59		-167.76		175.34		-135.67
71		A		166.43		169.37		94.33		83.68		-133.62		-78.99		-171.09		140.59		-145.42
72		G		-61.26		174.01		64.2		81.99		-142.85		-78.46		-170.2		168.43		-137.89
73		U		-69.79		168.98		57.28		84.24		-141.27		-75.43		-163.11		156.91		-133.75
74		G		-84.12		175.6		79.43		79.21		-142.56		-80.0		-169.51		167.57		-157.32
75		G		-85.83		-177.24		95.86		87.59		-135.86		-75.4		-167.04		178.78		-140.12
76		C		-74.14		170.82		64.75		81.01		-144.33		-73.67		-167.34		163.68		-140.81
77		A		-69.34		-179.24		68.94		96.58		-129.74		-85.74		-158.72		-170.18		-138.08
78		C		-97.52		176.31		71.54		83.95		-138.1		-74.52		-163.61		146.32		-142.83
79		C		-71.4		172.96		67.76		79.82		-142.95		-79.79		-162.55		164.61		-161.94
80		A		-65.13		171.06		58.33		99.92		-128.16		-103.6		-146.22		-163.72		-137.41
81		G		-80.31		165.85		65.76		87.34		-137.24		-81.13		-161.1		160.21		-164.91
82		A		159.08		-179.66		119.35		101.25		-129.81		-77.1		-156.54		175.89		-138.61
83		A		-94.73		-178.71		90.83		94.38		-138.88		-76.83		-160.37		157.5		-136.48
84		C		-109.04		176.03		90.7		84.23		-138.36		-73.68		-166.6		162.13		-147.49
85		C		-60.27		168.0		62.8		75.57		-145.91		-72.74		-171.04		176.63		-150.2
86		G		-71.25		176.85		63.72		83.99		-146.06		-77.75		-164.47		176.0		-149.08
87		G		-91.5		173.52		79.1		90.75		-139.22		-81.07		-165.09		173.47		-153.15
88		A		-79.78		173.05		85.06		95.61		-132.77		-65.46		-157.7		173.4		-143.3
89		G		-128.02		-177.25		123.44		88.09		-140.77		-78.21		-170.32		165.54		-150.02
90		G		-79.81		175.88		75.37		88.35		-142.28		-83.93		-160.67		172.1		-156.75
91		A		-89.0		169.35		70.95		86.07		-138.16		-68.38		-165.05		170.84		-139.59
92		C		-69.27		165.06		69.55		78.09		-144.0		-73.46		-167.3		159.2		-155.69
93		A		-73.65		168.63		54.87		95.14		-138.99		-71.94		-154.97		176.47		-155.73
94		A		-68.61		172.56		53.43		92.23		-141.12		-71.34		-155.7		178.73		-140.91
95		A		-76.23		176.05		72.71		90.16		-139.6		-75.67		-160.73		167.92		-137.59
96		G		-68.23		179.69		75.15		88.12		-141.26		-69.13		-164.23		159.33		-137.8
97		U		-73.2		178.06		72.32		93.7		-139.37		-86.11		-156.04		172.91		-152.27
98		C		-78.07		173.27		71.24		87.3		-143.0		-75.3		-162.91		167.23		-145.7
