No.	   Seq		 Alpha		 Beta		Gamma		Delta		 Epsilon	 Zeta		  Chi		  Eta		 Theta

0		G		-80.09		176.85		77.6		87.53		-140.64		-74.6		-166.99		171.06		-144.62
1		G		-72.24		177.6		64.3		85.46		-144.91		-73.87		-166.03		170.28		-148.1
2		U		-76.97		170.3		68.13		84.06		-143.53		-75.56		-165.73		168.07		-146.78
3		G		-81.87		172.91		78.08		81.18		-146.87		-77.13		-165.99		166.66		-153.59
4		A		-76.27		178.16		76.3		79.57		-144.87		-74.01		-168.57		168.41		-145.36
5		C		-61.96		176.14		59.29		84.45		-142.44		-75.21		-161.19		172.46		-149.04
6		U		-60.75		176.02		58.9		89.56		-137.85		-86.15		-158.09		173.11		-152.96
7		A		-72.37		178.3		59.1		97.16		-133.13		-78.35		-153.25		173.66		-133.94
8		G		-75.78		172.56		64.64		83.48		-142.48		-66.74		-169.38		157.66		-133.0
9		G		-71.75		176.0		69.55		84.58		-142.72		-72.51		-165.75		170.14		-142.81
10		G		-84.15		176.15		72.46		82.45		-141.74		-79.26		-166.63		172.81		-151.57
11		U		-75.77		171.87		69.89		91.37		-138.29		-75.82		-160.94		176.06		-148.58
12		U		-73.04		171.38		65.24		88.64		-140.22		-74.59		-161.84		170.32		-140.83
13		C		-90.65		176.86		67.19		83.18		-144.91		-77.54		-163.97		160.12		-144.76
14		C		-86.54		177.54		73.52		81.15		-142.62		-73.39		-169.23		160.61		-142.23
15		G		-67.54		176.82		66.17		84.88		-145.02		-79.95		-162.72		175.98		-149.99
16		G		-62.26		177.0		65.49		84.49		-144.58		-73.92		-168.0		172.91		-143.16
17		C		-75.18		171.37		62.76		94.28		-137.84		-73.54		-156.14		171.6		-134.82
18		G		-90.01		-179.16		78.36		90.88		-136.4		-88.63		-157.71		166.18		-160.56
19		A		-71.43		172.42		68.41		98.86		-130.91		-88.75		-146.68		-170.97		-160.39
20		A		-72.73		166.65		67.82		91.79		-134.01		-80.59		-157.56		174.86		-159.52
21		A		-66.88		174.53		79.53		101.11		-128.09		-80.01		-153.74		-163.48		-139.82
22		G		-70.28		178.02		64.64		86.88		-138.16		-65.86		-166.14		164.8		-134.26
23		C		-67.05		175.81		69.17		82.53		-146.65		-66.92		-167.41		169.69		-145.41
24		C		-64.59		170.15		64.95		73.33		-149.66		-72.52		-169.71		168.06		-143.71
25		G		-73.76		172.03		76.5		75.22		-149.88		-73.91		-172.41		169.91		-156.09
26		G		-72.28		171.23		70.97		79.29		-146.85		-70.37		-170.67		165.91		-146.81
27		U		-69.97		167.93		62.08		81.64		-147.54		-76.41		-163.26		165.46		-156.59
28		C		-71.75		175.9		67.99		80.57		-143.66		-75.03		-168.07		163.17		-143.76
29		C		-67.33		165.86		57.51		80.8		-144.65		-68.25		-169.76		166.09		-142.13
30		G		-63.58		173.88		58.86		82.98		-143.75		-77.77		-164.3		172.85		-160.01
31		A		-58.44		172.27		53.73		86.96		-138.76		-72.24		-164.74		-175.74		-149.41
32		G		-77.69		171.26		70.91		84.51		-136.91		-75.77		-167.81		162.42		-145.8
33		A		-91.07		175.38		83.04		90.82		-136.63		-73.96		-164.76		169.73		-137.91
34		G		-74.32		175.44		68.3		86.03		-142.38		-77.5		-164.22		163.69		-147.99
35		U		-67.81		172.69		53.83		83.65		-142.19		-68.97		-164.19		175.43		-137.09
36		U		-74.95		173.4		63.15		84.32		-139.69		-77.34		-162.14		160.53		-140.12
37		A		-76.87		175.46		59.63		84.51		-144.45		-70.72		-164.62		158.17		-140.33
38		C		-69.49		-179.65		64.13		79.81		-145.76		-68.41		-171.7		163.38		-147.7
39		C		-63.05		172.36		55.59		79.08		-146.92		-69.77		-169.33		169.2		-144.02
40		G		-78.41		177.35		77.11		80.55		-144.64		-74.54		-171.89		166.66		-156.13
41		A		-63.52		167.75		64.63		87.18		-141.52		-68.4		-164.78		174.39		-146.14
42		C		-62.82		167.58		61.07		82.28		-142.28		-67.42		-165.42		163.25		-145.89
43		C		-64.37		165.52		60.65		80.78		-143.9		-74.44		-165.97		165.85		-146.02
44		G		-76.43		169.37		70.48		90.05		-137.81		-80.78		-164.32		173.31		-149.53
45		C		-61.0		171.6		61.4		78.93		-147.84		-69.23		-168.94		172.92		-152.79
46		C		-64.61		173.24		61.77		76.79		-146.58		-70.95		-169.95		167.06		-138.28
47		G		-75.69		171.74		66.7		85.23		-138.55		-79.28		-165.53		169.47		-152.4
48		A		-97.33		172.46		81.7		86.8		-139.35		-82.72		-159.95		161.86		-158.84
49		A		-89.45		175.04		101.75		88.69		-139.74		-76.14		-164.52		169.88		-155.82
50		A		-82.05		172.69		74.7		90.56		-141.65		-77.75		-166.43		165.6		-147.29
51		G		-67.23		171.04		74.83		91.46		-137.57		-74.3		-163.58		-178.79		-153.9
52		G		-69.8		176.4		73.86		85.59		-140.18		-75.27		-165.18		172.63		-148.26
53		C		-61.92		173.56		58.91		84.91		-142.76		-71.26		-164.72		170.66		-142.25
54		G		-68.09		174.45		68.8		84.34		-140.79		-77.15		-167.72		176.46		-148.0
55		G		-63.1		171.13		65.12		89.76		-135.49		-79.92		-159.24		-175.79		-155.93
56		U		-71.01		169.49		63.34		85.36		-138.42		-71.15		-160.88		163.96		-147.18
57		U		-61.22		171.75		56.04		88.58		-136.24		-79.2		-156.05		170.46		-130.68
58		A		-93.55		169.57		66.64		89.9		-134.43		-73.13		-164.0		156.14		-141.15
59		C		-74.31		168.72		66.26		82.87		-143.58		-75.48		-164.79		160.01		-157.35
60		A		-61.54		179.27		58.97		81.38		-145.07		-72.95		-163.33		176.75		-142.66
61		C		-63.12		172.78		60.76		78.87		-146.46		-69.97		-167.81		160.26		-134.3
62		G		-74.61		172.92		85.27		81.36		-143.35		-70.65		-171.99		166.68		-147.18
63		G		-67.32		174.62		70.67		82.52		-145.22		-75.14		-167.64		167.06		-147.08
64		C		-75.53		174.64		67.23		79.39		-146.74		-70.51		-170.99		162.68		-145.47
65		G		-71.68		169.17		69.97		81.85		-141.63		-73.62		-171.05		170.67		-137.24
66		G		-85.13		172.69		72.17		80.58		-144.92		-75.76		-169.04		164.69		-146.08
67		G		-83.24		171.97		68.5		85.21		-140.72		-80.06		-164.24		165.46		-151.6
68		A		-71.43		177.28		59.88		94.8		-134.26		-84.04		-152.81		-177.67		-142.75
69		A		-89.32		178.18		71.12		91.55		-132.66		-77.71		-157.48		164.2		-149.68
70		A		-101.31		178.23		80.8		96.76		-131.05		-84.14		-152.91		169.61		-151.92
71		A		-81.25		175.23		66.59		94.56		-134.11		-75.02		-155.44		162.06		-153.57
72		A		-58.06		173.79		64.97		91.36		-135.13		-78.18		-158.17		177.2		-142.87
73		A		-64.23		168.41		62.25		90.29		-138.02		-70.05		-158.32		167.7		-141.53
74		G		-79.28		179.02		85.43		90.13		-140.77		-75.29		-162.44		168.41		-149.94
75		C		-65.25		171.02		62.17		77.73		-148.48		-69.67		-170.38		168.36		-144.71
76		C		-63.01		173.17		59.73		78.97		-146.22		-71.16		-168.24		170.14		-147.9
77		C		-72.73		174.03		66.94		79.76		-146.56		-78.05		-167.18		170.36		-153.84
78		G		-76.45		174.82		75.47		79.44		-147.04		-77.12		-170.25		167.95		-150.42
79		G		-77.67		171.71		72.85		83.15		-145.06		-71.96		-169.47		169.4		-143.6
80		G		-78.93		174.51		72.34		85.79		-142.98		-81.05		-166.49		175.1		-150.05
81		A		-72.83		172.13		66.08		91.24		-140.74		-73.89		-160.29		175.97		-147.92
82		G		-81.77		179.03		71.32		91.49		-140.78		-81.0		-159.62		178.57		-151.16
83		G		-68.68		172.45		64.99		93.63		-139.2		-77.11		-158.22		-177.13		-146.62
84		A		-73.66		175.5		62.52		92.62		-139.19		-71.26		-157.61		174.84		-146.9
