No.	   Seq		 Alpha		 Beta		Gamma		Delta		 Epsilon	 Zeta		  Chi		  Eta		 Theta

0		G		-64.62		170.6		67.92		86.91		-144.29		-74.41		-163.89		178.35		-140.71
1		G		-69.08		163.05		65.7		86.02		-149.09		-65.7		-164.55		163.35		-143.19
2		G		-70.44		175.39		76.96		85.08		-143.83		-73.51		-166.14		174.48		-135.81
3		G		-75.07		171.11		63.85		93.82		-142.3		-71.84		-150.05		-179.49		-157.62
4		U		-67.58		171.94		63.73		89.5		-144.3		-86.67		-155.27		172.98		-163.4
5		A		-64.06		174.29		65.57		95.4		-140.6		-72.68		-147.84		-168.94		-149.41
6		G		-72.73		178.41		66.42		88.09		-142.98		-77.33		-163.45		173.37		-148.34
7		U		-56.31		177.14		53.44		97.61		-133.48		-60.28		-139.21		-173.95		-124.78
8		G		-106.6		-175.7		79.99		85.37		-141.41		-83.57		-162.46		165.49		-149.4
9		A		-64.52		179.96		57.09		99.44		-132.52		-64.49		-145.77		-164.02		-128.27
10		U		-66.6		173.11		54.96		90.31		-136.61		-72.75		-151.51		169.08		-134.54
11		U		-55.46		-178.42		55.01		95.57		-133.36		-79.25		-137.76		-179.99		-143.76
12		U		-95.46		173.86		58.96		109.81		-121.3		-84.97		-138.25		-148.28		-132.07
13		U		-56.55		171.72		63.14		101.38		-136.2		-85.59		-139.08		-171.8		-159.37
14		A		-88.4		-175.06		70.17		108.36		-122.28		-97.7		-137.07		-160.47		-134.89
15		C		-57.59		175.15		64.01		92.34		-142.31		-69.93		-150.62		173.85		-146.22
16		C		-69.07		-176.51		89.67		97.35		-134.12		-86.75		-152.76		-173.37		-150.44
17		C		-55.35		173.66		53.07		91.81		-147.77		-77.51		-149.97		-177.36		-160.41
18		U		-68.14		171.81		64.8		92.92		-140.42		-86.19		-152.25		172.94		-151.69
19		G		-59.22		170.96		58.71		104.46		-139.97		-78.67		-144.84		-166.0		-164.3
20		G		-71.08		173.55		69.05		90.89		-143.39		-79.68		-157.99		171.61		-160.88
21		A		-60.5		177.67		59.76		94.67		-143.89		-67.78		-154.73		-171.92		-154.94
22		G		-62.68		169.11		63.13		89.1		-142.52		-80.72		-156.45		174.71		-159.07
23		A		-56.21		169.64		52.67		90.77		-145.55		-63.16		-151.55		-176.12		-155.3
