No.	   Seq		 Alpha		 Beta		Gamma		Delta		 Epsilon	 Zeta		  Chi		  Eta		 Theta

0		G		-87.95		170.71		69.47		87.5		-142.97		-73.77		-166.92		169.54		-141.44
1		G		-68.44		170.83		62.53		89.3		-145.86		-75.77		-159.72		-176.24		-159.51
2		A		-71.06		175.2		59.2		79.2		-150.51		-71.79		-161.7		170.35		-143.28
3		C		-79.95		172.92		78.46		88.09		-146.06		-81.19		-156.86		173.43		-159.37
4		A		-64.37		170.5		50.84		91.46		-138.25		-76.53		-149.65		-178.17		-140.18
5		U		-71.76		174.65		69.93		96.81		-136.27		-82.68		-142.22		170.0		-163.11
6		A		-77.59		177.79		63.82		112.54		-122.26		-130.86		-132.56		-166.72		-168.38
7		A		-69.7		-177.47		68.97		109.29		-126.7		-77.47		-144.94		-128.81		-155.55
8		G		-63.79		-179.91		80.85		101.69		-128.09		-82.94		-147.7		-176.15		-142.67
9		G		-72.69		-178.91		63.97		101.97		-132.19		-88.06		-141.9		-163.93		-175.45
10		A		-76.78		172.36		73.1		106.62		-129.18		-100.42		-143.6		-164.37		-164.57
11		A		-68.26		168.21		70.66		91.32		-141.0		-79.25		-154.23		-177.75		-160.22
12		A		-69.36		167.27		73.47		99.38		-137.43		-79.03		-150.03		-175.13		-161.57
13		A		-72.61		176.6		74.59		93.24		-143.56		-70.35		-155.93		-177.98		-139.74
14		C		-62.62		176.16		64.15		80.33		-150.13		-70.9		-167.77		175.46		-146.72
15		C		-58.91		174.37		48.38		87.78		-148.94		-68.26		-155.2		177.37		-142.15
16		U		-66.67		177.52		60.65		100.56		-144.75		-97.59		-148.24		-171.12		-171.47
17		A		-60.06		171.98		54.97		112.73		-138.59		-98.16		-132.37		-170.84		-170.03
18		U		-61.96		172.11		60.06		100.29		-136.62		-78.32		-149.42		179.66		-151.84
19		G		-65.31		174.64		65.87		101.74		-141.74		-86.95		-147.52		176.59		-154.77
20		U		-66.37		179.13		64.23		100.26		-143.24		-76.83		-152.07		-170.92		-163.87
21		C		-62.02		172.33		57.24		92.5		-151.02		-66.6		-152.69		-175.78		-155.76
22		C		-69.96		-178.17		59.87		95.67		-142.85		-72.93		-156.3		-168.52		-148.08
