No.	   Seq		 Alpha		 Beta		Gamma		Delta		 Epsilon	 Zeta		  Chi		  Eta		 Theta

0		G		-65.46		171.38		59.8		94.73		-141.26		-71.85		-152.17		-177.7		-150.75
1		G		-61.74		170.81		57.52		92.02		-143.57		-73.35		-154.81		-178.21		-147.64
2		U		-68.56		172.45		62.83		94.0		-140.18		-71.17		-151.99		-176.26		-144.61
3		G		-70.87		172.52		65.0		93.05		-142.48		-80.09		-151.73		179.2		-149.12
4		U		-59.16		174.69		55.47		93.16		-139.96		-78.88		-148.41		-174.26		-148.22
5		U		-65.79		171.35		57.15		91.56		-141.23		-72.16		-151.32		176.62		-142.22
6		G		-67.17		171.12		60.28		95.98		-140.14		-81.52		-149.1		-176.48		-153.49
7		A		-64.09		177.92		57.47		96.55		-136.38		-73.11		-145.93		-175.74		-138.87
8		C		-65.76		172.86		60.89		91.69		-137.07		-72.16		-149.56		175.53		-134.23
9		U		-65.34		177.82		65.06		92.43		-137.37		-75.97		-150.68		176.98		-142.04
10		G		-64.32		175.08		63.5		92.69		-141.09		-74.73		-155.1		-174.8		-147.64
11		U		-58.76		176.29		56.02		91.7		-138.4		-68.63		-151.44		-179.34		-141.11
12		U		-59.66		177.25		53.67		102.58		-130.23		-77.47		-135.78		-172.66		-136.66
13		G		-84.69		-179.17		72.39		101.0		-131.58		-82.55		-141.85		-170.27		-145.51
14		A		-89.82		178.58		73.54		96.09		-137.11		-76.37		-152.03		-176.15		-151.65
15		A		-57.87		174.62		61.55		97.18		-135.46		-75.57		-147.42		-173.21		-143.51
16		U		-60.26		178.8		61.73		92.79		-139.21		-75.85		-149.09		177.62		-143.47
17		C		-60.28		173.51		55.63		99.42		-140.71		-68.09		-144.17		-175.16		-144.26
18		U		-70.5		178.34		61.28		97.77		-139.26		-74.22		-146.44		177.34		-146.11
19		C		-66.34		179.49		62.37		95.93		-144.83		-82.59		-148.86		-178.21		-165.34
20		A		-58.49		174.56		55.23		95.97		-140.1		-72.32		-149.2		-174.25		-156.12
21		U		-58.04		173.76		59.06		94.72		-143.53		-71.13		-151.36		178.29		-155.6
22		G		-61.73		175.14		61.99		93.77		-143.39		-74.37		-151.62		176.95		-154.69
23		G		-64.46		173.72		56.14		89.57		-147.38		-66.96		-158.3		176.54		-148.29
24		C		-64.03		169.65		56.61		87.86		-147.14		-71.82		-155.05		173.6		-153.66
25		A		-63.58		175.86		57.3		89.99		-145.5		-73.21		-152.77		-178.28		-156.28
26		A		-66.02		171.69		56.95		88.33		-149.13		-66.57		-156.05		173.78		-148.29
27		C		-64.64		169.88		55.54		87.68		-145.96		-70.5		-154.77		170.61		-145.97
28		A		-64.16		176.69		62.58		91.05		-143.18		-73.27		-153.69		176.92		-150.47
29		C		-63.38		175.12		57.08		93.2		-141.87		-81.22		-147.39		179.41		-154.12
30		C		-62.36		173.8		59.64		90.86		-146.02		-74.04		-153.59		-179.85		-156.0
