No.	   Seq		 Alpha		 Beta		Gamma		Delta		 Epsilon	 Zeta		  Chi		  Eta		 Theta

0		G		-72.86		172.04		63.55		84.24		-145.16		-82.87		-167.97		168.28		-157.99
1		U		-81.52		173.77		69.97		86.61		-143.73		-76.42		-164.02		173.38		-144.78
2		G		-75.41		174.98		65.74		84.34		-144.91		-79.93		-165.67		165.68		-143.83
3		C		-72.71		177.95		63.21		81.16		-144.55		-75.21		-165.6		166.01		-141.0
4		G		-86.06		174.78		77.0		82.39		-140.53		-83.2		-169.9		167.87		-156.98
5		A		-74.26		175.13		61.57		92.98		-137.21		-89.36		-156.4		173.11		-151.15
6		A		-79.97		177.5		69.72		91.65		-135.42		-81.06		-156.18		168.17		-143.98
7		G		-68.07		177.84		67.46		92.57		-133.69		-83.34		-156.61		178.28		-133.84
8		G		-109.21		178.53		72.8		95.66		-131.16		-80.51		-158.54		162.5		-140.0
9		G		-159.09		-178.81		107.81		95.62		-133.29		-89.62		-161.74		-163.18		-155.57
10		A		-71.54		175.79		57.37		95.76		-133.17		-76.83		-153.98		-172.86		-134.76
11		C		-78.39		176.17		70.71		85.04		-143.41		-77.14		-162.57		163.96		-147.74
12		G		-86.76		177.03		86.16		87.93		-138.83		-80.23		-161.8		-178.72		-142.47
13		G		-79.13		173.81		67.32		89.18		-140.58		-76.41		-163.42		172.5		-148.64
14		U		-69.59		172.24		71.8		92.18		-136.94		-76.12		-156.99		175.2		-138.03
15		G		-84.47		176.31		70.16		94.13		-136.28		-82.23		-157.75		177.15		-146.38
16		C		-85.82		175.62		71.51		95.74		-138.42		-77.68		-155.12		163.63		-148.46
17		G		-79.78		176.36		71.71		88.05		-139.14		-77.39		-159.0		175.42		-143.63
18		G		-77.07		176.54		70.04		97.74		-134.45		-98.02		-149.84		178.22		-158.55
19		A		-83.08		173.64		69.62		100.36		-131.45		-76.54		-152.06		-176.47		-139.4
20		G		-91.79		175.65		110.2		101.47		-131.1		-94.21		-153.29		-171.13		-171.86
21		A		-79.26		-176.56		69.5		98.73		-132.55		-74.08		-153.37		172.65		-133.28
22		G		-100.31		175.19		82.47		91.09		-135.89		-68.72		-164.68		167.6		-138.56
23		G		-69.23		174.21		68.99		88.88		-138.14		-81.27		-158.5		174.09		-146.09
24		A		-70.65		175.97		58.4		85.09		-144.6		-69.79		-164.36		168.63		-146.63
25		G		-78.59		172.7		73.01		89.7		-140.3		-82.46		-158.2		168.58		-151.14
26		A		-72.1		177.49		61.13		87.47		-142.54		-71.28		-160.86		168.2		-143.33
27		G		-73.93		174.32		70.62		84.88		-141.33		-74.49		-164.58		167.21		-143.92
28		C		-70.87		174.15		58.46		81.19		-146.12		-76.55		-165.08		168.59		-146.63
29		A		-67.77		174.31		57.43		82.77		-147.95		-71.91		-165.23		171.57		-149.21
30		C		-70.2		171.43		56.16		81.96		-145.61		-76.7		-161.58		168.18		-148.28
