No.	   Seq		 Alpha		 Beta		Gamma		Delta		 Epsilon	 Zeta		  Chi		  Eta		 Theta

0		G		-74.56		172.84		62.49		90.38		-142.09		-79.42		-157.36		175.95		-144.56
1		G		-69.03		175.51		57.65		95.96		-138.94		-82.61		-149.71		-178.86		-152.59
2		C		-76.76		176.6		68.31		88.99		-142.73		-82.16		-158.61		175.93		-149.56
3		G		-70.52		175.18		58.57		93.46		-140.96		-81.49		-152.05		-179.66		-151.5
4		A		-78.93		175.94		69.13		88.42		-142.33		-78.29		-161.34		173.45		-139.63
5		G		-76.59		176.23		65.04		90.1		-139.7		-80.5		-155.16		176.25		-144.4
6		G		-75.83		178.37		69.15		88.52		-141.04		-80.29		-159.81		175.08		-141.38
7		U		-70.58		174.77		55.99		96.08		-136.97		-70.51		-148.54		179.65		-132.17
8		U		-84.79		178.52		70.51		96.06		-137.36		-86.43		-152.94		175.47		-146.23
9		C		-73.08		178.13		59.32		97.17		-134.9		-72.9		-147.95		-178.96		-143.06
10		U		-85.49		178.29		71.79		87.64		-140.51		-80.06		-162.55		172.05		-146.04
11		G		-68.91		176.54		64.51		93.22		-138.14		-69.35		-150.63		-174.05		-143.04
12		U		-83.82		177.96		70.17		90.99		-137.76		-81.05		-156.26		173.94		-142.03
13		C		-71.21		178.13		64.97		93.82		-137.14		-67.09		-148.81		-176.24		-136.32
14		U		-85.91		178.52		71.55		91.8		-136.45		-84.39		-157.6		170.58		-143.98
15		U		-67.95		173.63		59.83		99.36		-133.57		-77.14		-143.24		-172.47		-147.09
16		U		-81.93		175.04		65.56		94.85		-133.4		-83.28		-153.5		174.03		-141.87
17		U		-67.28		176.7		62.91		102.78		-132.65		-76.98		-138.79		-167.81		-140.17
18		G		-122.79		-178.92		91.63		98.45		-133.84		-94.09		-155.61		178.1		-152.64
19		G		-65.82		178.24		67.02		103.95		-135.31		-76.25		-144.94		-155.34		-152.09
20		U		-80.14		179.27		72.51		93.3		-135.62		-78.76		-156.12		173.48		-139.17
21		C		-68.98		174.81		59.52		97.07		-139.55		-83.58		-143.35		-176.69		-166.09
22		A		-91.35		175.61		76.43		88.59		-138.38		-81.96		-164.48		170.37		-147.26
23		G		-68.44		176.38		58.94		95.61		-141.6		-74.35		-150.2		-175.01		-154.93
24		G		-87.59		177.88		72.06		85.35		-141.68		-81.26		-161.54		165.75		-142.8
25		A		-65.11		177.22		56.07		97.01		-140.04		-71.62		-147.06		-172.96		-145.23
26		C		-77.05		173.49		71.9		85.82		-139.67		-84.25		-159.99		168.95		-152.08
27		A		-63.97		176.84		55.52		91.35		-144.75		-72.84		-150.16		175.08		-148.37
28		A		-77.6		171.42		62.63		87.92		-138.24		-79.02		-158.39		168.93		-139.22
29		C		-61.83		176.39		59.2		88.46		-143.53		-70.24		-154.7		175.55		-148.42
30		C		-78.23		177.1		70.96		84.15		-140.23		-78.84		-164.05		173.66		-142.48
31		G		-69.33		178.45		57.79		89.86		-148.29		-71.38		-155.73		177.06		-147.09
32		U		-73.46		172.9		69.43		86.27		-140.13		-74.65		-163.36		174.31		-140.71
33		C		-65.08		-179.89		57.19		93.22		-138.38		-74.67		-146.76		176.79		-149.13
34		U		-92.61		176.12		80.89		87.01		-139.59		-84.2		-162.13		165.83		-147.94
35		A		-68.56		174.35		58.32		97.26		-142.82		-67.43		-148.3		177.94		-144.77
36		G		-97.97		178.11		87.2		85.0		-140.68		-77.61		-168.26		169.3		-145.77
37		C		-67.64		-179.85		58.39		89.35		-146.71		-70.82		-154.49		173.84		-140.79
38		U		-82.05		176.54		70.26		91.49		-136.2		-86.58		-159.61		170.71		-148.13
39		A		-63.55		177.59		55.5		95.98		-140.89		-69.24		-147.02		-176.36		-143.69
40		U		-125.22		173.95		78.23		89.02		-136.28		-82.97		-161.32		159.01		-143.91
41		A		-66.04		178.57		58.69		98.68		-136.94		-84.64		-140.52		177.77		-152.92
42		A		-116.62		-178.59		93.25		96.27		-132.31		-84.22		-158.93		176.41		-142.48
43		G		-65.44		172.97		65.96		102.87		-135.63		-72.92		-144.76		-171.64		-153.25
44		U		-90.48		179.05		88.59		87.15		-140.0		-78.57		-163.84		170.27		-142.68
45		G		-66.68		173.83		61.95		98.83		-138.72		-81.7		-143.35		-176.08		-151.97
46		C		-90.52		174.85		68.19		85.1		-140.47		-78.57		-162.49		167.2		-145.59
47		U		-61.29		174.12		60.68		94.38		-145.01		-75.26		-150.17		-175.67		-155.22
48		G		-93.84		178.88		77.51		95.23		-136.04		-91.01		-155.61		177.52		-148.67
49		C		-69.21		175.02		64.26		95.66		-140.97		-77.65		-149.83		179.85		-161.96
50		A		-80.91		174.6		71.88		91.13		-137.59		-86.37		-158.84		177.94		-142.45
51		G		-66.16		178.8		70.01		93.64		-142.96		-79.72		-151.29		-177.99		-153.75
52		G		-91.62		174.16		82.68		87.95		-139.73		-77.96		-160.62		168.29		-141.01
53		G		-75.99		174.31		75.45		92.23		-138.42		-79.64		-155.77		179.48		-146.46
54		G		-84.54		179.63		79.03		90.62		-136.82		-80.67		-161.83		172.85		-141.0
55		U		-73.61		179.29		60.21		97.76		-137.22		-77.9		-149.32		-179.28		-142.67
56		G		-101.34		176.03		79.56		89.45		-137.74		-83.57		-160.75		165.82		-146.85
57		A		-75.23		178.72		65.13		97.49		-135.93		-74.92		-151.04		176.12		-140.78
58		G		-83.73		178.25		72.41		87.39		-138.99		-80.08		-160.48		172.04		-141.79
59		A		-74.09		178.12		59.66		100.66		-135.77		-81.92		-146.04		179.78		-145.02
60		A		-100.33		177.46		87.6		91.67		-135.33		-77.47		-161.18		163.14		-140.15
61		A		-73.85		177.41		64.74		96.11		-138.96		-78.79		-151.57		172.91		-146.46
62		C		-69.78		172.94		58.16		84.47		-141.48		-74.98		-162.36		166.68		-138.55
63		U		-65.57		170.27		53.58		87.44		-144.48		-72.05		-155.8		171.9		-141.1
64		C		-76.77		173.45		64.77		81.71		-142.63		-79.57		-164.99		166.9		-140.89
65		C		-68.54		168.04		55.18		86.52		-145.07		-73.5		-157.87		171.51		-143.8
66		U		-79.75		174.73		69.8		88.95		-138.81		-82.82		-159.99		173.9		-146.22
67		A		-71.2		172.82		59.69		92.21		-139.86		-81.34		-153.45		176.73		-145.79
68		G		-86.32		176.12		80.55		87.56		-140.22		-81.38		-162.54		167.81		-148.24
69		C		-69.03		172.79		61.61		92.25		-142.09		-80.57		-153.79		172.81		-144.92
70		U		-73.73		177.37		67.0		92.59		-140.56		-85.67		-156.25		179.13		-154.99
71		G		-72.75		172.72		67.75		93.75		-139.62		-82.44		-155.79		-179.0		-151.43
72		G		-81.38		177.54		74.85		90.22		-140.7		-77.85		-161.9		178.5		-147.47
73		A		-65.61		176.09		56.82		88.62		-140.93		-78.65		-157.23		-177.43		-138.91
74		C		-72.99		172.43		63.21		89.86		-137.92		-79.27		-154.67		172.85		-148.72
75		G		-77.15		176.7		75.12		96.68		-135.94		-99.66		-151.49		-177.25		-166.4
76		A		-75.9		176.37		63.9		94.84		-136.37		-78.29		-153.83		176.04		-138.57
77		U		-75.87		174.41		66.98		97.57		-132.77		-90.1		-149.44		173.95		-142.74
78		G		-80.59		177.09		73.23		94.9		-134.67		-79.06		-155.88		178.3		-145.14
79		U		-78.24		176.76		70.14		92.5		-137.75		-82.92		-158.6		172.49		-143.37
80		C		-78.38		177.97		59.81		91.13		-142.03		-76.94		-153.6		172.01		-141.98
81		U		-83.64		-177.41		77.47		92.78		-134.99		-86.14		-159.59		177.92		-145.32
82		C		-78.52		177.63		68.5		90.53		-139.0		-77.26		-157.12		171.51		-148.26
83		G		-83.56		177.38		77.63		86.23		-140.54		-79.16		-164.52		173.87		-147.7
84		A		-75.34		176.51		64.84		91.2		-139.01		-79.31		-159.04		174.27		-138.98
85		G		-86.15		176.79		82.97		83.8		-140.94		-77.58		-168.59		164.13		-143.52
86		G		-78.95		177.51		73.0		90.67		-139.07		-77.98		-157.49		175.73		-136.35
87		C		-90.25		175.99		68.81		86.7		-141.18		-79.1		-161.49		163.4		-141.71
88		A		-71.21		-179.92		67.01		93.44		-135.87		-83.8		-154.51		-178.68		-146.16
89		U		-73.44		172.64		60.96		97.72		-131.29		-82.19		-153.75		176.95		-135.26
90		U		-76.09		175.02		59.45		102.55		-133.92		-87.53		-145.52		172.88		-145.68
91		A		-90.9		-179.75		74.38		94.9		-137.06		-83.64		-156.52		172.09		-139.22
92		G		-76.62		-176.81		69.97		98.23		-135.3		-82.38		-152.17		-179.89		-145.35
93		C		-87.45		177.55		76.98		88.51		-140.91		-81.56		-160.83		168.65		-147.05
94		A		-68.87		177.29		63.77		95.39		-141.68		-81.88		-152.89		-176.12		-147.07
95		C		-75.66		176.12		66.32		86.16		-143.08		-77.98		-160.98		171.6		-148.21
96		C		-71.82		174.93		64.93		86.02		-145.25		-77.29		-159.65		174.93		-148.45
97		G		-85.0		177.26		77.95		87.31		-141.17		-82.38		-159.5		171.22		-148.18
98		G		-72.04		177.42		69.92		86.9		-145.82		-79.42		-162.01		178.34		-148.75
99		G		-73.77		171.73		68.03		90.06		-139.0		-77.43		-161.91		178.26		-146.25
100		G		-76.78		-178.47		71.67		94.48		-140.49		-85.08		-155.73		178.28		-150.15
101		A		-92.25		176.88		77.08		98.95		-134.46		-83.93		-151.59		176.84		-144.75
102		G		-87.56		176.25		77.33		98.77		-136.31		-91.03		-149.94		-177.73		-162.33
103		A		-78.73		179.65		74.08		95.62		-138.14		-86.41		-154.67		-177.02		-153.22
104		A		-76.29		178.31		69.03		100.99		-137.5		-81.56		-150.54		-174.96		-146.65
105		G		-79.72		178.89		75.99		95.83		-137.17		-77.36		-154.6		178.21		-147.23
106		U		-76.52		-178.22		71.51		97.7		-138.1		-76.78		-152.89		-177.74		-142.53
107		C		-82.82		176.39		67.55		88.35		-142.03		-79.14		-158.33		168.5		-144.46
108		A		-75.94		178.61		64.64		97.11		-139.24		-82.35		-151.97		-175.73		-147.01
109		U		-76.71		174.41		67.45		88.97		-140.31		-79.62		-158.14		169.56		-146.52
110		U		-74.31		174.85		62.79		93.23		-140.63		-77.88		-153.31		174.35		-144.37
111		U		-83.1		177.64		64.89		95.24		-139.54		-84.28		-154.23		173.06		-141.02
112		A		-80.77		176.28		68.19		94.87		-140.05		-81.29		-154.1		175.58		-147.51
113		A		-79.18		179.31		75.06		90.65		-140.51		-80.6		-159.03		176.7		-145.41
114		U		-74.97		177.69		65.77		95.17		-139.57		-82.22		-152.57		176.06		-145.85
