No.	   Seq		 Alpha		 Beta		Gamma		Delta		 Epsilon	 Zeta		  Chi		  Eta		 Theta

0		G		-81.22		175.45		67.3		85.95		-142.58		-77.08		-162.28		173.06		-142.11
1		G		-80.44		176.32		64.25		89.95		-142.32		-83.58		-156.35		174.34		-148.42
2		A		-80.51		178.34		69.42		95.15		-137.79		-85.46		-152.75		178.3		-152.36
3		A		-78.87		177.1		68.25		94.48		-140.41		-85.17		-155.92		176.82		-148.95
4		A		-73.97		175.92		66.58		97.62		-136.34		-80.83		-154.9		-177.08		-147.17
5		U		-70.56		175.46		60.06		96.53		-135.98		-82.03		-152.61		-178.24		-142.48
6		U		-74.04		174.98		60.57		99.26		-133.97		-87.26		-148.72		-178.05		-150.56
7		A		-75.03		176.47		63.16		98.54		-135.27		-84.67		-150.11		-174.84		-143.69
8		G		-76.29		174.31		65.95		95.69		-138.36		-83.47		-154.38		-175.44		-150.82
9		G		-69.52		178.15		66.49		93.67		-139.73		-87.93		-153.43		-178.48		-151.83
10		U		-68.06		173.05		57.55		94.02		-141.29		-87.87		-151.24		-178.0		-152.37
11		G		-74.71		174.79		69.42		93.25		-141.54		-83.78		-157.72		-179.98		-147.21
12		C		-77.3		175.06		63.09		92.27		-142.31		-78.3		-157.79		179.6		-141.94
13		G		-75.46		-179.93		65.95		92.39		-141.18		-83.27		-156.45		178.33		-146.93
14		C		-70.94		176.27		58.52		97.4		-137.61		-81.95		-151.31		-176.76		-142.79
15		U		-66.46		173.42		58.07		102.09		-136.41		-82.84		-150.15		-171.81		-150.25
16		U		-73.82		177.77		66.11		105.57		-132.85		-90.12		-146.44		-172.48		-147.14
17		G		-81.02		179.47		70.68		102.65		-134.39		-88.19		-151.0		-176.74		-151.32
18		G		-76.4		179.4		72.78		96.89		-134.55		-81.19		-152.81		-176.63		-142.68
19		C		-74.46		177.97		68.79		91.29		-140.5		-81.19		-156.62		-178.97		-144.38
20		G		-71.3		178.81		69.14		94.22		-138.9		-79.57		-154.26		-176.01		-146.2
21		U		-74.32		176.8		65.17		95.51		-137.18		-78.05		-154.56		-177.23		-141.0
22		U		-69.02		175.52		58.12		96.89		-135.98		-81.24		-148.13		177.23		-141.19
23		U		-79.66		179.93		65.69		98.63		-133.02		-80.56		-150.01		179.17		-140.2
24		U		-75.22		176.34		63.32		99.79		-133.76		-84.21		-148.95		178.6		-150.9
25		A		-82.73		-179.29		72.14		99.91		-135.09		-87.28		-152.96		-178.99		-147.21
26		G		-72.66		177.34		68.03		98.29		-136.25		-84.38		-152.73		-176.52		-142.3
27		U		-76.43		179.68		69.02		103.21		-132.69		-84.41		-147.08		-179.0		-136.42
28		C		-72.33		176.66		68.45		89.84		-141.29		-76.71		-156.55		174.1		-140.48
29		C		-79.32		176.24		69.88		88.91		-141.49		-83.66		-158.34		173.48		-150.27
30		C		-68.99		173.09		58.41		87.26		-144.29		-80.32		-160.29		176.89		-152.75
31		U		-68.99		175.5		61.82		87.62		-141.52		-79.43		-158.39		177.53		-145.67
32		G		-80.55		175.16		66.02		96.69		-137.52		-82.6		-151.72		179.82		-144.92
33		A		-88.39		178.85		75.01		96.49		-135.39		-84.76		-152.83		175.92		-146.94
34		A		-71.07		174.77		63.8		97.85		-136.05		-90.43		-147.75		-175.95		-150.07
35		A		-78.45		178.76		69.63		98.31		-136.96		-93.05		-148.96		-179.27		-158.38
36		A		-69.28		174.16		66.47		99.35		-138.48		-83.93		-150.68		-173.08		-149.91
37		G		-76.79		177.71		73.93		92.47		-140.96		-80.54		-156.76		178.94		-150.87
38		G		-76.11		174.37		67.13		92.82		-141.76		-78.04		-155.91		179.05		-147.96
39		G		-79.81		173.41		70.31		87.76		-143.14		-79.81		-159.8		177.99		-152.36
40		A		-76.49		179.32		77.87		88.64		-142.79		-81.13		-157.9		-179.18		-151.5
41		C		-75.62		172.52		65.68		86.18		-140.8		-78.1		-157.26		172.96		-144.35
42		U		-77.3		178.12		70.1		92.5		-138.74		-87.13		-151.67		175.67		-154.89
43		A		-83.07		177.6		69.22		98.31		-135.63		-85.68		-151.06		179.25		-145.72
44		A		-87.85		175.58		70.34		98.39		-138.13		-83.08		-151.22		173.23		-151.51
45		A		-80.21		-179.61		71.53		100.77		-136.27		-88.01		-150.61		-177.93		-148.22
46		A		-70.36		175.2		65.36		97.04		-137.59		-75.38		-151.88		-179.71		-144.57
47		U		-72.69		175.37		65.15		96.04		-137.13		-81.69		-151.47		179.48		-149.56
48		A		-75.45		175.24		62.77		94.48		-139.76		-82.83		-153.38		178.76		-150.36
49		A		-73.92		175.01		62.93		92.55		-138.48		-85.78		-157.02		175.57		-147.13
50		A		-77.74		177.18		71.72		95.74		-138.25		-76.07		-154.14		-179.91		-147.71
51		G		-83.77		177.42		72.14		92.49		-139.36		-81.18		-157.44		173.91		-139.75
52		A		-77.57		177.8		65.49		91.7		-142.73		-78.39		-155.98		175.1		-141.47
53		G		-78.62		173.57		73.17		92.05		-139.98		-80.66		-159.28		175.72		-141.75
54		U		-75.53		175.16		69.25		99.57		-139.65		-84.02		-151.07		179.94		-152.12
55		U		-79.06		177.04		70.59		98.66		-138.45		-83.79		-151.96		177.41		-152.44
56		U		-76.99		175.54		66.3		104.34		-134.91		-89.73		-148.57		-174.49		-149.91
57		G		-73.85		177.49		63.82		99.24		-134.84		-87.03		-154.84		-176.33		-149.92
58		C		-74.04		179.87		69.04		100.12		-137.16		-88.12		-151.87		-169.33		-149.44
59		G		-69.96		-179.18		67.37		98.99		-137.48		-85.94		-151.49		-174.16		-143.82
60		G		-76.31		178.71		73.53		98.9		-136.49		-87.08		-151.63		-171.25		-147.13
61		G		-82.03		176.74		80.38		95.71		-135.9		-83.22		-154.85		-177.47		-141.08
62		A		-79.98		177.8		69.73		100.01		-134.51		-88.05		-151.53		-174.28		-140.44
63		C		-77.83		174.47		65.73		94.34		-137.63		-79.06		-155.01		178.4		-139.8
64		U		-80.08		175.88		67.89		101.02		-134.59		-87.13		-150.1		-176.36		-140.23
65		C		-75.64		176.67		60.99		95.08		-139.6		-83.35		-151.13		177.66		-139.9
66		U		-71.16		177.27		61.31		98.55		-136.33		-82.8		-151.03		-177.89		-136.27
67		G		-75.25		-179.48		67.69		102.39		-135.04		-90.31		-150.42		-171.46		-145.99
68		C		-76.95		178.37		70.48		94.26		-138.52		-82.71		-158.36		177.13		-146.23
69		G		-73.84		178.02		71.63		94.97		-139.43		-82.89		-155.88		179.8		-146.74
70		G		-77.72		176.64		67.6		90.98		-140.67		-82.21		-158.76		172.78		-145.55
71		G		-77.72		174.26		67.84		90.29		-141.32		-78.9		-159.99		173.58		-144.61
72		G		-72.63		173.42		61.92		87.02		-141.55		-81.56		-161.33		175.1		-140.78
73		U		-75.11		178.32		62.33		94.76		-138.08		-79.32		-154.37		176.72		-138.44
74		U		-80.27		173.7		62.48		88.21		-139.6		-79.96		-160.71		169.14		-138.58
75		A		-84.33		-179.44		62.28		96.86		-136.46		-80.68		-152.27		174.43		-139.55
76		C		-84.35		179.47		65.69		86.87		-140.82		-80.34		-160.34		166.86		-141.6
77		A		-81.16		-176.41		74.69		98.36		-136.31		-91.27		-150.32		-178.34		-151.65
78		A		-83.43		176.76		73.51		96.92		-136.45		-83.16		-155.16		175.86		-141.54
79		U		-75.53		178.99		69.49		94.97		-140.23		-81.03		-153.72		175.23		-143.85
80		C		-82.48		179.81		68.49		90.28		-139.9		-81.29		-158.48		172.44		-138.33
81		C		-79.68		-177.01		69.45		87.22		-144.43		-77.98		-159.84		173.15		-147.06
82		C		-78.23		-179.7		72.53		88.62		-140.42		-82.66		-161.01		179.08		-148.02
83		C		-69.62		177.31		58.86		88.24		-144.08		-76.96		-156.93		177.17		-145.83
84		U		-85.9		-179.43		72.65		94.35		-137.46		-87.77		-156.16		177.53		-147.5
85		A		-80.13		-179.88		69.25		99.32		-137.62		-86.58		-150.45		179.97		-148.65
86		A		-93.19		178.67		80.43		93.55		-137.98		-83.45		-156.68		171.52		-150.11
87		A		-76.8		178.43		74.43		97.69		-138.79		-87.45		-151.94		179.73		-152.51
88		A		-79.65		177.85		76.21		95.5		-137.8		-85.27		-155.19		177.46		-151.54
89		C		-76.15		-177.58		70.56		97.59		-139.65		-84.32		-151.46		-177.48		-155.4
90		C		-81.78		179.03		72.92		88.74		-141.39		-81.57		-158.96		172.9		-147.29
91		G		-74.89		-179.54		67.84		94.87		-141.23		-82.39		-152.85		179.59		-150.9
92		C		-81.65		178.16		74.41		90.64		-139.07		-82.89		-158.61		177.79		-147.66
