No.	   Seq		 Alpha		 Beta		Gamma		Delta		 Epsilon	 Zeta		  Chi		  Eta		 Theta

0		A		-82.69		174.48		73.76		92.51		-146.95		-74.08		-152.95		-179.97		-151.59
1		A		-84.65		179.88		81.19		91.35		-140.61		-82.1		-157.44		177.54		-154.75
2		U		-69.61		168.2		57.17		95.05		-140.14		-72.07		-149.45		-173.9		-138.71
3		U		-76.06		173.71		59.94		89.19		-143.75		-73.88		-154.09		168.81		-136.22
4		U		-71.27		-179.84		49.8		100.58		-141.6		-82.97		-142.17		-168.48		-147.79
5		C		-78.41		176.08		58.26		92.28		-138.94		-82.35		-150.47		173.69		-151.15
6		U		-67.42		176.22		56.42		94.26		-144.19		-83.29		-144.22		-173.36		-152.84
7		A		-70.36		176.61		60.73		93.7		-140.27		-84.17		-148.5		179.86		-147.46
8		C		-55.7		176.14		55.7		90.39		-144.29		-69.01		-153.23		172.28		-146.14
9		U		-61.84		170.25		56.5		89.43		-139.01		-79.47		-150.48		172.04		-143.23
10		A		-66.02		176.22		59.63		97.87		-136.61		-90.27		-142.06		179.07		-149.44
11		A		-66.8		172.21		72.11		103.99		-128.51		-85.23		-142.51		-166.38		-150.95
12		G		-65.55		177.68		67.63		94.8		-139.28		-77.04		-154.05		-173.99		-150.56
13		U		-64.48		175.54		60.19		100.07		-136.19		-92.56		-149.12		-170.05		-151.01
14		G		-60.07		175.44		59.85		97.68		-142.29		-75.11		-149.56		-158.76		-152.66
15		U		-69.43		172.49		62.48		95.34		-141.71		-79.57		-152.62		-172.7		-150.75
16		A		-74.07		177.49		63.41		98.09		-144.96		-66.65		-146.43		179.67		-152.73
17		G		-95.19		179.06		105.93		98.28		-139.32		-91.27		-154.31		-173.3		-166.69
18		A		-63.9		-179.73		63.72		106.88		-136.9		-70.65		-142.66		-160.56		-172.14
19		U		-60.23		174.72		63.54		91.94		-142.73		-75.62		-157.99		-179.54		-147.28
20		G		-73.1		178.06		57.49		103.51		-141.84		-70.9		-143.83		-171.32		-145.92
21		G		-92.82		176.71		62.18		103.02		-135.34		-85.37		-147.25		-166.5		-164.64
22		A		-68.47		-178.63		60.03		106.13		-135.11		-69.08		-135.7		-160.51		-161.41
23		A		-77.72		177.15		64.4		105.28		-132.23		-87.48		-142.51		-166.97		-144.97
24		A		-59.86		170.83		57.42		105.24		-132.53		-59.06		-141.52		-171.03		-130.31
25		U		-64.37		175.49		64.15		101.11		-133.38		-75.15		-148.21		-176.79		-130.56
26		U		-68.68		-176.36		54.67		104.94		-140.26		-71.67		-136.37		177.03		-152.84
27		A		-74.19		178.56		57.77		102.63		-136.34		-79.15		-144.31		-172.51		-137.87
28		G		-62.51		178.28		65.89		96.62		-144.14		-75.49		-150.74		-174.54		-158.34
29		G		-65.55		177.36		58.44		90.64		-144.32		-81.12		-156.86		178.81		-146.73
30		U		-61.15		179.23		51.28		95.97		-147.47		-73.33		-149.32		178.48		-144.53
31		G		-70.09		171.57		58.02		88.94		-145.95		-76.09		-158.31		171.05		-140.83
32		C		-69.04		175.37		55.64		86.05		-149.07		-69.67		-158.04		174.8		-144.29
33		G		-71.65		170.08		56.64		86.91		-145.26		-80.26		-159.04		174.01		-142.56
34		C		-66.69		-179.87		49.58		92.73		-146.77		-75.89		-152.37		-177.03		-147.63
35		U		-62.28		166.81		51.36		90.35		-140.17		-72.44		-156.55		173.4		-136.71
36		U		-74.44		-179.14		58.37		102.73		-136.64		-90.79		-141.17		177.13		-147.45
37		G		-77.75		177.88		63.17		95.43		-139.38		-83.58		-153.9		170.37		-145.21
38		G		-68.22		179.85		56.57		100.39		-133.27		-81.58		-144.48		-174.27		-140.32
39		C		-73.83		177.27		70.74		90.3		-137.67		-79.26		-158.14		-179.38		-142.45
