No.	   Seq		 Alpha		 Beta		Gamma		Delta		 Epsilon	 Zeta		  Chi		  Eta		 Theta

0		G		-69.05		177.25		63.22		82.67		-145.7		-77.93		-160.87		169.69		-143.39
1		C		-92.63		176.54		73.23		89.15		-138.21		-77.28		-162.14		172.27		-144.14
2		C		-92.54		-178.87		78.44		89.53		-139.08		-82.54		-157.44		165.87		-144.64
3		G		-81.55		177.1		71.66		83.44		-144.06		-78.64		-161.49		169.45		-146.79
4		C		-92.41		175.14		65.98		88.59		-142.73		-76.84		-161.52		172.45		-146.36
5		C		-112.33		173.86		89.51		88.15		-142.02		-72.67		-163.5		171.54		-153.81
6		G		-83.1		-175.34		76.35		90.93		-139.53		-88.4		-155.63		-173.7		-147.21
7		C		-93.51		174.23		70.27		88.68		-140.59		-75.03		-160.84		169.73		-149.69
8		U		-81.64		178.85		69.19		92.98		-137.55		-73.76		-155.88		171.87		-130.58
9		G		-115.07		-179.59		84.88		87.01		-144.84		-81.62		-160.86		167.11		-152.8
10		G		-93.79		179.25		70.64		88.96		-143.97		-75.46		-161.6		174.03		-151.5
11		U		-76.87		172.46		58.74		87.97		-141.97		-74.5		-157.61		173.42		-140.69
12		G		-110.08		-176.1		66.99		82.47		-142.4		-72.85		-165.56		157.76		-132.65
13		C		-142.73		170.77		69.7		87.12		-142.01		-75.23		-158.44		148.86		-147.81
14		A		-81.77		176.82		63.0		88.41		-140.81		-83.65		-153.25		170.63		-163.09
15		A		-99.46		176.87		74.71		101.94		-126.03		-94.35		-140.29		-172.3		-144.95
16		G		-166.95		171.84		73.54		104.63		-124.95		-62.04		-149.98		108.56		-115.47
17		U		-82.46		-177.68		72.59		108.51		-123.39		-89.31		-139.32		173.96		-104.56
18		C		-97.25		-171.67		70.19		90.01		-136.37		-75.95		-155.8		151.27		-145.32
19		C		-109.21		173.55		68.24		87.29		-141.97		-79.48		-157.72		162.57		-150.64
20		A		-72.43		-178.09		66.18		87.57		-146.26		-78.75		-155.06		-178.61		-151.26
21		G		-72.98		176.32		70.93		85.58		-141.48		-85.85		-154.91		173.65		-153.13
22		C		-94.8		177.28		70.19		86.13		-140.4		-68.58		-162.8		162.45		-136.11
23		C		-78.27		178.58		74.39		83.64		-143.98		-82.93		-164.88		169.45		-149.38
24		A		-69.21		177.11		63.26		82.88		-146.46		-74.35		-164.65		171.79		-146.04
25		C		-88.05		170.11		63.09		79.77		-144.95		-69.29		-166.96		154.08		-139.38
26		G		-68.84		177.77		68.11		85.17		-143.04		-72.31		-161.2		-179.9		-138.37
27		C		-73.98		174.42		61.65		83.24		-142.73		-77.59		-160.87		164.55		-144.73
28		U		-64.65		174.68		59.46		101.38		-132.6		-91.81		-141.25		-173.62		-168.69
29		U		-89.71		177.15		72.11		95.81		-132.57		-85.91		-154.88		171.92		-138.21
30		C		-68.42		179.79		64.06		92.67		-142.19		-77.12		-149.1		168.39		-152.51
31		G		-77.55		178.34		63.2		82.9		-139.6		-73.18		-164.67		170.01		-142.72
32		G		-65.31		-174.56		69.35		88.21		-141.18		-79.11		-156.75		175.22		-148.16
33		C		-77.46		173.82		63.5		85.11		-143.55		-73.5		-160.97		164.32		-140.35
34		G		-68.05		-171.16		77.63		89.38		-144.91		-83.33		-160.34		-175.11		-151.0
35		U		-73.53		174.12		55.87		92.49		-135.26		-72.1		-153.26		173.22		-147.1
36		G		-80.4		-177.39		77.36		91.58		-138.61		-73.82		-155.9		167.98		-159.95
37		G		-70.48		169.18		60.41		93.28		-134.43		-75.28		-157.63		-179.46		-129.54
38		G		-67.53		174.25		55.79		82.67		-147.11		-75.08		-165.45		167.71		-142.71
39		C		-70.24		170.71		67.73		86.86		-141.45		-71.22		-161.53		175.02		-141.77
40		G		-78.48		-175.77		63.88		87.58		-145.51		-78.34		-159.96		171.47		-144.53
41		C		-66.5		170.64		55.77		78.63		-146.85		-69.38		-163.91		169.6		-137.02
42		U		-65.88		174.84		56.74		91.72		-135.75		-83.71		-147.47		178.13		-139.93
43		C		-87.08		172.95		65.76		89.19		-142.0		-83.64		-156.97		162.77		-156.13
44		A		-69.66		-178.08		61.08		96.66		-140.43		-74.2		-150.67		175.48		-148.82
45		U		-74.67		175.03		73.27		90.47		-134.56		-72.94		-157.15		167.75		-134.28
46		G		-82.24		-174.72		68.53		94.61		-135.8		-82.23		-154.52		172.03		-146.49
47		G		-68.28		171.13		63.51		83.67		-141.73		-73.37		-164.91		169.1		-140.13
48		G		-65.8		176.62		59.43		84.89		-147.02		-75.45		-157.09		171.48		-145.58
49		U		-74.81		172.37		64.88		84.8		-141.35		-77.91		-161.83		170.01		-146.94
