No.	   Seq		 Alpha		 Beta		Gamma		Delta		 Epsilon	 Zeta		  Chi		  Eta		 Theta

0		U		-69.07		179.66		59.53		87.44		-141.65		-78.61		-155.25		172.89		-131.26
1		G		-76.72		-176.32		68.52		92.26		-138.56		-75.2		-158.68		177.59		-135.84
2		C		-130.15		-178.81		73.74		91.61		-138.39		-79.21		-164.61		143.92		-140.07
3		G		-70.29		-179.82		63.52		80.79		-147.35		-73.94		-167.82		171.6		-141.48
4		U		-67.64		178.21		50.44		81.93		-146.78		-76.71		-158.38		166.89		-134.22
5		C		-79.61		174.67		63.2		81.85		-149.68		-70.64		-163.38		155.95		-137.06
6		G		-80.23		179.56		69.14		81.63		-146.06		-78.03		-166.36		167.08		-138.62
7		C		-70.74		179.15		55.43		86.09		-145.82		-77.72		-158.11		170.07		-145.08
8		U		-65.09		178.99		54.47		89.28		-140.05		-77.99		-155.42		175.41		-135.46
9		C		-77.29		-176.85		54.49		85.84		-147.45		-76.11		-159.82		165.57		-135.22
10		C		-82.01		179.46		56.21		72.48		-151.96		-71.01		-175.47		148.03		-139.58
11		G		-72.66		-178.96		60.26		81.24		-146.58		-78.42		-161.51		175.21		-147.81
12		G		-88.35		-178.54		70.58		88.36		-139.6		-86.13		-157.52		172.69		-155.2
13		A		-101.07		177.18		76.56		97.24		-135.4		-77.54		-153.81		179.59		-131.8
14		G		-86.68		175.84		80.7		96.25		-134.17		-82.66		-154.7		175.12		-137.45
15		U		-95.47		-178.8		72.01		100.88		-130.64		-85.59		-145.36		175.42		-144.31
16		C		-89.07		173.73		67.02		88.5		-138.53		-74.03		-156.32		163.77		-141.09
17		G		-76.13		178.97		65.25		99.75		-132.1		-91.41		-143.95		-168.96		-144.69
18		C		-79.7		177.89		65.94		91.99		-139.73		-83.3		-153.09		179.81		-152.92
