No.	   Seq		 Alpha		 Beta		Gamma		Delta		 Epsilon	 Zeta		  Chi		  Eta		 Theta

0		G		-76.1		173.59		68.9		88.63		-143.86		-78.51		-158.01		176.3		-143.8
1		C		-70.75		171.55		63.83		90.82		-144.26		-71.78		-153.85		178.43		-147.99
2		U		-69.02		175.15		65.83		89.36		-141.29		-80.36		-155.83		178.55		-141.81
3		U		-70.28		175.68		58.81		93.0		-139.92		-70.62		-151.86		177.27		-145.41
4		U		-68.98		174.63		58.57		95.57		-138.99		-81.79		-153.59		176.84		-154.29
5		A		-68.22		172.47		55.93		96.47		-137.31		-72.73		-146.42		-179.41		-148.83
6		G		-67.52		174.72		59.85		93.83		-136.44		-82.16		-148.95		179.47		-148.81
7		A		-63.75		173.18		58.26		97.61		-133.05		-69.65		-142.55		-170.58		-131.3
8		G		-80.62		177.75		79.85		96.9		-136.54		-95.57		-155.7		-174.74		-166.27
9		A		-55.66		175.41		55.35		95.49		-137.1		-75.68		-146.24		-172.65		-143.16
10		U		-67.29		171.4		59.32		92.34		-140.23		-72.76		-152.96		178.09		-138.45
11		C		-64.95		175.59		62.71		92.87		-143.39		-76.9		-146.56		175.38		-142.58
12		G		-74.36		176.49		70.27		89.35		-139.79		-77.46		-159.03		-179.64		-150.52
13		U		-58.83		171.54		56.09		95.5		-138.51		-78.08		-149.96		-172.13		-147.49
14		U		-65.69		172.3		60.19		99.55		-135.62		-77.17		-148.97		-176.14		-148.03
15		U		-61.09		177.27		57.17		96.54		-142.56		-76.72		-144.79		-177.27		-150.09
16		C		-84.3		174.62		70.34		96.76		-136.48		-79.96		-151.25		177.11		-152.06
17		G		-63.53		176.22		68.17		96.94		-140.41		-79.82		-147.62		-170.96		-166.17
18		A		-71.33		177.66		66.17		100.77		-134.68		-91.85		-143.91		-169.17		-157.83
19		A		-56.45		177.14		58.69		99.33		-138.28		-67.29		-149.77		-167.35		-150.26
20		U		-65.61		173.79		61.47		97.58		-137.52		-74.14		-147.22		178.97		-137.72
21		G		-69.54		177.46		58.85		97.34		-140.18		-76.58		-147.62		-178.98		-153.16
22		A		-64.13		172.81		55.98		96.9		-135.65		-71.84		-147.52		-170.61		-136.68
23		U		-62.83		174.78		59.03		101.12		-134.73		-72.47		-145.15		-169.94		-166.28
24		A		-69.22		175.66		66.01		98.87		-133.91		-90.55		-145.94		-174.41		-153.07
25		A		-66.71		173.15		58.85		96.82		-140.06		-64.39		-150.31		176.49		-143.03
26		U		-64.13		175.59		66.11		100.24		-134.66		-77.84		-143.41		178.68		-139.44
27		C		-65.0		178.31		62.17		93.06		-143.2		-73.7		-147.42		177.35		-149.91
28		G		-71.15		174.11		74.59		90.02		-143.03		-78.93		-161.22		175.96		-154.16
29		U		-60.43		173.61		55.28		97.57		-141.18		-75.69		-146.65		-173.08		-154.13
30		U		-61.73		175.9		56.93		87.88		-143.84		-72.92		-154.04		172.18		-147.11
31		C		-69.44		172.7		55.04		92.55		-143.03		-72.79		-150.92		172.66		-137.05
32		G		-68.86		176.82		60.85		94.04		-141.78		-84.62		-153.87		-177.37		-155.52
33		A		-63.83		175.27		60.01		94.62		-139.02		-78.5		-147.75		-171.81		-147.07
34		A		-71.17		175.44		64.85		91.44		-140.73		-77.03		-155.23		175.86		-146.57
35		A		-62.07		172.67		60.3		98.08		-135.57		-68.87		-148.84		178.57		-130.0
36		C		-70.15		179.09		65.29		92.02		-139.96		-76.36		-156.19		179.75		-143.87
37		G		-70.6		178.47		61.71		100.32		-138.82		-79.95		-144.83		-178.33		-149.15
38		U		-66.37		176.8		57.17		98.03		-139.64		-78.94		-148.32		-178.23		-145.39
39		U		-62.84		172.44		58.71		96.89		-139.07		-77.34		-145.22		177.59		-150.29
40		C		-68.81		177.84		60.86		95.15		-139.6		-76.41		-152.57		176.44		-145.54
41		U		-64.24		174.82		59.13		92.56		-142.32		-74.67		-152.47		174.78		-149.19
42		C		-66.66		176.26		59.61		93.2		-140.8		-78.39		-152.26		-179.59		-146.85
43		C		-66.78		172.02		60.51		86.55		-143.77		-73.68		-157.26		170.32		-148.31
44		G		-71.08		176.58		64.64		95.89		-141.79		-88.05		-151.15		-179.33		-155.6
45		A		-66.8		176.23		61.05		94.79		-140.12		-81.84		-150.05		175.59		-153.96
46		A		-70.9		170.65		64.84		95.96		-137.07		-74.86		-153.58		177.28		-142.04
47		G		-68.09		172.52		65.48		91.91		-139.9		-80.3		-155.13		176.95		-144.65
48		C		-69.45		174.38		60.08		95.37		-141.32		-80.56		-151.56		178.7		-149.0
