No.	   Seq		 Alpha		 Beta		Gamma		Delta		 Epsilon	 Zeta		  Chi		  Eta		 Theta

0		A		-70.75		175.58		57.36		96.99		-137.98		-81.2		-146.73		-173.02		-151.91
1		A		-69.58		174.45		60.07		92.57		-142.32		-77.6		-151.65		-179.62		-151.21
2		A		-68.52		175.74		53.64		97.51		-139.06		-76.95		-147.26		-173.16		-149.84
3		A		-68.05		174.87		59.69		93.19		-140.96		-77.83		-151.45		-179.62		-149.63
4		A		-67.96		175.72		50.88		98.79		-135.47		-85.44		-142.79		-171.23		-152.84
5		A		-64.5		173.04		56.1		96.24		-137.56		-77.55		-146.85		-174.77		-147.8
6		A		-67.6		174.16		52.23		97.98		-136.77		-79.07		-145.03		-168.2		-146.26
7		A		-64.84		174.54		56.63		96.82		-138.49		-80.85		-146.05		-171.55		-151.97
8		U		-63.13		174.37		51.87		99.81		-134.99		-80.96		-143.02		-171.56		-150.27
9		U		-62.85		174.11		59.42		99.14		-136.01		-77.83		-145.84		-172.72		-155.49
10		U		-69.96		177.78		55.41		102.21		-134.11		-78.45		-143.82		-167.9		-150.02
11		U		-64.16		175.74		59.3		98.07		-137.23		-79.52		-147.32		-176.16		-155.79
12		U		-67.6		177.31		52.33		100.27		-136.7		-80.1		-143.84		-167.47		-153.51
13		U		-64.38		173.66		55.91		97.45		-140.55		-77.55		-148.36		-172.73		-150.11
14		U		-71.31		179.23		50.34		104.37		-136.98		-80.03		-142.06		-163.86		-150.99
15		U		-70.0		177.69		60.12		98.63		-139.1		-82.69		-146.57		-173.61		-159.28
16		A		-76.67		-179.63		56.24		106.02		-135.14		-82.5		-140.41		-163.25		-154.71
17		A		-71.33		176.57		59.29		99.78		-138.32		-74.84		-147.56		-171.13		-153.63
18		A		-74.2		-177.81		57.46		106.66		-133.37		-75.75		-141.22		-160.96		-147.59
19		A		-74.17		178.66		58.83		102.32		-134.95		-79.36		-143.75		-173.74		-150.67
20		A		-82.87		-179.32		57.48		111.14		-132.73		-79.95		-138.59		-160.39		-151.1
21		A		-74.45		177.43		56.68		106.09		-134.06		-79.08		-141.46		-168.21		-151.95
22		A		-78.89		-176.55		54.85		110.8		-135.0		-76.05		-137.27		-161.83		-159.07
23		A		-79.02		177.98		59.27		106.75		-135.26		-80.43		-141.69		-172.97		-155.31
24		A		-79.8		-178.46		58.75		111.76		-135.56		-80.36		-137.74		-164.98		-158.0
25		A		-80.96		179.19		65.5		100.28		-138.68		-75.28		-145.52		-178.86		-147.65
26		A		-81.05		-178.88		57.91		105.46		-141.06		-76.29		-141.81		-172.35		-152.97
27		A		-75.5		177.14		59.87		99.48		-139.82		-74.69		-146.92		-179.74		-151.68
28		C		-73.69		179.0		51.11		101.59		-143.06		-74.07		-145.2		-167.03		-146.97
29		U		-75.14		176.05		57.09		100.07		-141.11		-78.76		-145.64		-174.51		-149.95
30		A		-79.16		-179.82		53.87		107.43		-141.51		-77.68		-141.13		-167.52		-147.56
31		G		-76.46		175.2		60.97		97.51		-140.72		-77.17		-148.59		-177.5		-146.89
32		A		-73.86		-178.02		53.71		105.5		-142.11		-76.71		-142.2		-172.14		-141.12
33		U		-72.89		174.53		57.13		100.4		-140.31		-79.99		-145.75		-179.55		-143.51
34		A		-74.9		-176.0		53.59		106.95		-140.78		-80.03		-140.47		-169.97		-143.51
35		C		-73.81		174.68		54.31		99.73		-140.02		-75.21		-145.13		-179.74		-137.7
36		U		-77.61		-175.33		55.2		107.83		-141.68		-88.26		-137.43		-172.52		-155.58
37		A		-73.96		179.36		58.79		105.44		-137.25		-83.16		-141.46		-170.16		-152.48
38		A		-75.03		-179.82		55.65		104.36		-142.19		-72.67		-142.91		-172.42		-145.67
39		C		-71.79		175.81		59.44		100.33		-140.46		-79.97		-144.66		-178.61		-144.7
40		A		-73.93		-173.09		60.87		105.45		-142.32		-76.56		-137.79		-175.43		-148.06
41		C		-75.45		177.23		68.86		97.71		-142.33		-78.64		-146.03		178.97		-155.98
42		A		-68.3		180.0		59.84		102.7		-144.84		-74.65		-141.44		-173.82		-152.12
43		U		-69.29		176.5		61.29		100.9		-139.8		-81.05		-142.4		-177.6		-150.58
44		U		-67.21		179.97		56.5		107.09		-139.89		-79.09		-139.01		-171.17		-155.97
45		U		-72.37		176.13		65.9		101.35		-138.04		-81.22		-143.37		-178.27		-155.65
46		A		-74.21		-177.66		66.76		103.72		-143.36		-82.92		-142.36		-173.91		-158.27
47		A		-67.3		176.54		66.74		100.72		-137.5		-81.81		-145.14		-171.78		-152.07
48		U		-65.03		177.78		62.9		102.6		-141.77		-75.93		-143.77		-173.25		-151.48
49		U		-66.07		175.62		64.37		99.95		-140.21		-80.17		-145.63		-175.61		-145.03
50		U		-69.92		178.49		60.5		104.16		-143.82		-77.74		-142.2		-172.95		-146.52
51		U		-68.59		176.25		63.14		98.43		-141.47		-78.69		-146.89		-177.57		-148.59
52		U		-68.08		-179.26		60.24		101.64		-143.56		-79.65		-144.96		-171.38		-151.53
53		U		-66.96		175.84		59.2		97.19		-143.02		-77.3		-148.66		179.35		-146.37
54		U		-67.24		179.79		58.3		102.01		-141.54		-80.92		-144.64		-172.0		-146.33
55		U		-68.21		176.32		60.29		97.15		-141.32		-79.15		-148.94		178.99		-145.23
56		U		-69.49		-177.67		61.49		100.81		-140.9		-80.41		-144.37		-175.38		-147.4
57		G		-69.45		178.57		61.36		97.35		-142.44		-80.83		-148.95		-177.39		-146.88
58		U		-68.11		-177.83		60.13		99.31		-140.9		-75.86		-145.82		-178.46		-145.12
59		U		-69.27		178.96		62.87		96.4		-140.95		-79.02		-149.99		-180.0		-146.93
