No.	   Seq		 Alpha		 Beta		Gamma		Delta		 Epsilon	 Zeta		  Chi		  Eta		 Theta

0		A		-75.97		166.86		51.16		88.07		-138.29		-74.02		-154.86		176.21		-134.04
1		A		-77.07		169.61		56.47		95.91		-132.53		-77.1		-152.07		173.86		-137.06
2		A		-78.87		173.41		66.99		97.25		-132.42		-94.29		-149.17		179.3		174.13
3		A		-88.95		167.66		66.54		96.44		-134.45		-92.46		-151.33		-178.26		-166.4
4		A		-71.41		168.55		66.61		92.58		-132.91		-85.07		-152.33		-177.46		-151.41
5		G		-67.34		167.19		73.86		87.69		-135.23		-68.86		-153.83		-173.58		-139.11
6		G		-82.6		169.44		71.3		87.17		-137.78		-78.59		-158.22		172.95		-156.2
7		A		-82.28		160.9		68.45		92.92		-133.69		-69.34		-153.14		-175.93		-161.31
8		A		-95.96		160.24		100.63		96.17		-127.78		-103.19		-150.44		-169.23		177.87
9		A		-58.95		164.7		55.13		99.77		-128.0		-88.6		-136.88		-170.22		-178.17
10		U		-77.59		161.59		58.42		98.08		-132.01		-73.29		-155.21		175.4		-164.65
11		G		-66.83		166.71		62.36		102.93		-134.55		-101.69		-152.37		-150.12		179.51
12		A		-69.93		170.75		57.37		101.5		-138.56		-65.05		-148.0		-137.09		-165.23
13		A		-70.24		166.05		63.13		107.69		-138.21		-91.38		-140.98		-171.77		-163.08
14		A		-67.23		174.43		71.44		107.23		-130.23		-71.68		-147.89		-165.35		-146.66
15		G		-61.26		171.92		74.97		89.51		-144.23		-76.7		-168.54		173.73		-157.41
16		U		-60.46		164.82		45.0		98.32		-142.14		-80.41		-148.92		-175.09		-145.42
17		U		-56.71		164.08		42.31		94.82		-143.52		-73.07		-150.07		-178.6		-148.95
18		G		-69.71		169.84		55.55		97.89		-137.71		-68.9		-149.36		-155.46		-138.32
19		G		-92.33		176.81		60.93		101.52		-140.05		-81.41		-150.2		-163.01		-160.96
20		A		-62.33		-179.64		74.82		102.73		-129.4		-105.23		-143.47		-163.15		178.25
21		A		-53.0		177.49		65.75		106.65		-119.96		-70.69		-145.38		-139.95		-127.24
22		C		-56.68		168.4		55.92		103.26		-137.51		-71.33		-144.05		175.4		-148.25
23		U		-68.39		177.88		52.21		121.19		-127.41		-71.57		-128.25		-169.1		-133.74
24		G		-88.29		-174.36		69.08		117.02		-128.9		-96.31		-136.41		-159.9		-161.21
25		C		-57.59		173.13		49.07		98.94		-139.46		-54.45		-149.75		-164.53		-127.85
26		U		-56.45		174.24		52.31		96.3		-143.23		-86.96		-149.02		-171.94		-149.59
27		C		-60.84		-179.66		47.83		105.02		-136.41		-92.13		-134.79		-173.46		-151.75
28		U		-61.49		166.08		52.9		91.31		-138.55		-60.4		-153.56		173.63		-126.12
29		C		-64.55		164.7		59.21		94.05		-137.07		-99.4		-139.95		175.34		-155.1
30		A		-54.09		167.59		51.94		94.16		-127.65		-64.88		-149.28		-170.25		-119.61
31		U		-66.56		163.49		60.98		113.29		-117.83		-86.12		-135.84		-163.83		-112.99
32		U		-55.96		167.34		52.81		106.14		-133.0		-73.83		-137.01		178.56		-134.48
33		U		-51.26		175.97		48.46		110.16		-135.24		-67.77		-129.75		-178.71		-143.05
34		U		-59.69		171.64		53.43		106.79		-131.81		-91.76		-138.63		-169.67		-156.84
35		G		-51.25		171.43		59.64		102.24		-133.43		-73.54		-144.92		-146.09		-161.39
36		G		-58.22		173.78		75.84		83.85		-150.09		-81.2		-165.2		-177.27		-163.56
37		A		-59.19		170.33		55.54		87.84		-146.75		-68.14		-159.04		-174.17		-143.04
38		G		-60.53		171.8		77.18		81.2		-152.36		-71.88		-167.47		176.09		-149.24
39		G		-70.87		-178.02		68.65		84.2		-151.01		-75.4		-162.73		179.99		-145.76
40		G		-63.62		172.47		59.06		87.64		-151.09		-73.26		-157.46		-171.96		-145.64
41		U		-66.13		170.67		59.86		97.56		-136.51		-86.91		-142.19		-175.06		-163.18
42		A		-78.2		175.06		81.13		105.69		-128.56		-90.46		-143.37		-151.36		-168.77
43		A		-54.86		175.0		52.88		109.52		-131.47		-82.88		-135.91		-164.07		-148.65
44		U		-58.65		177.47		60.69		104.18		-129.28		-74.95		-138.31		-174.76		-135.29
45		C		-59.27		-173.73		69.16		101.96		-132.97		-86.88		-138.06		-171.46		-152.39
46		A		-59.94		-172.34		80.69		100.47		-134.74		-70.89		-150.87		-169.65		-152.63
47		C		-57.99		176.02		62.82		96.65		-144.3		-78.9		-146.9		-176.42		-166.46
48		A		-75.85		-173.48		76.4		101.07		-136.61		-76.0		-145.03		179.32		-166.86
49		A		-70.73		177.35		75.68		93.98		-139.28		-66.16		-160.79		177.46		-138.3
50		C		-65.13		172.64		58.52		84.8		-151.64		-67.91		-153.96		166.86		-157.85
51		A		-64.05		172.69		56.45		91.6		-145.34		-70.43		-154.64		179.23		-145.96
