No.	   Seq		 Alpha		 Beta		Gamma		Delta		 Epsilon	 Zeta		  Chi		  Eta		 Theta

0		U		-84.34		178.57		57.91		93.33		-139.82		-72.41		-151.53		178.08		-140.75
1		U		-81.23		177.96		51.93		100.9		-138.74		-74.7		-143.33		-170.98		-142.65
2		U		-81.72		177.37		55.79		90.59		-141.68		-71.73		-150.31		174.54		-144.42
3		A		-82.96		179.4		54.37		97.68		-140.83		-74.66		-147.01		-169.87		-142.64
4		A		-77.73		179.34		53.37		98.47		-134.14		-74.73		-143.06		-173.64		-145.19
5		U		-75.97		-179.27		48.88		100.23		-137.57		-81.52		-139.69		-168.26		-146.87
6		A		-75.92		177.63		54.54		99.65		-134.93		-83.49		-139.13		-178.03		-144.0
7		A		-77.42		-179.85		52.94		101.18		-142.4		-85.34		-139.41		-173.41		-151.2
8		A		-68.1		176.71		58.57		99.22		-136.96		-82.0		-140.46		-177.18		-150.46
9		A		-70.54		-175.41		57.1		104.51		-137.06		-92.58		-136.17		-172.62		-158.55
10		A		-73.57		175.38		66.27		104.12		-134.73		-87.52		-138.66		-170.87		-163.36
11		A		-75.42		-177.31		67.62		106.16		-136.08		-91.96		-137.72		-169.39		-167.7
12		A		-70.22		176.66		60.53		99.78		-144.56		-80.16		-144.77		-171.67		-157.88
13		G		-69.89		-179.36		58.63		103.46		-144.01		-78.97		-142.53		-165.29		-157.4
14		U		-66.64		-178.78		67.05		101.81		-146.49		-79.65		-140.87		-170.28		-165.85
15		A		-71.51		-172.24		73.5		105.58		-145.64		-74.54		-138.3		-165.38		-162.44
16		U		-73.55		-178.03		72.84		105.45		-144.84		-82.07		-139.16		-171.01		-170.98
17		A		-71.72		-170.03		67.32		108.91		-146.64		-72.79		-137.32		-165.89		-165.33
18		U		-65.1		-177.64		66.58		104.4		-143.93		-79.33		-144.54		-164.6		-168.4
19		U		-64.08		-172.52		58.71		108.83		-146.52		-75.93		-140.1		-163.64		-167.56
20		U		-66.32		-175.98		60.13		108.65		-140.39		-75.12		-140.37		-158.18		-169.42
21		U		-69.38		-171.64		53.76		112.68		-145.27		-75.65		-136.98		-159.41		-168.58
22		U		-64.72		-178.04		56.35		106.37		-143.89		-74.14		-142.67		-162.75		-159.72
23		U		-66.21		-176.28		51.54		111.77		-146.28		-71.48		-138.8		-160.4		-158.58
24		U		-68.02		-179.77		59.66		106.57		-141.72		-76.45		-141.54		-167.37		-150.17
25		U		-71.74		-174.96		56.57		112.27		-142.27		-73.79		-137.49		-160.92		-146.54
26		U		-70.7		-178.42		53.19		106.63		-143.25		-77.38		-141.43		-172.8		-148.31
27		U		-69.49		-175.35		49.05		111.21		-144.26		-70.9		-137.95		-170.68		-144.64
28		U		-67.79		178.62		52.72		103.9		-143.59		-73.91		-144.2		-174.11		-144.04
29		U		-67.07		-177.11		49.13		108.82		-145.11		-77.02		-140.06		-171.4		-148.36
30		U		-67.01		176.86		49.81		103.04		-143.09		-73.5		-142.78		-179.0		-141.32
31		U		-68.0		-176.18		51.56		105.3		-143.82		-77.05		-140.72		-176.66		-146.07
32		A		-66.76		175.19		53.24		99.52		-143.75		-72.57		-145.44		177.85		-139.55
33		U		-67.41		-178.51		53.94		99.87		-145.21		-73.95		-144.63		179.54		-144.79
