No.	   Seq		 Alpha		 Beta		Gamma		Delta		 Epsilon	 Zeta		  Chi		  Eta		 Theta

0		G		-67.78		173.34		58.32		93.92		-141.2		-78.6		-154.49		-178.9		-150.68
1		A		-67.68		171.61		55.63		97.93		-140.7		-75.38		-148.14		179.59		-144.74
2		G		-70.34		170.81		60.51		90.71		-143.88		-76.51		-157.75		175.56		-148.13
3		G		-64.61		172.49		53.99		93.51		-142.89		-73.78		-153.03		-178.64		-144.1
4		C		-71.69		175.45		60.46		91.45		-142.88		-75.1		-154.19		173.21		-147.73
5		C		-69.47		177.7		61.73		89.91		-145.23		-77.3		-153.1		179.11		-155.0
6		A		-67.88		177.26		55.71		95.48		-139.68		-76.1		-149.62		-176.28		-149.95
7		C		-67.74		171.62		58.61		90.63		-143.25		-71.55		-150.15		173.77		-152.91
8		A		-69.24		178.97		65.09		100.56		-134.46		-87.74		-145.72		-177.82		-155.5
9		A		-65.28		178.92		66.01		108.45		-127.42		-86.72		-139.16		-170.96		-158.73
10		U		-72.84		175.66		72.5		99.8		-132.78		-83.71		-147.62		177.08		-157.68
11		A		-69.53		178.83		70.66		103.24		-133.64		-86.22		-143.35		-172.44		-160.95
12		A		-76.97		177.89		73.57		99.57		-137.17		-77.0		-149.27		-176.09		-151.19
13		C		-65.97		173.67		73.18		94.78		-141.3		-76.16		-150.55		-175.08		-165.04
14		A		-68.02		173.26		70.89		99.02		-136.84		-81.87		-147.47		-170.97		-160.03
15		A		-72.94		172.69		77.33		99.18		-139.63		-80.69		-149.34		-173.14		-162.82
16		A		-67.98		168.73		68.68		98.29		-140.76		-75.0		-150.96		-179.25		-154.31
17		A		-67.26		171.2		64.92		98.81		-140.13		-71.87		-149.98		179.28		-151.26
18		G		-69.08		172.63		72.11		95.48		-144.35		-79.41		-153.42		176.65		-158.43
19		A		-65.93		172.08		62.24		105.07		-140.15		-79.03		-143.96		-167.91		-161.9
20		A		-65.74		174.74		62.75		97.32		-144.04		-78.46		-149.24		-178.68		-158.68
21		A		-64.27		175.31		60.81		99.72		-144.02		-78.58		-146.95		-174.04		-156.21
22		A		-64.51		174.9		60.59		95.77		-145.85		-71.23		-151.98		-179.12		-154.57
23		A		-61.64		174.91		61.48		95.65		-146.03		-73.98		-151.01		-175.65		-154.71
