No.	   Seq		 Alpha		 Beta		Gamma		Delta		 Epsilon	 Zeta		  Chi		  Eta		 Theta

0		G		-70.31		179.0		64.08		91.5		-143.17		-77.38		-157.17		179.06		-142.57
1		G		-87.24		-178.83		74.08		94.52		-137.86		-85.03		-158.62		174.12		-149.46
2		C		-73.74		176.99		63.81		92.56		-142.32		-81.68		-156.72		178.23		-147.73
3		U		-75.45		178.35		67.81		86.79		-143.37		-79.47		-161.43		173.06		-143.75
4		G		-77.69		178.82		66.99		90.1		-144.13		-79.71		-158.91		175.74		-145.82
5		G		-90.84		177.65		73.0		88.6		-140.8		-82.66		-161.17		168.4		-145.88
6		A		-73.06		-179.0		64.75		93.44		-138.98		-80.97		-155.28		179.48		-137.69
7		C		-81.65		179.88		69.28		96.22		-136.86		-86.58		-153.38		178.92		-143.48
8		U		-74.56		-176.78		63.73		96.82		-137.57		-81.25		-152.81		179.56		-139.83
9		C		-89.1		179.33		66.34		91.35		-138.98		-80.62		-158.8		172.68		-138.46
10		G		-76.36		179.0		63.39		88.32		-141.89		-78.67		-158.68		174.02		-143.38
11		U		-78.51		178.47		66.03		91.94		-139.36		-83.76		-154.1		177.07		-145.37
12		A		-83.78		-178.39		75.36		97.78		-135.77		-83.32		-152.08		-177.53		-140.95
13		C		-90.92		178.75		77.89		92.63		-137.63		-80.88		-157.85		173.96		-137.81
14		U		-71.69		179.73		60.87		95.35		-136.69		-85.82		-151.33		179.09		-141.82
15		U		-78.88		178.89		64.56		93.95		-135.9		-84.46		-153.63		176.7		-141.26
16		C		-80.73		175.88		65.26		95.3		-138.84		-78.52		-153.19		174.68		-143.33
17		G		-94.97		-178.13		81.02		94.13		-137.85		-87.75		-157.46		179.41		-145.18
18		G		-77.93		-177.82		70.0		96.12		-137.77		-84.89		-153.21		-176.83		-145.77
19		U		-94.27		178.48		82.39		99.72		-133.41		-87.21		-151.76		177.78		-144.37
20		A		-82.93		-178.78		78.39		97.14		-138.01		-81.68		-153.86		-179.01		-144.04
21		C		-86.92		177.19		73.79		91.97		-138.79		-83.8		-158.05		170.56		-148.17
22		U		-72.03		177.67		63.19		95.57		-137.21		-80.55		-151.72		-179.96		-146.29
23		G		-88.58		179.91		71.34		93.03		-138.37		-83.51		-156.63		175.36		-144.82
24		G		-76.35		179.68		67.28		90.36		-142.08		-77.57		-159.49		175.64		-144.4
25		A		-81.94		-179.87		68.79		90.32		-138.93		-79.68		-159.37		175.13		-141.03
26		G		-78.08		-178.4		72.0		92.49		-138.22		-84.31		-154.39		174.51		-151.88
27		A		-92.29		178.73		73.96		90.41		-138.76		-80.01		-158.43		169.95		-143.12
28		A		-77.47		177.84		68.75		94.28		-138.21		-84.59		-152.5		176.19		-146.73
29		A		-82.59		177.36		68.19		90.66		-138.6		-81.23		-158.62		174.36		-141.05
30		C		-76.69		-179.47		67.21		88.31		-142.67		-77.34		-157.98		172.51		-148.63
31		A		-78.45		178.97		66.96		87.85		-142.07		-78.41		-160.48		173.2		-141.65
32		G		-72.91		-178.26		63.28		87.7		-143.75		-80.0		-159.0		172.75		-144.93
33		C		-80.28		179.66		68.95		89.98		-139.48		-81.21		-158.45		173.68		-144.09
34		C		-82.52		-179.87		72.89		90.14		-140.49		-81.59		-158.84		173.68		-146.97
