No.	   Seq		 Alpha		 Beta		Gamma		Delta		 Epsilon	 Zeta		  Chi		  Eta		 Theta

0		G		-87.71		171.52		77.29		85.95		-140.72		-73.28		-166.97		170.07		-144.75
1		G		-64.4		168.81		62.62		85.93		-146.96		-70.49		-164.37		173.25		-137.41
2		G		-71.7		173.21		65.33		86.7		-141.88		-74.11		-161.41		178.35		-144.96
3		U		-74.09		170.51		57.02		90.42		-145.4		-78.38		-150.47		164.21		-141.18
4		G		-93.15		171.32		77.83		91.75		-144.63		-71.83		-160.65		175.05		-143.42
5		G		-74.6		175.08		68.37		85.32		-151.95		-78.31		-162.67		171.11		-155.67
6		C		-72.39		179.65		67.34		87.47		-143.83		-76.52		-161.36		177.04		-151.79
7		U		-64.13		174.58		54.68		85.49		-141.02		-77.19		-154.64		173.9		-136.85
8		C		-84.26		176.91		62.98		88.26		-143.9		-79.18		-159.01		163.51		-146.87
9		A		-69.22		178.91		60.54		88.55		-141.99		-73.69		-152.38		175.14		-140.1
10		C		-83.54		174.13		68.62		89.52		-138.22		-83.28		-154.84		167.68		-154.29
11		A		-52.86		173.36		68.73		95.42		-131.16		-74.67		-147.83		-169.67		-139.36
12		U		-71.64		178.85		82.8		106.73		-127.26		-95.63		-143.0		-155.59		-157.41
13		U		-61.24		166.28		61.98		100.6		-129.3		-69.54		-143.47		-171.01		-147.76
14		U		-106.44		173.99		69.73		106.56		-121.97		-105.11		-137.25		-174.53		-147.37
15		G		-61.46		177.71		74.46		104.57		-130.33		-94.96		-138.76		-161.21		-163.53
16		U		-51.39		179.54		62.54		109.64		-124.22		-120.63		-135.86		-157.66		-164.93
17		U		-58.61		172.18		69.59		105.6		-136.66		-87.02		-147.0		-161.37		159.05
18		G		-78.05		173.85		66.08		101.03		-133.73		-95.79		-150.22		-156.85		-149.34
19		C		-66.43		170.34		62.48		84.77		-153.38		-69.72		-162.09		175.24		-164.8
20		G		-69.04		177.07		80.91		86.75		-141.59		-85.65		-155.45		-179.42		-162.47
21		G		-70.11		177.09		78.24		85.18		-149.81		-72.66		-168.37		178.54		-158.92
22		G		-61.55		164.85		58.01		91.64		-135.76		-83.43		-154.09		177.66		-145.03
23		U		-54.77		173.32		49.08		92.42		-137.8		-68.12		-153.13		-178.26		-138.66
24		U		-65.35		170.51		45.48		91.84		-137.86		-75.66		-149.42		160.42		-125.99
25		C		-91.09		175.49		57.55		89.54		-137.47		-66.19		-158.59		98.11		-134.98
26		G		-68.88		169.3		60.58		82.66		-143.23		-83.38		-158.02		178.69		-148.99
27		A		-65.82		-175.61		56.91		100.15		-132.79		-79.78		-141.25		-168.62		-152.95
28		G		-72.44		172.95		70.98		99.36		-130.06		-69.78		-153.74		-176.34		-146.24
29		A		-84.68		-169.03		80.61		108.79		-126.66		-74.9		-144.64		178.16		-131.81
30		C		-74.36		173.75		64.7		90.0		-134.05		-74.93		-154.46		165.15		-142.4
31		C		-62.7		175.44		52.46		88.98		-140.27		-68.1		-150.98		174.99		-142.52
32		C		-74.29		166.8		55.63		86.55		-141.05		-65.84		-165.36		-175.46		-143.05
33		G		-58.67		172.63		51.9		87.23		-146.95		-74.29		-154.66		-179.02		-154.35
34		U		-71.44		160.12		56.58		97.9		-132.61		-70.15		-146.97		-171.91		-137.0
35		C		-75.06		169.39		60.12		92.78		-137.75		-83.44		-148.81		159.01		-164.94
36		A		-73.53		168.87		81.2		89.81		-137.29		-71.06		-159.94		-175.25		-146.97
37		G		-73.59		168.52		64.36		84.56		-144.09		-89.72		-158.54		161.17		-165.78
38		A		-70.84		163.32		63.05		94.1		-139.49		-72.2		-154.28		178.18		-157.24
39		G		-63.02		170.27		64.34		85.67		-143.56		-72.1		-162.75		171.01		-137.38
40		C		-76.47		174.61		60.07		91.97		-148.05		-63.18		-155.16		-174.53		-148.1
41		G		-80.87		-178.55		74.82		90.69		-141.1		-87.61		-157.58		-178.35		-164.14
42		A		-79.23		175.49		68.42		98.22		-137.04		-77.05		-146.45		-171.43		-161.78
43		A		-60.57		165.74		58.0		86.61		-139.36		-74.13		-157.75		169.92		-148.35
44		A		-59.62		167.93		65.88		92.41		-141.83		-67.8		-150.21		177.36		-149.83
45		G		-78.5		172.23		66.0		92.23		-137.06		-81.57		-159.64		169.42		-138.55
46		C		-64.09		172.0		60.5		80.17		-151.76		-64.91		-163.28		169.49		-137.5
47		U		-65.35		172.01		58.3		89.86		-141.59		-91.64		-151.86		-176.68		-149.83
48		C		-59.89		175.35		55.52		83.32		-155.82		-63.24		-154.94		176.6		-171.34
49		U		-62.51		168.51		60.04		97.48		-134.13		-84.69		-150.91		-174.49		-157.55
50		G		-52.63		-179.66		60.47		105.36		-127.54		-69.76		-136.83		-166.2		-150.89
51		U		-95.42		176.9		88.98		101.52		-129.46		-97.47		-148.97		172.23		-167.48
52		A		-67.19		172.67		69.63		105.82		-131.57		-60.0		-149.22		-164.97		-152.11
53		G		-107.41		174.66		91.34		91.73		-138.76		-81.2		-166.46		172.43		-145.26
54		C		-57.64		174.74		50.41		88.55		-150.53		-63.09		-151.61		-176.18		-142.34
55		U		-72.4		166.57		62.91		88.05		-139.07		-76.91		-156.41		170.66		-139.12
56		C		-69.61		175.25		57.59		97.44		-143.38		-79.48		-144.81		-170.68		-165.78
57		A		-131.33		170.69		97.68		85.72		-140.65		-78.95		-166.78		154.87		-156.41
58		A		-57.12		178.07		55.79		107.13		-127.64		-95.28		-131.46		-168.4		-149.27
59		U		-70.7		170.03		73.75		96.28		-127.21		-76.27		-153.86		155.91		-134.82
60		G		-44.4		172.17		63.76		108.57		-122.87		-79.29		-137.74		-127.18		-128.89
61		G		-73.35		173.74		67.36		98.66		-135.02		-79.98		-151.67		-177.3		-144.56
62		U		-58.69		178.97		57.77		107.2		-133.29		-105.59		-133.32		-167.92		-177.87
63		A		-89.46		-179.84		82.64		102.18		-130.5		-81.99		-144.88		-165.91		-162.96
64		G		-54.09		170.14		66.15		92.6		-143.78		-74.03		-156.43		-178.28		-156.25
65		A		-68.98		171.22		72.44		89.74		-141.65		-74.19		-162.74		-178.92		-149.33
66		G		-62.53		173.46		62.0		90.18		-141.93		-74.44		-155.43		-178.49		-143.36
67		C		-74.25		173.2		71.23		80.76		-148.48		-72.86		-165.81		172.25		-148.11
68		G		-65.04		171.87		61.49		88.48		-146.44		-73.86		-157.49		-178.93		-147.0
69		G		-72.72		177.12		59.75		93.38		-143.42		-86.23		-153.08		-177.47		-148.95
70		U		-64.46		170.78		55.16		90.69		-139.15		-72.09		-154.53		172.17		-138.55
71		G		-67.4		173.55		62.05		96.61		-137.4		-81.77		-150.09		-179.48		-145.55
72		U		-72.44		175.83		59.87		93.82		-143.23		-80.42		-150.98		173.79		-145.86
73		A		-78.73		178.23		66.42		103.37		-133.32		-85.77		-149.02		-172.15		-142.73
74		G		-64.34		176.88		63.93		93.39		-135.67		-71.55		-155.45		179.9		-137.5
75		U		-64.84		179.97		56.9		99.84		-133.22		-77.71		-150.06		-175.38		-132.65
76		C		-74.14		173.98		55.97		94.54		-140.35		-77.83		-149.59		168.84		-139.94
77		A		-79.23		-172.05		69.65		100.21		-140.07		-81.02		-151.75		177.85		-145.57
78		C		-71.24		170.15		59.97		90.32		-142.6		-75.22		-155.21		170.71		-144.25
79		C		-72.62		178.72		64.46		89.06		-140.51		-77.21		-157.83		174.06		-148.83
