No.	   Seq		 Alpha		 Beta		Gamma		Delta		 Epsilon	 Zeta		  Chi		  Eta		 Theta

0		G		-79.01		173.06		73.58		84.97		-142.81		-79.06		-166.47		169.12		-149.21
1		G		-72.35		173.79		69.55		87.87		-145.81		-72.98		-165.3		175.43		-144.09
2		G		-77.35		178.36		71.55		83.17		-146.46		-76.19		-166.42		171.76		-144.08
3		C		-72.45		-179.42		67.62		85.43		-146.57		-75.74		-164.51		169.06		-148.46
4		G		-71.11		173.38		60.91		83.87		-142.0		-77.56		-166.65		175.56		-146.49
5		U		-65.83		170.36		52.64		91.08		-141.17		-76.5		-154.82		172.62		-140.09
6		A		-93.47		178.63		72.28		98.98		-130.79		-83.05		-151.23		176.04		-141.16
7		A		-71.85		179.74		59.88		98.73		-133.77		-84.04		-147.66		177.31		-137.93
8		C		-97.72		-179.73		79.76		93.66		-133.57		-78.57		-163.91		171.64		-139.98
9		C		-60.08		175.89		53.81		89.82		-142.75		-75.09		-155.49		179.89		-136.02
10		U		-81.88		179.16		67.12		83.78		-144.58		-76.02		-163.31		165.62		-145.74
11		C		-66.22		174.64		55.91		84.6		-144.29		-74.81		-155.95		169.27		-138.02
12		C		-88.6		175.92		73.76		77.21		-144.92		-80.72		-169.25		160.23		-147.81
13		A		-65.54		179.21		58.93		92.13		-139.58		-86.11		-152.12		179.83		-139.08
14		U		-73.96		173.68		62.01		87.96		-139.7		-77.81		-160.89		161.74		-139.77
15		C		-65.5		175.72		60.11		94.2		-138.32		-80.22		-154.42		178.44		-140.44
16		C		-89.92		176.32		65.3		87.84		-140.55		-78.76		-160.79		163.73		-137.32
17		G		-72.68		177.29		73.35		93.49		-137.93		-86.79		-152.71		-179.94		-160.16
18		A		-89.37		174.18		80.06		97.99		-130.41		-83.8		-154.59		-173.01		-144.47
19		G		-74.27		173.98		84.82		91.81		-139.27		-82.48		-161.33		175.76		-154.53
20		U		-69.15		174.71		63.52		98.09		-133.37		-83.32		-150.51		179.43		-130.26
21		U		-74.16		175.53		62.77		100.7		-133.99		-78.74		-149.42		179.63		-148.54
22		G		-98.62		177.41		83.58		91.41		-135.75		-79.23		-158.91		168.59		-139.3
23		C		-86.34		173.94		64.34		88.56		-140.68		-75.38		-159.67		169.06		-155.15
24		A		-73.15		177.71		71.86		86.48		-138.92		-89.32		-158.29		177.17		-153.96
25		A		-78.01		178.09		70.75		92.87		-138.1		-76.16		-156.34		-176.21		-148.31
26		G		-76.52		173.98		78.4		85.54		-141.24		-81.05		-160.71		161.58		-143.03
27		A		-75.5		176.57		70.13		93.56		-135.17		-76.4		-156.29		178.06		-127.44
28		G		-120.51		178.94		112.41		92.57		-133.55		-89.84		-161.0		169.16		-158.18
29		A		-72.08		178.17		70.6		96.89		-136.52		-80.2		-154.21		-164.71		-153.48
30		G		-68.7		171.35		62.68		82.75		-142.65		-75.33		-166.11		170.68		-137.17
31		G		-74.99		174.75		62.81		88.39		-141.18		-77.74		-157.33		172.57		-136.96
32		G		-85.91		-178.96		76.93		93.85		-134.56		-80.68		-158.27		-178.42		-147.88
33		A		-78.65		177.24		70.85		99.52		-136.28		-88.63		-148.24		-177.83		-156.19
34		A		-86.32		179.49		80.06		94.61		-136.55		-79.03		-158.25		179.72		-146.62
35		A		-76.32		173.84		72.53		94.56		-135.58		-77.76		-154.96		173.65		-138.41
36		C		-83.94		177.62		66.74		84.07		-143.05		-72.36		-166.93		162.65		-141.06
37		G		-69.52		178.25		60.98		88.01		-146.08		-76.2		-160.14		173.88		-148.05
38		C		-74.64		174.58		56.64		82.82		-146.91		-76.44		-161.84		170.03		-146.14
39		A		-75.15		177.39		68.14		84.64		-144.33		-76.31		-163.44		169.08		-149.67
40		G		-78.1		178.33		70.11		89.68		-139.92		-78.76		-160.23		170.94		-145.69
41		U		-68.89		172.18		56.86		83.52		-144.01		-71.85		-164.51		164.2		-139.05
42		C		-82.22		172.32		69.03		86.81		-140.71		-76.81		-163.22		165.25		-136.85
43		U		-83.4		176.55		71.36		85.2		-142.44		-77.63		-164.46		167.37		-144.58
44		C		-80.02		175.3		60.72		88.85		-142.72		-77.57		-158.79		171.35		-142.89
