No.	   Seq		 Alpha		 Beta		Gamma		Delta		 Epsilon	 Zeta		  Chi		  Eta		 Theta

0		G		-66.73		170.56		58.55		83.67		-149.55		-71.06		-162.42		178.51		-145.67
1		G		-80.62		176.02		73.57		86.62		-139.07		-86.56		-159.57		174.68		-146.64
2		A		-73.89		175.45		70.87		88.3		-141.0		-78.16		-162.77		176.25		-150.39
3		U		-78.89		170.16		65.03		92.56		-139.85		-77.91		-162.78		175.68		-141.7
4		G		-74.58		176.12		63.42		86.7		-146.27		-78.43		-164.35		174.21		-141.55
5		C		-81.7		175.9		67.37		84.35		-144.67		-81.44		-157.24		169.97		-148.95
6		G		-68.6		173.69		64.12		84.92		-145.26		-74.31		-162.96		172.56		-137.06
7		C		-79.12		176.18		69.97		94.63		-140.38		-84.79		-159.61		179.73		-154.14
8		C		-76.06		179.03		75.54		86.38		-142.34		-76.24		-164.79		169.58		-147.8
9		U		-68.62		173.99		56.78		92.8		-138.39		-84.67		-151.51		177.31		-150.27
10		U		-67.07		175.11		53.93		90.38		-137.05		-77.2		-152.38		169.46		-135.42
11		G		-141.38		171.17		69.84		92.7		-130.49		-71.94		-162.14		179.98		-133.0
12		A		-96.99		-178.61		63.09		99.55		-130.57		-93.34		-148.6		168.3		-146.45
13		A		-139.19		-176.43		94.55		107.05		-126.23		-115.58		-145.31		-169.22		-176.99
14		A		-81.36		174.89		77.36		99.23		-130.8		-86.94		-152.47		-160.81		-144.99
15		A		-94.97		168.41		76.38		91.36		-139.23		-68.11		-162.21		163.11		-131.96
16		G		-77.96		173.77		72.01		85.56		-143.91		-75.23		-159.82		166.84		-142.74
17		C		-92.16		175.71		80.2		91.08		-138.5		-76.23		-160.54		172.52		-148.58
18		C		-72.1		170.27		71.66		80.36		-147.51		-71.62		-169.56		173.61		-146.95
19		U		-71.99		174.58		62.41		94.28		-141.31		-89.28		-154.84		178.15		-146.93
20		G		-76.79		179.02		62.36		92.93		-135.51		-77.31		-156.96		170.19		-148.97
21		C		-88.42		173.92		77.33		87.36		-138.75		-77.04		-162.52		164.9		-145.22
22		G		-73.98		178.28		78.5		96.58		-136.78		-91.03		-153.04		178.11		-163.87
23		A		-92.26		177.24		74.58		104.3		-128.63		-119.95		-140.93		-167.89		-168.88
24		A		-100.04		176.22		98.07		96.82		-131.92		-73.24		-156.39		177.93		-144.81
25		A		-68.01		167.06		56.23		90.62		-141.73		-70.3		-156.05		172.27		-132.61
26		C		-80.57		-176.95		65.42		88.34		-140.76		-77.88		-160.16		169.77		-150.59
27		A		-66.94		167.87		55.85		90.47		-136.38		-74.53		-154.74		-173.45		-138.92
28		C		-72.51		177.38		60.68		82.96		-147.47		-79.47		-158.51		157.68		-145.91
29		G		-60.06		172.84		55.67		91.08		-141.47		-78.22		-155.27		-173.06		-144.43
30		C		-96.82		178.52		69.5		84.05		-142.91		-73.23		-163.51		159.67		-144.43
31		A		-71.41		172.2		71.36		91.85		-142.52		-70.78		-155.86		176.87		-148.34
32		G		-80.59		171.52		73.94		86.68		-140.17		-82.69		-163.69		168.0		-143.01
33		C		-66.14		165.3		57.42		85.09		-145.8		-72.36		-163.13		172.86		-145.18
34		U		-81.0		175.58		72.12		93.48		-136.62		-83.18		-155.94		178.66		-150.59
35		G		-83.76		176.0		78.98		99.28		-138.38		-88.82		-157.02		-161.64		-159.83
36		G		-67.16		172.47		54.28		101.99		-130.47		-74.34		-153.27		-165.99		-136.39
37		U		-63.89		171.93		58.64		98.1		-132.24		-75.09		-151.3		-171.35		-117.24
38		G		-98.06		177.47		78.14		107.18		-130.26		-91.65		-144.39		173.94		-145.96
39		A		163.82		-176.28		108.68		97.65		-136.38		-84.48		-161.66		-16.36		-168.25
40		A		-63.96		170.42		69.49		89.94		-136.04		-72.02		-159.0		177.83		-127.97
41		U		-68.86		170.71		61.39		97.37		-132.41		-70.7		-147.82		-175.58		-122.83
42		G		-87.26		173.13		68.6		93.22		-138.32		-80.45		-157.64		163.34		-142.86
43		A		-70.23		177.67		61.9		93.78		-138.4		-68.47		-154.26		-173.25		-136.5
44		C		-75.38		175.43		63.24		77.68		-148.05		-78.92		-163.17		155.83		-144.18
45		A		-67.2		-179.33		66.76		91.37		-136.62		-77.37		-154.24		-177.25		-136.49
46		G		-72.42		175.96		70.33		80.59		-145.82		-76.41		-168.12		165.47		-141.82
47		C		-63.49		174.0		55.47		88.59		-145.44		-69.5		-154.22		176.47		-141.95
48		U		-71.54		174.18		58.65		88.09		-141.01		-85.13		-157.99		168.12		-140.09
49		A		-67.64		178.75		67.22		104.97		-135.44		-89.34		-143.53		-171.72		-163.69
50		U		-67.96		169.64		61.76		89.9		-138.81		-74.65		-160.08		170.58		-144.81
51		G		-61.4		179.35		58.35		92.11		-145.9		-76.0		-155.35		179.74		-148.45
52		G		-85.13		179.9		72.35		84.63		-140.77		-74.82		-168.88		172.32		-140.34
53		C		-64.59		170.19		59.81		82.54		-149.75		-70.09		-161.5		170.06		-152.94
54		G		-86.31		179.63		73.98		90.51		-142.04		-83.6		-158.51		176.88		-150.49
55		C		-71.66		173.7		56.29		81.88		-152.88		-75.63		-160.72		170.45		-146.3
56		A		-79.9		173.2		68.85		90.21		-137.47		-72.52		-157.98		170.37		-142.49
57		U		-73.21		176.6		65.05		90.55		-138.97		-77.61		-156.7		173.45		-147.59
58		C		-78.23		173.58		60.87		84.65		-146.08		-76.71		-161.81		160.48		-147.52
59		C		-65.74		177.18		54.14		95.5		-139.07		-81.48		-149.49		-175.26		-140.86
