No.	   Seq		 Alpha		 Beta		Gamma		Delta		 Epsilon	 Zeta		  Chi		  Eta		 Theta

0		G		-73.48		-178.82		73.5		95.72		-135.66		-78.65		-152.77		179.4		-147.72
1		G		-88.65		175.17		78.4		83.71		-141.73		-82.7		-170.36		165.98		-152.01
2		A		-73.69		174.25		68.46		91.9		-139.37		-74.18		-152.96		-178.83		-141.72
3		U		-80.89		177.47		74.66		87.35		-140.84		-82.12		-157.82		174.75		-146.89
4		G		-63.26		176.7		62.03		96.48		-133.45		-77.71		-144.37		-170.77		-144.47
5		U		-107.21		178.04		73.81		99.05		-132.8		-83.48		-154.75		169.47		-159.54
6		G		-64.79		176.4		65.13		98.46		-135.82		-88.05		-147.82		-164.81		-165.67
7		A		-127.54		-176.98		79.25		101.17		-130.87		-82.63		-156.03		-176.49		-147.68
8		G		-73.0		171.04		61.42		88.71		-142.86		-72.95		-157.33		165.76		-135.9
9		G		-87.75		-177.44		74.96		85.43		-140.57		-75.79		-165.03		176.22		-133.66
10		C		-67.38		173.04		55.65		91.19		-145.72		-71.86		-154.31		179.58		-148.28
11		U		-77.92		177.2		65.45		84.94		-143.38		-79.13		-160.77		174.69		-149.94
12		U		-64.66		176.09		52.65		105.04		-131.67		-78.52		-139.67		-165.97		-140.46
13		C		-110.45		176.06		66.6		86.67		-141.08		-74.92		-161.39		154.13		-138.07
14		G		-79.09		-179.1		62.78		89.65		-140.48		-73.46		-160.62		174.29		-145.25
15		G		-71.99		177.07		58.41		86.74		-138.85		-78.98		-160.66		169.54		-136.26
16		C		-71.82		-179.45		65.08		91.29		-139.68		-71.08		-150.72		173.17		-137.32
17		C		-71.51		179.66		62.96		98.97		-135.74		-91.39		-145.69		179.36		-134.96
18		U		-84.1		-173.62		63.28		98.4		-134.69		-73.38		-143.21		169.99		-147.25
19		C		-88.21		172.7		65.46		97.58		-132.74		-87.1		-151.07		171.51		-153.52
20		A		-64.81		-179.32		57.43		95.63		-140.04		-69.95		-148.95		179.97		-150.19
21		C		-71.72		178.31		63.24		82.87		-143.51		-75.31		-163.74		163.66		-140.98
22		C		-61.45		177.87		59.33		92.65		-141.2		-70.33		-149.53		176.66		-151.41
23		G		-79.9		179.06		79.8		83.26		-142.71		-76.4		-168.51		168.29		-144.04
24		C		-60.49		170.99		55.66		83.16		-152.05		-71.28		-157.25		172.73		-148.72
25		U		-64.58		168.33		54.92		80.85		-142.17		-72.17		-163.41		168.62		-141.36
26		C		-68.5		174.33		58.56		85.82		-153.01		-69.88		-154.83		171.83		-150.74
27		C		-89.1		171.53		68.75		79.56		-147.42		-78.25		-166.1		158.97		-156.98
28		A		-63.07		176.98		57.28		92.65		-144.83		-71.64		-151.1		-177.78		-152.01
29		U		-69.77		175.45		68.43		88.89		-134.52		-88.54		-158.49		176.38		-155.53
30		G		-53.91		166.5		55.4		91.76		-144.99		-66.78		-150.84		174.49		-153.97
31		U		-74.28		176.98		70.26		91.7		-136.48		-80.59		-154.64		172.51		-149.1
32		G		-60.89		176.41		59.82		93.79		-141.97		-74.87		-148.68		175.11		-158.2
33		C		-88.21		177.29		76.4		90.31		-138.5		-75.67		-158.57		174.76		-149.02
34		G		-62.62		177.5		58.97		95.27		-144.22		-80.35		-147.44		-172.98		-163.45
35		A		-79.33		175.32		76.08		86.29		-141.77		-76.19		-162.32		178.94		-144.86
