No.	   Seq		 Alpha		 Beta		Gamma		Delta		 Epsilon	 Zeta		  Chi		  Eta		 Theta

0		G		-82.38		172.6		77.39		81.41		-144.37		-77.77		-168.13		168.29		-151.25
1		G		-71.77		173.95		63.97		82.53		-146.36		-70.18		-161.55		172.55		-146.81
2		A		-85.22		169.87		70.2		85.14		-141.79		-80.24		-162.7		169.38		-149.96
3		A		-71.28		175.82		72.54		91.82		-140.56		-79.26		-151.66		-179.88		-167.26
4		A		-86.69		168.18		71.89		87.58		-139.05		-76.87		-159.88		173.01		-140.06
5		G		-64.77		172.6		66.58		99.51		-133.77		-64.18		-148.42		-169.95		-143.64
6		U		-83.23		177.54		73.37		96.63		-134.07		-89.55		-152.04		178.89		-151.91
7		G		-66.53		172.81		60.66		99.36		-133.77		-78.03		-146.54		-170.49		-159.95
8		U		-99.7		168.03		72.57		99.51		-134.19		-81.28		-156.56		179.96		-146.02
9		G		-63.47		176.12		71.59		91.14		-143.7		-68.5		-154.88		-178.28		-148.83
10		U		-75.36		178.14		70.3		82.79		-142.25		-84.17		-157.32		172.43		-148.25
11		C		-59.04		168.61		53.85		87.25		-143.72		-68.88		-158.66		174.41		-147.42
12		U		-77.61		173.71		72.63		88.18		-139.72		-88.41		-161.71		178.31		-156.78
13		A		-61.62		178.75		54.87		91.59		-147.02		-72.28		-149.16		-179.89		-148.9
14		G		-103.01		171.93		78.97		88.14		-137.91		-74.21		-163.45		165.3		-145.53
15		G		-59.39		175.36		67.57		91.41		-139.2		-68.98		-156.09		-176.52		-137.12
16		G		-75.79		172.51		69.06		86.34		-138.51		-81.06		-160.33		172.95		-150.98
17		U		-57.85		172.87		57.23		102.53		-132.26		-69.71		-144.22		-172.59		-143.65
18		U		-75.23		174.38		63.15		105.01		-128.61		-85.75		-147.54		173.3		-154.13
19		C		-64.42		-179.46		59.59		92.27		-143.52		-71.5		-148.1		176.88		-144.48
20		C		-68.0		176.08		59.24		87.45		-141.41		-75.35		-158.1		176.38		-151.04
21		G		-54.7		-178.07		63.26		95.1		-140.13		-70.76		-152.23		-168.53		-164.2
22		C		-65.4		176.48		61.62		86.79		-142.6		-76.76		-162.35		174.4		-151.21
23		G		-59.2		172.03		62.55		93.3		-144.95		-64.42		-158.13		177.55		-150.9
24		U		-72.9		178.14		65.02		95.22		-134.63		-79.65		-152.42		173.07		-152.7
25		G		-57.97		170.01		60.52		88.52		-142.17		-64.8		-154.14		174.23		-155.01
26		C		-65.98		162.58		47.33		89.71		-136.19		-71.97		-155.78		165.01		-130.17
27		U		-56.43		170.15		55.57		97.31		-141.23		-69.14		-151.04		-175.41		-170.86
28		U		-65.8		178.46		63.11		103.1		-128.37		-85.71		-143.29		-164.62		-146.84
29		C		-72.92		176.33		66.99		91.39		-143.7		-64.34		-154.74		157.45		-147.43
30		G		-60.76		173.41		58.44		91.96		-134.06		-79.05		-151.96		-177.58		-131.25
31		G		-61.83		-178.76		62.47		92.08		-136.72		-82.74		-151.64		179.66		-166.1
32		C		-69.7		167.47		60.51		89.16		-138.91		-76.43		-156.97		169.46		-159.88
33		A		-63.19		174.2		60.74		88.8		-146.04		-79.85		-153.37		175.97		-152.59
34		C		-62.66		174.23		55.9		86.89		-138.22		-71.14		-151.84		173.69		-137.33
35		G		-67.87		171.16		55.88		83.63		-143.85		-67.92		-160.53		167.54		-143.52
36		G		-63.29		171.92		69.5		94.06		-137.11		-74.17		-157.83		-168.97		-162.22
37		A		-53.54		171.63		56.11		85.0		-147.25		-68.18		-161.39		174.04		-143.81
38		C		-67.72		168.0		61.29		87.57		-138.68		-66.2		-155.92		176.85		-141.53
39		U		-68.53		175.71		61.26		93.75		-136.96		-77.84		-149.34		168.96		-150.31
40		G		-70.35		177.42		70.01		88.61		-141.4		-77.85		-159.38		-179.93		-164.33
41		G		-60.94		167.12		53.93		91.92		-142.91		-70.51		-153.25		178.51		-144.48
42		U		-62.7		166.04		54.69		91.38		-142.16		-61.62		-152.8		-177.6		-143.09
43		C		-67.77		-175.39		65.26		92.62		-141.77		-78.14		-147.32		176.64		-157.97
44		C		-72.44		170.03		57.92		85.82		-139.85		-60.93		-158.32		166.01		-158.39
45		A		-69.6		167.99		61.43		87.58		-140.65		-72.82		-159.1		172.1		-153.7
46		A		-62.57		167.28		61.98		93.92		-134.23		-61.79		-152.35		-161.99		-159.82
47		G		-62.7		169.19		61.06		91.16		-139.19		-73.35		-150.05		173.33		-149.08
48		U		-65.44		162.99		54.24		94.96		-136.73		-66.79		-146.02		171.7		-138.48
49		G		-80.38		172.03		74.82		96.83		-136.88		-85.54		-151.21		167.1		-150.75
50		A		-75.38		177.37		62.97		91.73		-139.32		-67.06		-156.89		-170.07		-145.54
51		C		-64.3		173.28		66.19		84.16		-145.56		-78.58		-157.89		171.82		-164.4
52		A		-60.42		174.59		56.84		86.88		-147.3		-68.05		-155.16		176.6		-143.84
53		C		-70.21		167.52		61.78		86.38		-142.3		-75.96		-157.7		169.38		-153.09
54		A		-59.95		165.73		66.06		84.91		-144.85		-63.67		-161.72		169.04		-152.45
55		G		-67.5		177.92		97.99		93.81		-138.42		-84.87		-158.29		-174.6		-173.16
56		A		-57.06		170.13		55.95		90.48		-140.87		-63.29		-154.89		177.02		-142.81
57		C		-61.32		166.67		66.82		85.27		-140.93		-65.42		-162.64		168.91		-143.87
58		G		-59.23		168.99		61.39		89.31		-143.84		-75.57		-151.28		172.31		-159.23
59		C		-83.23		168.08		69.0		91.08		-139.97		-82.88		-160.43		172.81		-166.98
60		A		-54.1		167.39		63.15		90.56		-144.35		-69.3		-156.58		-159.61		-149.18
61		U		-71.49		172.75		66.57		90.47		-137.51		-72.16		-156.42		178.09		-151.29
62		U		-55.3		169.8		61.38		91.31		-143.06		-65.15		-150.83		177.07		-154.37
63		C		-106.06		170.35		74.35		96.33		-137.65		-85.96		-157.78		164.05		-164.05
64		G		-56.23		-179.04		69.68		95.32		-147.07		-70.45		-157.64		-168.5		-167.88
65		U		-74.16		175.44		64.2		93.89		-134.22		-78.73		-155.51		178.65		-142.43
66		G		-60.95		170.86		69.33		90.38		-140.01		-67.33		-156.1		-172.44		-143.71
67		C		-91.12		169.05		67.57		80.46		-143.75		-73.44		-168.13		154.99		-140.29
68		G		-53.52		174.56		55.76		95.07		-142.07		-72.93		-154.38		-158.1		-156.43
69		U		-71.39		167.71		50.88		94.08		-135.35		-84.07		-147.37		177.63		-145.63
70		U		-67.13		169.58		71.71		109.28		-124.2		-81.45		-135.97		-168.1		175.09
71		A		-84.97		166.95		62.39		89.44		-133.72		-74.85		-157.94		161.03		-131.3
72		C		-62.82		174.91		59.11		90.74		-140.72		-70.68		-156.89		167.71		-172.53
73		A		-62.36		171.13		51.77		87.64		-138.44		-80.1		-155.74		168.12		-136.07
74		C		-59.47		177.19		61.93		88.88		-144.78		-73.38		-151.69		174.0		-151.62
75		C		-65.06		168.6		64.75		77.96		-146.46		-73.05		-167.26		166.27		-136.25
76		G		-67.36		172.02		67.01		87.06		-147.25		-63.17		-160.97		176.39		-160.07
77		G		-77.12		173.47		68.15		79.47		-145.82		-78.96		-167.67		165.8		-155.43
78		A		-58.84		165.42		57.97		87.05		-140.66		-62.66		-158.12		171.02		-141.67
79		G		-73.37		166.94		73.05		80.26		-144.09		-77.16		-171.45		164.7		-142.76
80		G		-74.16		168.97		62.1		88.83		-143.96		-67.42		-160.05		168.68		-146.61
81		G		-85.07		173.58		77.43		83.57		-140.45		-80.49		-167.79		167.65		-155.64
82		A		-61.87		174.82		55.36		98.08		-131.9		-71.37		-139.18		-175.87		-139.3
83		U		-82.26		174.28		71.77		94.51		-132.46		-86.34		-158.43		179.31		-149.35
84		A		-72.48		172.6		56.0		109.33		-124.55		-62.35		-132.23		178.83		-149.46
85		G		-150.82		-179.26		105.29		94.66		-134.69		-82.07		-159.43		170.35		-161.8
86		A		-65.21		174.75		58.71		96.19		-134.75		-87.72		-139.7		172.35		-155.92
87		A		-67.0		171.19		67.73		94.87		-130.51		-73.57		-160.79		-176.61		-132.63
88		G		-59.77		173.67		65.58		89.81		-143.47		-69.42		-153.29		171.17		-140.94
89		C		-68.47		169.5		58.79		81.24		-145.23		-66.65		-166.15		167.57		-139.39
90		C		-63.63		177.05		54.94		81.83		-149.8		-72.38		-153.09		167.52		-147.45
91		C		-72.61		172.87		65.15		84.78		-142.73		-81.42		-161.63		175.47		-151.08
92		A		-58.07		168.01		58.8		87.84		-147.92		-72.15		-157.26		173.0		-154.06
93		G		-74.25		168.77		79.47		86.9		-143.51		-77.02		-167.58		171.78		-150.58
94		G		-59.99		173.73		60.75		89.71		-140.78		-74.16		-159.94		176.58		-150.42
95		C		-67.43		169.18		62.45		83.56		-143.84		-74.13		-164.04		168.51		-146.92
96		G		-61.39		176.47		62.08		96.88		-144.16		-90.3		-149.1		-167.16		-161.0
97		G		-73.27		170.44		70.02		87.75		-144.56		-76.29		-163.85		176.02		-156.04
98		G		-57.86		172.18		55.55		96.01		-141.15		-64.91		-153.44		-168.33		-169.8
99		U		-67.91		170.28		63.95		85.88		-140.65		-71.77		-162.47		169.74		-144.54
100		A		-65.37		174.71		56.0		98.22		-142.47		-74.59		-149.24		-176.4		-150.92
101		G		-86.58		168.31		71.38		85.83		-141.17		-74.92		-165.51		166.91		-143.67
102		G		-64.26		174.01		60.03		92.07		-143.22		-74.91		-154.81		-179.34		-153.03
103		U		-73.65		176.21		66.67		91.43		-135.19		-75.67		-155.58		171.93		-149.31
104		U		-61.74		173.03		54.87		100.5		-137.91		-81.47		-144.43		-179.52		-148.29
105		U		-79.12		172.27		61.83		92.96		-137.73		-77.97		-155.5		165.53		-144.66
106		C		-67.0		173.52		60.01		90.68		-143.47		-74.48		-154.02		175.92		-147.44
