No.	   Seq		 Alpha		 Beta		Gamma		Delta		 Epsilon	 Zeta		  Chi		  Eta		 Theta

0		G		-61.65		169.68		56.53		87.17		-146.19		-67.18		-158.26		179.8		-146.69
1		G		-79.19		171.27		68.03		84.62		-142.05		-76.61		-166.16		169.79		-148.04
2		A		-64.96		169.12		60.91		89.9		-147.38		-73.81		-152.89		-178.47		-159.53
3		A		-78.74		172.77		72.7		90.8		-137.93		-80.21		-160.12		179.42		-152.54
4		G		-59.17		169.14		63.31		93.5		-139.28		-67.03		-153.97		-174.68		-138.99
5		U		-75.66		175.69		71.0		92.97		-135.37		-77.81		-158.45		174.81		-148.48
6		G		-59.7		171.0		60.23		98.29		-133.18		-78.74		-147.97		-171.82		-152.32
7		U		-81.35		171.67		63.26		95.44		-134.55		-88.06		-157.0		173.79		-155.99
8		A		-62.01		172.48		59.3		96.14		-141.3		-66.49		-147.38		-177.03		-134.02
9		C		-81.37		174.97		70.98		84.52		-141.62		-76.03		-161.69		168.49		-145.89
10		C		-58.34		174.62		62.19		88.77		-145.28		-70.04		-156.33		179.51		-159.93
11		U		-71.7		175.37		69.7		83.65		-141.4		-85.27		-165.3		172.41		-161.73
12		A		-52.26		173.67		55.46		95.82		-144.24		-66.71		-149.63		-169.75		-155.59
13		G		-85.86		172.94		69.13		83.37		-140.87		-75.05		-168.12		155.34		-141.67
14		G		-57.07		179.45		59.4		92.22		-142.2		-70.25		-153.92		-177.19		-143.73
15		G		-80.68		177.44		73.79		91.63		-135.68		-86.33		-159.07		172.82		-147.91
16		A		-61.27		168.24		57.19		98.28		-141.93		-66.71		-150.58		-163.56		-156.56
17		U		-70.71		173.4		64.13		104.38		-128.68		-94.55		-148.15		-175.02		-146.22
18		C		-62.16		174.92		55.88		93.3		-142.74		-60.98		-149.47		179.13		-143.47
19		C		-86.22		172.84		63.44		88.89		-138.85		-77.76		-155.23		168.05		-146.03
20		A		-58.88		177.33		58.6		95.72		-142.82		-67.38		-150.78		-173.2		-173.95
21		C		-62.19		173.8		65.32		89.52		-137.08		-82.0		-157.33		172.93		-149.97
22		C		-57.84		171.32		51.36		93.05		-150.63		-57.86		-149.76		171.9		-155.01
23		U		-72.04		173.47		65.87		93.03		-139.45		-82.88		-154.07		168.96		-146.53
24		C		-58.01		168.91		60.12		87.89		-146.36		-57.08		-154.39		170.03		-171.49
25		G		-67.53		166.03		59.22		86.57		-140.89		-83.34		-156.98		174.36		-154.12
26		A		-60.5		172.15		51.36		98.59		-142.72		-67.68		-143.32		-173.87		-149.2
27		G		-79.9		172.07		73.9		98.4		-131.15		-85.19		-156.31		175.2		-164.62
28		A		-67.66		178.2		66.05		95.61		-137.14		-64.33		-151.28		176.71		-143.75
29		G		-68.88		162.49		62.6		89.45		-138.35		-86.31		-158.2		171.65		-153.54
30		A		-62.41		174.92		60.28		97.06		-136.41		-75.83		-143.14		-165.33		-155.08
31		G		-89.93		170.71		81.56		93.11		-136.56		-70.82		-157.85		-170.43		-150.35
32		G		-69.74		176.43		60.71		96.11		-143.82		-81.0		-144.5		177.31		-172.89
33		A		-77.36		170.32		76.12		102.69		-129.4		-65.49		-149.32		-171.81		-165.47
34		A		-59.78		168.61		58.14		96.68		-135.31		-74.67		-144.11		178.29		-153.79
35		G		-70.88		171.66		65.87		93.53		-137.82		-66.06		-156.32		-175.23		-155.06
36		G		-61.33		173.68		56.78		90.96		-143.96		-73.22		-153.49		170.63		-146.79
37		A		-74.27		169.7		63.3		88.98		-140.54		-71.13		-159.76		175.43		-145.23
38		C		-61.42		168.29		57.76		88.62		-146.41		-68.64		-153.17		174.69		-148.43
39		C		-70.09		171.18		58.95		95.25		-142.95		-70.31		-146.89		-174.06		-155.05
40		A		-71.33		179.87		57.92		101.98		-137.26		-92.47		-141.74		-173.52		-160.68
41		A		-63.18		164.37		63.84		95.99		-130.02		-68.87		-151.47		173.98		-147.54
42		G		-57.28		164.55		59.31		95.65		-135.2		-72.98		-154.28		177.85		-144.05
43		C		-68.28		170.84		57.8		93.26		-140.98		-69.89		-150.43		-175.42		-143.44
44		G		-72.84		173.08		67.25		92.65		-140.31		-78.13		-156.34		-178.87		-149.46
45		G		-72.78		168.63		58.53		91.59		-141.88		-68.3		-153.26		-173.41		-152.79
46		U		-65.61		166.84		52.68		91.51		-143.0		-77.66		-154.53		171.32		-148.59
47		A		-67.86		170.69		53.35		93.17		-146.58		-68.44		-147.35		172.69		-141.73
48		C		-74.19		171.68		61.46		90.1		-145.37		-87.39		-152.63		164.4		-165.64
49		A		-64.16		178.5		63.54		89.48		-144.82		-69.46		-158.26		173.62		-145.16
50		G		-61.44		165.59		59.92		86.5		-142.32		-74.19		-165.42		173.13		-140.43
51		G		-63.37		171.18		60.25		91.2		-141.29		-60.51		-158.97		176.47		-142.99
52		C		-58.09		169.13		55.9		85.43		-141.32		-72.75		-162.45		175.37		-143.04
53		C		-65.15		172.39		57.75		87.29		-143.89		-66.99		-149.07		168.96		-156.73
54		U		-63.43		158.5		59.85		92.86		-135.69		-74.95		-154.16		173.94		-139.57
55		A		-58.15		171.25		67.3		99.09		-133.62		-66.87		-146.8		-166.13		-169.38
56		C		-68.21		170.23		69.51		85.98		-140.54		-69.66		-169.68		166.03		-140.38
57		U		-54.0		169.77		54.69		97.48		-135.31		-72.43		-144.77		-168.47		-146.28
58		U		-73.9		171.15		69.51		89.76		-138.47		-80.91		-159.13		169.37		-141.0
59		C		-58.52		172.46		66.04		84.98		-155.26		-68.45		-157.91		179.67		-153.26
60		G		-83.44		178.74		74.36		86.4		-143.96		-87.78		-166.21		172.31		-155.26
61		G		-51.85		177.75		58.37		91.07		-148.05		-65.87		-157.41		-162.6		-159.09
62		U		-79.13		167.94		79.21		84.21		-138.55		-86.44		-163.69		162.86		-159.14
63		A		-59.27		171.33		61.53		99.54		-141.67		-68.86		-149.58		-175.39		-131.66
64		G		-105.94		172.39		78.51		84.6		-139.78		-77.66		-175.18		158.87		-139.95
65		G		-56.84		176.02		59.07		106.66		-127.96		-69.9		-141.69		-156.08		-151.5
66		U		-74.39		171.88		64.11		88.88		-131.36		-78.48		-152.43		166.45		-147.45
67		U		-54.68		174.49		57.04		107.77		-130.99		-89.71		-132.13		-165.43		-162.63
68		A		-79.68		169.12		58.45		98.66		-130.42		-77.3		-153.06		169.29		-138.84
69		C		-67.92		-176.34		65.96		93.52		-142.9		-87.11		-148.79		169.21		-175.6
70		A		-64.27		176.05		64.16		82.91		-139.56		-76.15		-160.07		174.51		-143.18
71		C		-52.33		170.19		56.15		81.22		-150.31		-61.7		-157.56		169.32		-139.59
72		C		-65.23		166.16		66.6		78.84		-146.02		-71.71		-168.65		174.79		-140.08
73		G		-59.65		180.0		57.71		87.01		-150.23		-69.1		-158.16		175.48		-164.41
74		U		-69.82		173.25		69.46		86.21		-140.35		-71.84		-163.04		169.82		-151.55
75		G		-64.44		167.04		60.35		87.76		-142.67		-65.58		-160.8		174.1		-144.46
76		G		-78.55		168.01		72.28		79.58		-145.63		-75.99		-172.8		161.3		-146.01
77		G		-67.79		172.42		59.25		89.52		-142.65		-71.24		-156.02		-179.98		-147.14
78		G		-89.4		172.84		86.11		87.55		-139.24		-86.08		-164.5		172.66		-151.49
79		A		-68.07		173.86		58.06		100.83		-130.31		-62.86		-143.22		-177.18		-133.26
80		U		-82.87		174.26		72.74		93.65		-134.22		-83.86		-155.98		174.37		-150.93
81		A		-68.69		175.1		53.75		105.3		-128.19		-78.28		-134.22		176.69		-169.49
82		A		-112.43		172.95		62.03		97.01		-130.5		-79.22		-153.41		152.97		-154.71
83		A		-55.73		172.13		53.41		98.15		-133.9		-74.88		-138.57		169.92		-143.93
84		A		-74.48		-179.18		76.71		99.64		-128.08		-72.91		-150.13		179.16		-136.97
85		G		-63.66		169.28		70.02		94.83		-139.48		-79.67		-150.18		173.36		-157.35
86		A		-66.85		171.84		63.69		86.56		-141.49		-70.37		-162.93		177.95		-137.47
87		C		-59.66		168.34		52.72		81.86		-149.7		-71.82		-156.35		168.74		-143.07
88		C		-76.75		175.38		72.17		80.7		-146.65		-76.4		-166.6		168.9		-149.17
89		C		-65.59		167.57		62.37		82.56		-152.3		-72.07		-164.48		171.16		-154.91
90		G		-68.69		173.19		63.94		85.55		-146.76		-79.93		-162.72		-178.3		-159.13
91		U		-59.99		169.68		55.73		90.53		-141.87		-75.21		-153.72		-179.62		-140.95
92		G		-75.32		175.59		73.7		94.19		-140.95		-85.48		-156.43		176.09		-152.67
93		G		-63.34		174.78		69.91		96.39		-138.87		-82.71		-156.35		-168.7		-155.17
94		C		-68.97		167.66		60.48		89.97		-144.69		-73.67		-156.12		177.28		-159.91
95		A		-68.14		177.07		61.03		97.91		-138.29		-84.54		-149.86		-167.43		-162.58
96		A		-69.98		173.26		62.5		94.71		-140.41		-72.91		-155.6		-175.4		-138.54
97		G		-69.07		171.18		62.68		97.18		-140.48		-74.15		-152.16		177.27		-152.25
98		U		-66.88		174.56		61.17		93.57		-141.52		-75.46		-155.64		176.65		-142.55
99		U		-65.08		172.2		55.43		98.39		-136.96		-79.7		-147.0		173.85		-153.2
100		U		-79.66		-178.98		70.64		97.57		-135.16		-81.85		-152.48		-179.15		-149.05
101		C		-69.98		174.93		58.9		91.1		-142.48		-80.34		-154.29		169.21		-147.02
102		G		-76.9		178.4		66.82		94.93		-137.74		-81.4		-154.06		177.05		-149.42
