No.	   Seq		 Alpha		 Beta		Gamma		Delta		 Epsilon	 Zeta		  Chi		  Eta		 Theta

0		U		-70.29		173.27		58.7		99.37		-137.46		-69.21		-148.6		-175.31		-146.32
1		G		-64.76		173.6		63.4		95.81		-139.32		-75.24		-155.16		-174.81		-154.2
2		U		-65.95		176.99		51.7		96.47		-138.79		-74.74		-146.75		-174.83		-147.5
3		U		-62.05		170.37		54.26		94.52		-139.48		-72.26		-150.9		178.66		-146.69
4		G		-66.17		174.48		51.4		97.56		-137.42		-71.9		-143.89		-166.08		-139.98
5		C		-68.34		173.57		60.25		91.41		-142.32		-77.01		-151.46		179.87		-151.85
6		A		-62.2		174.04		53.7		95.88		-138.76		-72.64		-142.1		-167.91		-147.01
7		U		-63.04		174.41		59.7		96.23		-137.36		-79.61		-148.31		-175.82		-150.94
8		C		-57.55		177.83		52.93		97.04		-139.81		-72.22		-144.52		-173.03		-143.13
9		U		-65.32		174.55		54.92		94.3		-141.59		-75.03		-148.07		174.72		-141.96
10		G		-61.17		-177.68		55.52		100.16		-139.95		-80.26		-142.09		-174.69		-147.87
11		C		-60.24		174.93		56.01		91.41		-140.43		-72.31		-152.67		-177.53		-140.83
12		C		-58.86		177.15		53.0		91.61		-149.77		-76.82		-150.85		-170.18		-149.94
13		U		-62.45		175.8		56.74		94.19		-140.88		-76.95		-146.88		-173.67		-149.1
14		U		-64.07		174.67		56.75		98.01		-142.73		-72.72		-144.63		-167.37		-151.66
15		C		-63.04		169.62		57.03		94.52		-138.06		-71.49		-146.41		-177.25		-139.09
16		U		-60.6		178.96		52.41		100.8		-138.9		-69.5		-141.63		-171.3		-144.93
17		U		-64.49		176.67		63.3		104.9		-129.6		-83.02		-137.56		-172.8		-157.17
18		U		-62.49		-179.37		59.23		105.69		-134.96		-67.9		-139.38		-162.38		-161.31
19		U		-58.01		175.88		56.39		97.64		-139.21		-71.78		-142.26		-179.16		-146.0
20		U		-64.79		-174.57		52.9		104.65		-137.86		-67.26		-135.65		-167.52		-162.21
21		G		-67.12		176.16		69.22		99.67		-137.05		-81.42		-145.64		-172.42		-173.07
22		A		-68.86		-177.65		64.97		103.07		-140.95		-68.48		-145.19		-164.12		-169.66
23		A		-62.25		173.4		63.63		93.09		-142.34		-73.86		-150.65		179.8		-156.02
24		A		-66.81		-177.7		66.34		99.0		-139.76		-67.32		-146.15		-178.13		-153.85
25		G		-67.08		173.26		70.13		90.89		-143.27		-71.4		-156.59		174.68		-151.87
26		G		-61.34		177.92		56.56		94.84		-149.29		-69.74		-146.91		-175.51		-150.77
27		U		-64.0		170.53		57.12		96.4		-138.0		-75.25		-145.72		-179.81		-150.96
28		A		-69.07		179.85		63.4		104.44		-138.99		-81.03		-139.8		-170.41		-167.98
29		A		-64.1		176.21		60.86		95.92		-141.02		-75.1		-149.09		-178.46		-154.36
30		A		-63.85		175.76		56.2		98.57		-144.27		-70.9		-143.16		178.13		-151.83
31		A		-63.7		175.52		67.31		96.71		-138.38		-79.44		-148.49		-176.9		-156.42
32		A		-60.11		178.6		57.41		100.14		-144.46		-70.55		-145.0		-176.88		-156.07
33		C		-63.05		177.59		61.85		93.58		-144.17		-75.6		-149.94		-179.2		-154.83
34		A		-67.21		-177.74		58.74		97.2		-146.16		-72.64		-146.15		179.36		-151.03
35		A		-67.8		176.25		63.54		92.45		-142.19		-71.16		-154.34		177.52		-147.94
36		C		-62.98		176.99		53.45		91.53		-148.9		-68.64		-150.29		176.55		-147.82
