No.	   Seq		 Alpha		 Beta		Gamma		Delta		 Epsilon	 Zeta		  Chi		  Eta		 Theta

0		G		-66.81		171.69		74.62		92.41		-136.09		-81.43		-157.72		-175.27		-139.94
1		G		-75.19		177.28		82.97		91.64		-140.3		-85.03		-165.3		179.85		-156.83
2		U		-59.76		177.53		56.95		96.05		-135.27		-81.17		-151.59		-173.57		-134.93
3		U		-96.33		178.69		76.86		82.3		-141.9		-84.36		-165.31		160.51		-146.99
4		G		-95.08		178.26		80.35		87.22		-142.09		-83.55		-166.64		171.58		-149.27
5		G		-72.88		-179.42		58.48		73.14		-149.44		-72.73		-173.37		162.41		-136.73
6		C		-69.69		178.8		58.73		79.44		-147.17		-73.39		-166.78		172.23		-138.02
7		G		-63.95		178.37		54.37		95.76		-133.94		-80.83		-153.34		-174.73		-128.75
8		U		-93.09		175.61		64.96		90.54		-138.23		-82.56		-160.26		173.54		-143.58
9		A		-131.45		175.14		72.87		98.84		-129.02		-75.6		-154.45		159.77		-115.94
10		G		-138.96		179.97		88.1		88.59		-139.18		-77.44		-163.95		145.81		-143.51
11		G		-82.52		-174.92		80.67		87.84		-137.69		-81.98		-163.25		-177.69		-137.55
12		C		-103.07		174.32		58.64		99.4		-131.42		-74.94		-149.81		-174.44		-126.7
13		U		-84.11		-179.78		69.96		98.13		-135.58		-86.7		-149.56		170.91		-129.85
14		A		-136.92		-175.31		67.89		104.48		-127.39		-84.9		-145.75		171.16		-128.63
15		C		-93.88		175.5		68.89		83.47		-140.35		-79.79		-162.66		149.59		-154.01
16		A		-75.27		-174.72		73.83		101.98		-127.05		-89.07		-141.86		-167.16		-134.38
17		G		177.22		-174.48		102.3		105.32		-130.13		-106.84		-149.19		-178.16		-157.34
18		A		-171.69		-175.53		122.69		119.8		-118.0		-87.96		-137.39		-142.39		-114.63
19		G		174.33		-173.39		141.05		105.32		-127.87		-96.64		-153.23		178.8		-164.64
20		A		-75.08		-177.82		71.4		87.5		-141.29		-79.82		-156.77		169.53		-154.51
21		A		-68.17		167.43		62.48		82.32		-142.95		-67.78		-166.42		170.44		-141.11
22		G		-70.27		167.63		66.37		83.82		-147.11		-77.52		-161.56		170.13		-146.02
23		C		-74.41		175.53		59.16		72.47		-153.13		-69.31		-173.3		162.82		-141.55
24		C		-71.83		174.28		57.3		78.58		-151.34		-74.28		-164.33		168.83		-147.65
25		A		-85.49		-177.7		74.39		84.55		-143.3		-76.72		-164.21		168.6		-150.31
26		A		-65.92		168.53		57.6		80.66		-148.42		-72.77		-162.24		167.65		-143.91
27		C		-81.12		174.95		64.87		87.85		-141.81		-84.46		-155.54		168.32		-145.32
28		C		-75.7		-172.64		77.82		90.84		-142.32		-82.04		-160.09		-179.77		-156.24
