No.	   Seq		 Alpha		 Beta		Gamma		Delta		 Epsilon	 Zeta		  Chi		  Eta		 Theta

0		G		-85.48		171.85		64.14		79.59		-151.26		-74.9		-170.59		164.19		-146.13
1		U		-75.1		165.83		62.57		86.59		-147.05		-80.99		-154.18		172.71		-153.2
2		A		-98.52		-177.86		76.85		83.84		-143.38		-78.47		-166.53		160.33		-135.14
3		C		-117.79		173.57		83.48		82.53		-139.66		-78.3		-173.64		158.42		-147.43
4		G		-88.18		172.58		68.33		74.97		-148.09		-78.49		-171.3		158.27		-159.54
5		A		-77.81		163.17		54.22		89.06		-144.59		-89.97		-151.49		176.84		-149.45
6		A		-79.7		176.44		58.81		97.93		-128.54		-84.61		-144.15		169.24		-131.79
7		G		-93.98		174.4		81.77		95.28		-133.52		-79.48		-157.1		176.77		-137.12
8		G		-177.86		-176.76		118.88		101.99		-129.58		-115.88		-161.19		178.11		179.41
9		A		-84.72		174.46		84.16		100.53		-136.12		-99.55		-153.51		-159.65		-178.33
10		A		-108.94		171.25		96.25		89.84		-136.9		-76.7		-161.58		-176.6		-137.45
11		G		-93.42		173.21		86.54		89.5		-140.75		-79.45		-164.04		178.34		-138.59
12		G		-95.13		171.84		102.95		88.03		-140.39		-76.88		-164.94		-179.36		-149.04
13		U		-69.12		172.99		62.99		102.0		-125.34		-99.72		-144.84		-166.2		-158.55
14		U		-61.76		169.73		59.79		116.45		-119.78		-137.11		-134.61		-153.28		-151.58
15		U		-146.59		175.12		91.12		115.64		-122.15		-109.09		-136.57		-103.64		-123.16
16		G		-124.62		-179.13		105.17		104.13		-133.38		-96.88		-149.65		-163.87		-159.52
17		G		-128.24		-179.13		90.56		95.27		-129.94		-73.67		-154.19		-173.25		-135.52
18		U		-66.38		175.11		75.95		105.86		-127.04		-133.28		-140.11		-162.47		-164.08
19		A		-70.97		-176.82		91.37		125.34		-114.58		158.03		-120.64		-126.45		172.96
20		U		133.96		176.52		120.08		114.53		-124.24		-89.45		-143.76		-137.18		-147.21
21		G		-79.02		-176.39		80.32		104.25		-128.99		-81.83		-151.44		-161.21		-131.22
22		G		-60.94		179.99		61.62		80.87		-142.99		-71.45		-171.8		172.73		-132.74
23		G		-69.43		173.52		72.74		87.56		-141.65		-74.38		-162.0		-172.27		-145.33
24		G		-86.48		-178.1		80.75		87.14		-145.21		-86.64		-165.47		-175.18		-151.71
25		A		-77.3		-179.75		64.41		98.86		-139.04		-76.78		-154.07		-179.11		-132.05
26		G		-84.6		175.99		68.47		94.3		-131.93		-88.9		-152.86		171.21		-143.06
27		U		-56.49		174.69		55.8		101.73		-126.18		-81.73		-143.42		-170.95		-133.59
28		U		-67.1		168.33		51.86		86.95		-142.96		-82.66		-157.82		163.59		-141.58
29		G		-68.48		176.63		49.93		101.27		-143.02		-81.55		-151.44		-170.8		-150.47
30		U		-69.68		179.77		50.24		89.04		-138.31		-67.11		-160.31		162.99		-135.85
31		C		-62.0		-173.35		64.72		83.66		-141.18		-77.54		-161.37		175.35		-143.09
32		G		-74.38		179.91		57.31		95.95		-133.52		-90.86		-155.84		-178.36		-136.49
33		U		-63.05		169.43		51.52		87.5		-142.53		-81.45		-157.56		176.9		-144.95
34		A		-83.25		171.61		70.6		84.74		-139.2		-77.69		-164.66		167.3		-134.76
35		C		-83.37		-177.79		70.54		84.13		-144.92		-67.96		-167.81		162.4		-136.05
