No.	   Seq		 Alpha		 Beta		Gamma		Delta		 Epsilon	 Zeta		  Chi		  Eta		 Theta

0		C		-72.05		174.44		60.22		96.67		-142.14		-78.32		-146.42		-172.07		-160.84
1		A		-76.31		173.66		65.52		85.83		-144.76		-76.26		-163.5		170.34		-144.29
2		U		-67.13		167.99		53.16		93.21		-144.11		-74.05		-151.17		179.92		-158.64
3		C		-77.93		173.86		66.7		85.99		-144.05		-78.31		-162.23		169.75		-151.4
4		C		-67.11		172.2		52.49		83.58		-150.46		-66.96		-156.57		179.94		-143.33
5		G		-75.76		173.25		61.39		81.65		-144.42		-75.72		-164.39		170.68		-144.1
6		G		-69.24		165.7		57.71		95.12		-136.37		-59.71		-150.58		-173.58		-142.57
7		U		-89.11		171.98		70.73		90.37		-138.89		-87.74		-156.64		168.21		-155.21
8		A		-69.28		175.31		70.66		103.04		-132.1		-62.1		-144.19		-175.68		-153.34
9		U		-88.58		171.84		67.27		92.6		-138.18		-76.65		-156.97		162.18		-138.79
10		C		-69.91		-178.79		54.7		93.27		-142.01		-69.71		-148.44		173.72		-152.24
11		C		-73.68		172.48		56.8		79.81		-145.57		-72.13		-165.45		161.24		-140.39
12		C		-66.99		172.22		53.81		87.45		-153.69		-69.19		-151.58		-178.63		-168.71
13		A		-74.89		179.71		71.62		87.89		-142.2		-81.33		-159.39		178.06		-156.82
14		A		-64.32		173.31		57.99		90.79		-140.92		-69.75		-150.79		171.45		-137.76
15		G		-81.0		171.35		77.98		87.56		-135.36		-86.62		-162.71		163.54		-156.33
16		A		-59.59		174.96		56.62		100.24		-134.66		-65.65		-146.12		-166.72		-138.5
17		C		-112.39		174.55		86.35		93.85		-137.45		-84.01		-158.74		163.75		-161.66
18		A		-61.2		171.9		56.3		103.44		-134.16		-58.66		-137.32		-158.9		-138.9
19		U		-73.9		170.73		68.56		102.37		-130.76		-95.13		-145.0		-175.96		-158.17
20		C		-59.67		176.78		55.33		102.06		-138.27		-71.33		-141.63		-167.77		-167.16
21		U		-63.08		175.11		65.92		101.07		-132.73		-77.73		-152.7		-167.38		-152.27
22		U		-59.86		176.72		53.52		102.32		-145.51		-80.05		-139.6		-179.5		-168.61
23		C		-70.15		169.11		62.25		94.46		-138.75		-91.89		-149.41		178.13		-167.19
24		G		-58.77		177.09		64.03		90.9		-147.97		-65.38		-154.94		-177.99		-148.81
25		G		-64.58		166.13		60.4		86.48		-144.48		-70.63		-160.69		-174.81		-153.57
26		G		-58.1		169.54		55.94		93.63		-146.35		-74.34		-149.7		-169.77		-173.18
27		U		-59.91		167.35		63.55		90.35		-134.88		-78.08		-155.74		-175.34		-145.23
28		G		-64.13		177.26		66.91		92.27		-148.04		-68.7		-154.85		-168.5		-145.11
29		G		-69.56		170.25		59.57		92.78		-138.38		-69.5		-154.98		176.38		-139.04
30		G		-67.64		179.06		67.09		101.14		-127.84		-74.46		-149.43		-163.11		-154.83
31		U		-59.23		169.66		55.46		102.85		-127.56		-83.51		-140.7		-171.68		-134.77
32		U		-60.09		176.45		55.21		110.09		-133.31		-67.67		-134.35		-154.67		-142.74
33		G		-82.57		175.44		73.64		99.43		-135.53		-83.42		-150.03		-170.36		-150.83
34		G		-67.92		-173.29		63.88		97.84		-133.46		-68.13		-143.46		-164.77		-168.67
35		G		-58.98		169.52		59.9		91.63		-132.39		-74.11		-149.78		-172.34		-155.77
36		A		-58.39		172.13		53.46		105.53		-130.02		-78.31		-136.04		-151.5		179.4
37		A		-72.0		170.25		72.05		91.71		-133.15		-70.96		-158.64		171.2		-139.81
38		G		-64.62		172.67		53.08		97.97		-132.39		-70.14		-139.91		-177.33		-129.92
39		U		-67.0		167.37		56.47		92.62		-137.54		-77.01		-149.92		162.14		-160.45
40		A		-54.5		166.61		45.13		103.0		-133.75		-68.08		-141.43		-154.36		-137.32
41		U		-68.75		167.27		56.58		90.81		-142.56		-63.77		-155.67		175.85		-141.07
42		C		-71.91		171.07		56.9		96.04		-141.21		-86.45		-141.82		167.44		-165.5
43		A		-58.07		175.8		52.94		91.52		-134.26		-83.91		-149.55		-175.23		-159.43
44		U		-57.94		173.19		48.25		91.05		-139.76		-67.84		-152.55		168.39		-141.78
45		G		-60.93		163.58		59.05		87.29		-145.9		-67.77		-163.21		-178.34		-145.41
46		G		-67.07		178.78		58.78		85.4		-148.58		-71.03		-157.51		173.6		-147.8
47		C		-63.07		166.29		54.25		80.49		-146.97		-62.21		-163.03		174.54		-142.29
48		U		-62.6		171.84		44.28		94.88		-137.97		-65.44		-143.42		179.96		-145.98
49		A		-72.07		169.07		59.22		93.63		-143.87		-71.7		-151.67		169.65		-159.61
50		A		-66.6		164.53		51.78		94.83		-136.52		-79.49		-145.42		-176.15		-153.99
51		U		-56.61		168.57		53.29		96.69		-132.95		-66.42		-144.38		-177.08		-148.35
52		C		-73.5		179.87		58.05		95.19		-133.22		-78.54		-144.02		170.49		-139.6
53		A		-71.89		177.68		62.86		95.17		-139.96		-79.23		-156.85		-177.33		-151.12
54		C		-66.6		178.28		61.34		91.7		-135.8		-71.91		-156.09		179.5		-156.94
55		C		-63.31		171.85		59.68		79.39		-151.74		-71.33		-162.6		175.87		-149.62
56		A		-68.46		177.31		51.18		98.77		-141.9		-70.24		-140.2		-177.0		-149.68
57		U		-67.69		167.48		68.31		98.58		-133.58		-75.62		-145.68		177.84		-154.91
58		G		-74.23		173.7		110.44		98.45		-134.39		-79.21		-155.58		-170.4		-170.65
59		A		-68.03		170.11		63.48		100.61		-136.71		-66.06		-155.94		-169.54		-144.73
60		U		-60.44		168.49		51.12		101.0		-136.5		-62.0		-147.39		-169.08		-140.01
61		G		-66.68		173.79		57.83		95.58		-135.49		-66.46		-146.8		179.52		-142.21
62		C		-73.26		161.53		53.38		99.37		-141.6		-70.07		-142.55		174.84		-146.09
63		A		-68.68		167.67		71.36		101.61		-140.02		-92.99		-146.92		-167.65		173.02
64		A		-59.96		171.5		67.08		107.73		-127.73		15.79		-139.6		-142.93		147.7
65		U		-58.68		170.06		69.94		90.64		-142.86		-65.76		-154.3		172.14		-152.75
66		C		-60.59		164.45		53.98		93.42		-147.11		-71.14		-148.39		178.62		-137.59
67		G		-65.09		166.14		68.17		86.48		-147.58		-69.39		-160.43		-178.36		-156.47
68		G		-60.62		175.14		67.99		87.37		-151.81		-73.04		-159.0		-170.03		-155.39
69		G		-65.32		174.36		66.21		91.39		-145.77		-71.85		-153.08		-173.91		-147.36
70		U		-59.06		177.22		55.54		96.04		-140.5		-74.05		-146.74		-174.27		-139.57
71		U		-65.62		163.97		60.84		99.84		-135.11		-68.57		-150.47		-167.01		-155.14
72		G		-72.16		163.65		54.49		96.25		-146.75		-70.87		-149.68		175.84		-170.3
73		A		-66.57		173.54		62.23		104.29		-137.28		-80.49		-137.58		-159.25		-155.76
74		A		-63.49		173.34		65.98		97.18		-130.31		-72.82		-141.43		-168.19		-141.51
75		C		-66.1		173.79		69.08		96.35		-137.42		-80.27		-145.38		179.62		176.08
76		A		-56.25		175.81		54.58		96.57		-141.09		-72.38		-149.9		-179.12		-145.24
77		C		-54.79		168.98		50.11		85.67		-148.96		-68.3		-152.78		169.27		-148.5
78		U		-54.36		170.16		51.43		84.85		-147.36		-66.13		-150.34		171.77		-134.98
79		U		-68.47		163.75		56.52		95.43		-137.4		-75.29		-141.17		166.02		-150.26
80		A		-65.19		172.45		64.41		86.38		-150.81		-64.16		-159.47		164.49		-154.29
81		A		-53.48		165.02		56.36		95.85		-134.94		-71.39		-151.57		-174.88		-148.09
82		U		-55.12		171.02		59.81		98.28		-135.93		-81.67		-145.71		173.75		-170.63
83		U		-54.54		179.83		72.58		106.66		-130.13		-77.66		-140.55		-170.13		-152.6
84		G		-61.53		164.79		62.49		88.47		-147.99		-64.83		-155.16		175.52		-148.3
85		G		-72.46		176.1		73.17		86.52		-142.57		-74.21		-162.5		174.16		-154.51
86		G		-60.68		179.95		65.18		94.74		-138.9		-82.55		-157.13		-167.6		-155.2
87		U		-60.01		169.98		53.15		90.41		-141.27		-62.34		-147.88		177.98		-133.0
88		U		-66.86		165.18		68.58		93.26		-144.49		-72.91		-150.51		-178.6		-159.87
89		A		-72.44		170.94		57.0		94.85		-135.2		-92.37		-145.02		173.08		-156.69
90		A		-59.67		170.26		61.27		95.02		-129.85		-65.77		-148.05		178.03		-164.18
91		A		-52.23		172.02		61.06		104.82		-128.05		-117.45		-135.62		-155.75		-161.91
92		A		-48.83		-179.8		68.66		103.7		-133.26		-66.84		-144.27		-169.1		-139.91
93		C		-67.26		175.05		69.59		100.56		-131.18		-70.93		-146.7		-178.6		-117.38
94		G		-66.08		-175.23		72.6		98.78		-137.93		-89.09		-148.04		-177.04		-163.74
95		G		-55.24		174.32		56.13		96.5		-138.42		-82.63		-150.23		-166.95		-163.09
96		U		-54.6		169.4		61.06		98.07		-134.16		-78.39		-149.94		-168.73		-149.01
97		G		-64.94		168.94		69.98		95.14		-139.37		-66.6		-154.48		-174.97		-156.1
98		G		-68.14		174.24		65.73		91.51		-142.01		-80.64		-152.86		177.3		-161.2
99		G		-58.19		169.13		53.36		89.59		-143.09		-70.88		-160.18		-171.79		-153.75
100		G		-56.59		170.76		55.1		94.18		-140.21		-73.7		-152.53		-172.81		-139.12
101		G		-66.29		170.78		58.24		92.87		-142.36		-74.04		-153.19		-171.75		-152.82
102		A		-67.03		168.14		58.14		95.12		-137.83		-70.68		-149.53		178.68		-158.31
103		C		-64.71		164.87		52.21		96.57		-136.66		-68.78		-150.25		-175.89		-152.99
104		G		-67.25		171.18		53.09		92.4		-142.32		-80.15		-153.33		175.64		-142.82
105		A		-62.29		170.46		52.3		103.46		-133.1		-65.42		-143.3		-171.52		-135.31
106		U		-60.49		168.22		58.39		95.55		-135.7		-71.99		-150.15		169.26		-145.11
107		C		-61.39		171.64		53.67		91.93		-139.55		-66.77		-153.7		170.21		-133.03
108		C		-69.93		175.9		54.88		84.89		-143.84		-72.22		-161.52		165.44		-135.43
109		C		-66.15		179.59		61.56		85.01		-143.92		-74.96		-159.03		176.97		-146.64
110		G		-64.94		172.74		59.99		88.97		-138.5		-76.96		-159.72		175.3		-144.83
111		U		-65.95		164.15		50.09		87.94		-145.35		-69.09		-155.37		171.19		-140.97
112		A		-69.7		172.5		57.66		96.51		-135.9		-82.05		-148.63		173.92		-140.27
113		A		-77.21		179.64		65.96		95.95		-135.67		-71.83		-146.94		172.0		-142.12
114		C		-74.74		173.7		71.62		89.08		-140.59		-81.72		-161.31		170.23		-157.58
115		A		-54.85		166.39		50.96		93.83		-140.73		-64.71		-148.77		-172.41		-144.61
116		U		-64.53		174.42		55.32		91.3		-141.78		-75.95		-153.13		174.15		-157.36
117		C		-59.03		173.95		56.32		90.73		-145.1		-70.95		-151.19		171.0		-147.77
118		C		-68.87		174.34		62.68		84.21		-146.38		-74.28		-162.66		166.03		-145.37
119		G		-62.41		175.37		64.94		90.41		-145.14		-76.61		-155.32		-178.88		-160.34
120		U		-68.15		171.15		64.45		88.74		-141.77		-76.96		-158.51		-179.12		-150.81
121		C		-65.64		175.73		63.97		87.31		-149.24		-71.73		-156.23		173.08		-155.63
122		C		-73.79		177.17		66.81		90.66		-140.65		-82.46		-155.6		179.15		-147.91
123		U		-64.36		172.88		62.94		93.13		-143.25		-77.07		-148.75		176.93		-169.2
124		A		-78.41		-179.98		80.21		100.66		-135.7		-95.7		-148.0		-172.58		-169.09
125		A		-58.77		173.72		61.77		91.1		-146.1		-70.54		-155.91		-176.61		-150.25
126		C		-67.91		176.16		69.7		90.86		-139.49		-75.19		-157.39		172.74		-146.98
127		G		-61.4		177.32		70.51		96.19		-139.48		-80.64		-152.37		-171.33		-161.31
128		G		-74.68		176.87		74.83		97.39		-139.12		-82.04		-151.74		176.85		-154.09
129		C		-61.54		171.18		57.1		95.17		-139.39		-74.61		-148.97		-167.21		-152.87
130		G		-76.2		175.34		71.68		95.94		-136.98		-89.62		-151.12		-177.23		-160.1
131		A		-67.73		175.85		64.33		100.33		-137.07		-73.5		-144.72		-177.55		-167.53
