No.	   Seq		 Alpha		 Beta		Gamma		Delta		 Epsilon	 Zeta		  Chi		  Eta		 Theta

0		G		-70.51		173.38		66.23		87.9		-140.37		-73.71		-165.49		169.92		-148.18
1		A		-70.6		167.9		65.51		94.76		-136.55		-66.92		-160.89		-175.22		-149.89
2		C		-67.52		172.25		61.4		87.8		-142.05		-78.55		-155.83		169.56		-151.51
3		U		-64.51		171.57		58.2		90.3		-140.4		-70.43		-152.16		-179.94		-148.77
4		G		-72.34		172.19		58.28		93.84		-137.54		-70.5		-154.11		170.03		-137.5
5		C		-61.82		170.72		61.37		91.03		-141.29		-68.35		-156.31		-179.95		-167.76
6		A		-61.15		173.59		54.6		93.7		-138.0		-75.79		-151.17		177.63		-145.12
7		C		-65.74		166.97		55.51		91.09		-141.06		-76.07		-154.68		172.77		-160.1
8		G		-66.03		173.27		64.13		92.36		-139.72		-68.49		-156.88		-175.87		-147.91
9		G		-61.69		166.83		56.44		87.91		-145.28		-74.13		-157.9		177.35		-148.44
10		C		-64.99		169.18		52.35		89.26		-142.09		-72.34		-154.61		175.68		-150.78
11		C		-60.57		171.48		59.12		94.17		-139.42		-73.12		-157.05		-170.09		-139.73
12		C		-70.39		173.3		61.75		92.02		-142.75		-80.48		-151.32		-177.24		-158.32
13		U		-64.92		164.41		55.18		90.89		-142.81		-74.17		-151.58		172.19		-149.53
14		G		-62.91		162.63		57.18		93.55		-134.56		-66.71		-151.18		176.28		-128.18
15		C		-68.37		168.99		57.7		85.25		-147.17		-68.01		-157.33		169.39		-143.54
16		C		-57.93		171.0		60.57		93.56		-141.49		-75.28		-149.71		-175.39		-166.57
17		U		-59.49		168.57		53.16		97.71		-131.08		-83.84		-139.94		-175.67		-162.57
18		C		-63.46		164.5		60.17		94.23		-136.56		-63.78		-145.79		177.92		-169.28
19		A		-59.18		168.44		62.82		91.48		-139.64		-71.01		-148.65		-176.1		-150.54
20		G		-49.84		173.48		64.42		94.35		-138.95		-65.72		-152.42		-169.15		170.56
21		G		-47.77		163.5		56.23		90.65		-138.04		-63.8		-153.32		-167.82		-144.28
22		U		-55.18		161.02		53.65		98.79		-134.63		-56.32		-143.45		-166.18		-126.9
23		G		-63.71		171.67		71.53		94.82		-140.07		-77.82		-149.28		-177.83		-176.13
24		U		-56.94		167.42		60.71		91.66		-136.31		-67.17		-154.17		-170.91		-169.27
25		G		-58.14		161.01		59.72		87.73		-142.74		-69.98		-156.73		176.5		-155.29
26		U		-55.76		168.12		54.44		90.38		-141.98		-71.43		-147.47		-173.41		-138.18
27		U		-57.11		168.63		55.69		95.41		-136.77		-64.72		-145.27		-178.11		-148.95
28		C		-68.26		176.27		60.33		89.56		-141.5		-77.15		-150.39		164.6		-160.74
29		A		-61.39		174.92		69.23		88.55		-142.49		-73.9		-157.04		-179.28		-155.09
30		A		-51.09		170.54		53.94		93.99		-131.79		-72.97		-137.46		179.5		-160.99
31		U		-49.93		169.83		63.1		91.09		-134.8		-64.89		-152.46		176.84		-150.16
32		G		-58.39		166.56		55.07		98.29		-133.12		-75.96		-144.89		165.88		-147.5
33		A		-66.76		177.57		60.45		96.81		-138.46		-76.73		-147.39		-171.64		-154.99
34		A		-56.92		175.8		60.74		92.15		-135.76		-68.92		-146.17		-177.17		-146.68
35		C		-54.97		170.64		64.41		92.01		-133.35		-70.22		-149.65		-178.95		-161.02
36		A		-53.96		174.0		63.1		90.47		-143.29		-69.48		-157.5		-170.92		-149.19
37		G		-55.25		172.23		63.24		94.62		-139.01		-72.12		-151.55		-169.06		-164.04
38		U		-61.07		173.98		57.41		93.34		-140.09		-66.64		-147.12		173.45		-159.23
39		C		-62.04		177.75		70.14		94.31		-141.79		-73.45		-147.95		179.21		-158.16
40		G		-61.21		168.26		63.54		90.83		-145.66		-72.29		-156.65		-177.84		-165.76
41		U		-54.32		169.42		56.57		97.38		-140.86		-59.91		-147.14		-175.63		177.67
42		U		-55.0		163.42		53.02		90.06		-144.6		-70.78		-151.37		175.82		-158.57
43		C		-53.66		168.23		54.1		90.31		-145.33		-64.75		-150.77		171.13		-147.45
44		C		-62.55		168.04		61.53		89.38		-145.01		-67.38		-156.06		-178.85		-158.19
45		G		-64.09		176.04		67.8		90.46		-141.47		-78.75		-156.32		-177.89		-168.98
46		A		-55.45		168.15		55.11		94.68		-139.22		-59.63		-151.55		-176.06		-154.44
47		A		-57.54		164.44		57.94		97.48		-134.63		-70.79		-146.23		174.1		-144.75
48		A		-58.31		170.82		68.16		101.03		-135.94		-74.82		-147.35		-178.03		-150.67
49		G		-70.34		174.55		61.31		98.15		-139.18		-73.92		-147.29		166.71		-156.31
50		G		-57.78		168.02		65.87		90.98		-141.26		-67.81		-156.93		-171.88		-152.87
51		A		-56.57		167.96		53.67		87.97		-143.66		-73.65		-153.56		178.37		-151.61
52		A		-55.47		169.38		54.41		91.51		-145.12		-70.06		-154.36		-178.12		-153.89
53		G		-59.34		166.16		53.29		90.8		-145.86		-71.72		-151.36		174.29		-149.53
