No.	   Seq		 Alpha		 Beta		Gamma		Delta		 Epsilon	 Zeta		  Chi		  Eta		 Theta

0		G		-81.28		176.46		70.43		92.57		-141.1		-78.25		-160.16		177.64		-149.07
1		G		-78.78		175.08		67.56		84.94		-145.05		-78.93		-164.03		168.76		-151.46
2		A		-67.06		174.09		57.81		90.21		-140.75		-80.42		-154.76		176.28		-143.3
3		C		-81.56		173.49		70.01		87.33		-139.47		-77.29		-162.61		169.2		-142.25
4		G		-82.3		177.57		71.8		91.14		-140.63		-77.8		-160.73		176.2		-148.27
5		A		-81.29		176.31		66.15		89.08		-140.34		-81.44		-160.84		174.03		-146.58
6		C		-70.15		172.56		61.36		90.87		-139.08		-76.15		-155.69		175.93		-146.63
7		U		-77.11		171.53		68.19		91.04		-138.17		-76.99		-157.13		175.72		-138.59
8		G		-90.5		177.43		73.2		97.05		-136.85		-81.78		-152.7		178.85		-156.65
9		A		-99.74		175.04		83.85		92.41		-136.24		-83.76		-159.09		173.6		-152.82
10		A		-73.8		174.05		62.94		95.99		-136.36		-81.39		-152.39		174.93		-146.7
11		C		-75.13		175.16		67.77		84.93		-143.46		-77.4		-162.83		170.26		-143.04
12		C		-73.97		177.56		69.32		89.39		-144.25		-74.72		-156.73		179.86		-149.05
13		G		-81.67		175.71		73.12		87.36		-141.16		-84.81		-159.64		174.81		-157.03
14		A		-68.75		173.78		62.67		95.42		-134.6		-79.15		-152.24		-175.18		-144.95
15		A		-80.82		173.25		71.51		94.01		-135.52		-85.14		-156.1		174.53		-149.69
16		A		-74.51		178.46		76.21		99.44		-135.04		-84.27		-148.29		-179.87		-152.1
17		G		-91.48		173.58		89.07		91.43		-136.67		-81.94		-161.6		171.88		-147.32
18		G		-70.45		172.27		66.0		99.44		-134.07		-80.79		-148.29		-172.31		-141.83
19		U		-74.55		179.43		72.91		97.34		-134.01		-85.32		-152.45		-177.13		-145.21
20		U		-66.83		176.98		69.48		101.43		-135.08		-83.78		-146.88		-169.34		-157.4
21		C		-101.93		176.73		78.18		92.89		-138.04		-80.35		-160.78		172.55		-152.0
22		U		-59.86		175.3		56.55		94.54		-140.29		-77.8		-147.92		-175.4		-147.5
23		U		-73.58		177.77		68.89		90.05		-137.39		-83.19		-156.84		174.21		-147.34
24		G		-68.85		175.39		69.83		95.97		-139.3		-77.8		-156.19		-176.98		-153.62
25		G		-82.84		176.13		77.02		86.73		-140.28		-79.1		-166.57		173.31		-142.56
26		C		-62.89		175.87		58.41		87.67		-142.43		-73.67		-155.46		177.31		-141.82
27		U		-73.97		175.85		64.12		86.8		-138.63		-80.16		-158.0		170.17		-140.6
28		G		-73.5		177.97		69.08		93.03		-140.38		-78.66		-156.76		-179.12		-144.8
29		C		-74.98		172.6		61.31		87.47		-139.7		-76.43		-160.87		168.41		-138.38
30		U		-63.24		178.53		61.09		94.31		-136.54		-76.97		-150.88		177.85		-143.23
31		U		-72.75		176.2		67.63		95.59		-132.06		-83.46		-153.52		173.54		-137.93
32		C		-69.83		176.03		62.05		94.88		-139.46		-76.73		-154.87		173.26		-144.32
33		G		-72.61		177.04		70.3		90.78		-137.05		-82.59		-159.46		176.35		-138.13
34		G		-68.09		-176.3		64.4		96.82		-137.51		-85.01		-148.71		-178.51		-157.82
35		C		-71.97		174.11		71.73		86.54		-139.85		-76.44		-161.63		167.19		-151.44
36		A		-64.66		175.09		60.6		92.01		-142.68		-77.75		-155.48		-178.85		-143.03
37		G		-77.83		175.15		69.73		84.7		-142.24		-78.9		-165.79		167.38		-148.85
38		A		-65.49		172.94		60.92		89.14		-140.88		-72.14		-158.12		178.88		-145.43
39		G		-72.07		172.61		69.46		82.42		-141.86		-76.4		-166.79		167.54		-145.47
40		G		-63.46		173.61		56.19		88.78		-144.63		-76.73		-156.7		175.5		-143.66
41		U		-71.48		171.45		62.07		88.1		-139.86		-79.98		-159.52		171.24		-144.59
42		A		-70.25		179.62		65.72		97.16		-138.32		-79.98		-150.08		178.8		-149.68
43		C		-79.34		174.77		71.98		82.94		-141.85		-75.82		-164.95		166.99		-145.48
44		G		-64.73		173.57		60.07		90.14		-142.78		-78.39		-154.41		176.63		-148.2
45		U		-75.12		177.5		72.19		87.06		-140.49		-80.84		-162.26		174.67		-146.62
46		C		-63.8		174.58		61.59		88.21		-145.23		-73.21		-157.15		174.91		-148.9
47		C		-77.95		176.18		67.35		87.69		-140.82		-76.78		-161.27		173.53		-144.09
