No.	   Seq		 Alpha		 Beta		Gamma		Delta		 Epsilon	 Zeta		  Chi		  Eta		 Theta

0		G		-70.52		174.27		65.26		89.74		-141.49		-78.59		-159.34		178.4		-147.91
1		U		-73.58		174.56		63.77		90.51		-140.39		-75.52		-158.51		173.96		-146.89
2		C		-79.29		175.71		67.12		88.8		-141.84		-79.12		-159.57		167.54		-149.58
3		A		-74.25		176.06		66.81		85.68		-142.44		-78.71		-162.37		173.48		-145.81
4		C		-72.04		170.99		59.65		84.25		-143.43		-76.19		-160.73		167.4		-149.93
5		A		-72.08		174.28		63.3		90.4		-139.24		-79.01		-159.38		176.42		-149.42
6		A		-68.25		177.37		58.94		98.64		-133.6		-83.28		-150.02		-178.28		-146.3
7		C		-79.54		175.8		72.03		90.91		-138.72		-79.84		-160.04		167.25		-144.88
8		G		-72.97		176.04		73.48		94.16		-138.11		-76.78		-157.51		-178.95		-140.88
9		G		-83.28		176.61		76.6		88.84		-142.09		-78.0		-164.06		172.15		-149.88
10		C		-67.7		171.98		62.75		92.93		-138.07		-78.54		-153.62		-176.79		-147.08
11		U		-70.27		172.45		60.32		96.05		-136.31		-82.32		-155.49		-179.62		-145.0
12		U		-77.32		173.42		63.59		104.57		-133.11		-82.73		-146.78		-174.58		-142.59
13		C		-88.16		175.85		70.0		96.48		-137.42		-82.14		-153.79		-179.87		-155.61
14		C		-63.75		174.53		56.5		99.0		-134.38		-83.08		-147.12		-171.69		-155.93
15		U		-66.66		174.5		61.04		96.42		-136.75		-84.37		-152.6		-179.81		-148.66
16		G		-69.46		172.47		66.09		101.72		-137.74		-89.61		-147.07		-170.45		-160.54
17		A		-74.08		173.07		66.67		92.94		-137.92		-74.85		-157.47		176.55		-139.25
18		C		-66.74		174.16		64.84		89.21		-141.25		-83.31		-153.29		170.8		-153.65
19		G		-66.52		175.5		65.14		97.07		-133.61		-85.23		-149.26		-173.09		-142.84
20		U		-70.13		169.7		63.88		99.16		-136.64		-81.81		-150.08		-172.05		-155.38
21		G		-64.36		171.69		69.07		89.78		-141.41		-79.76		-159.53		179.55		-149.42
22		G		-68.41		173.97		60.2		93.66		-135.84		-72.71		-154.6		-177.29		-136.78
23		C		-77.38		175.51		70.7		92.94		-137.06		-83.02		-152.99		173.87		-147.84
24		A		-73.95		178.4		82.55		92.68		-139.0		-77.13		-152.21		-177.96		-150.62
25		G		-74.7		173.98		77.87		89.14		-141.77		-86.72		-158.53		175.34		-158.9
26		A		-68.12		171.57		65.0		100.74		-133.37		-77.44		-148.53		-174.42		-151.17
27		U		-62.25		174.73		66.24		96.98		-135.06		-79.54		-148.59		-179.68		-145.79
28		U		-69.77		178.3		60.49		98.97		-136.05		-82.37		-143.73		-178.5		-152.28
29		G		-82.24		170.17		70.84		89.91		-139.39		-77.39		-161.33		173.34		-148.16
30		A		-64.72		172.91		60.33		90.04		-142.41		-77.49		-154.16		-179.54		-152.29
31		A		-64.43		179.11		64.75		90.06		-136.62		-79.46		-155.06		178.72		-144.84
32		U		-62.11		172.31		66.33		97.17		-134.97		-74.94		-147.64		178.61		-140.06
33		U		-86.83		176.87		83.88		99.38		-133.87		-87.92		-153.0		175.69		-149.44
34		A		-66.5		173.01		67.14		96.28		-138.2		-78.47		-151.13		-175.54		-145.62
35		U		-70.52		176.58		62.79		96.53		-134.91		-79.68		-150.89		177.31		-152.04
36		U		-62.57		177.25		62.48		94.05		-142.36		-79.28		-153.02		-179.42		-151.85
37		G		-73.85		175.13		70.87		89.87		-140.56		-80.19		-158.26		172.82		-147.91
38		G		-66.39		174.41		67.61		91.06		-143.64		-76.97		-158.47		179.18		-153.96
39		A		-67.0		176.04		66.1		90.01		-141.32		-81.82		-157.88		-179.88		-151.63
40		G		-63.46		173.8		61.12		90.74		-142.3		-75.04		-156.68		179.2		-145.67
41		C		-79.39		175.15		69.14		88.58		-142.99		-78.5		-159.44		173.45		-146.22
42		A		-66.46		173.82		63.58		93.16		-142.46		-77.86		-154.5		-179.16		-151.15
43		A		-70.3		174.02		62.9		95.12		-138.66		-81.58		-153.64		178.37		-150.23
