No.	   Seq		 Alpha		 Beta		Gamma		Delta		 Epsilon	 Zeta		  Chi		  Eta		 Theta

0		G		-104.99		-179.5		100.21		82.72		-142.7		-84.9		-171.01		168.67		-160.69
1		U		-73.25		177.23		61.17		82.06		-144.94		-81.72		-165.85		170.33		-145.73
2		G		-81.19		177.31		61.78		75.37		-149.16		-77.76		-170.61		158.59		-141.72
3		G		-76.55		-176.65		65.45		78.35		-145.68		-81.2		-165.79		166.24		-142.04
4		A		-103.09		-176.9		61.53		94.21		-132.73		-82.07		-154.48		175.19		-134.1
5		A		-117.4		-175.08		87.75		99.04		-129.55		-82.74		-158.74		178.08		-140.55
6		A		-140.84		-177.75		78.91		113.45		-121.57		-86.72		-148.17		-123.59		-121.78
7		G		-80.67		179.41		65.93		104.22		-130.67		-84.43		-148.96		-174.4		-141.57
8		U		-79.25		-178.05		64.85		110.53		-124.29		-86.3		-137.95		-178.02		-114.62
9		G		173.51		-177.93		123.86		113.34		-127.96		-91.67		-150.76		-150.95		-142.04
10		G		-156.35		-173.37		104.05		93.18		-141.25		-78.59		-171.45		176.24		-145.69
11		C		-77.9		-175.75		57.39		78.49		-150.95		-73.59		-168.84		169.87		-147.96
12		C		-74.81		-177.06		55.24		70.96		-152.52		-75.36		-167.21		166.59		-142.07
13		C		-87.87		-179.92		55.64		73.51		-153.93		-73.92		-167.11		162.46		-144.25
14		G		-91.61		175.28		69.74		80.72		-147.68		-83.09		-165.94		168.94		-159.95
15		A		-90.28		178.91		64.31		98.34		-135.39		-92.65		-147.56		177.26		-158.72
16		A		-92.99		175.89		71.13		104.43		-130.51		-80.87		-148.14		166.73		-133.41
17		A		-101.35		-178.76		76.54		108.43		-125.91		-77.98		-144.9		171.66		-111.17
18		C		-91.14		-179.64		70.41		91.95		-139.41		-74.16		-155.83		156.12		-135.73
19		C		-82.97		-178.22		63.64		88.22		-142.01		-77.36		-153.83		172.92		-141.78
20		C		-71.84		-178.51		59.94		88.64		-141.41		-79.93		-157.13		179.66		-148.48
21		U		-69.78		174.56		58.14		98.6		-136.15		-80.88		-146.73		179.49		-145.8
22		U		-108.56		-178.46		89.08		93.82		-138.36		-78.91		-155.63		170.53		-144.8
23		C		-87.59		175.02		70.26		87.73		-143.21		-75.23		-159.0		158.87		-143.24
