No.	   Seq		 Alpha		 Beta		Gamma		Delta		 Epsilon	 Zeta		  Chi		  Eta		 Theta

0		G		-77.09		175.92		66.88		92.67		-143.04		-80.22		-153.96		177.32		-143.96
1		U		-72.52		173.86		64.93		94.73		-138.6		-78.43		-152.14		-178.37		-146.44
2		A		-77.81		178.27		68.73		95.37		-140.19		-80.12		-155.35		176.6		-141.95
3		C		-72.14		175.38		60.49		92.33		-142.2		-79.58		-152.94		175.55		-147.22
4		U		-67.86		178.42		54.58		89.33		-142.97		-80.08		-153.63		174.55		-146.0
5		G		-72.12		174.93		62.28		92.97		-141.33		-78.24		-152.97		179.12		-143.3
6		G		-79.68		177.57		63.87		92.41		-141.21		-84.22		-151.7		177.36		-150.11
7		A		-71.28		176.29		64.17		95.61		-139.53		-80.93		-150.61		-177.55		-148.53
8		A		-71.7		-178.38		73.24		95.42		-135.68		-81.35		-152.57		179.64		-142.48
9		C		-78.13		178.39		70.2		97.11		-139.16		-84.23		-148.86		-179.85		-155.26
10		A		-68.33		175.15		60.76		93.01		-137.27		-75.11		-153.04		179.72		-134.77
11		U		-70.55		177.34		63.64		96.43		-137.26		-80.64		-146.76		-179.3		-147.67
12		G		-68.86		177.07		68.36		102.59		-133.65		-85.32		-146.24		-167.79		-148.07
13		U		-74.7		178.59		64.62		99.02		-137.51		-81.57		-149.75		-175.16		-146.0
14		U		-65.68		178.54		65.38		104.9		-134.09		-90.53		-144.0		-172.94		-148.9
15		U		-70.33		179.23		63.93		97.72		-135.85		-79.7		-145.11		-177.98		-143.65
16		C		-83.92		175.98		70.93		96.33		-141.29		-86.19		-151.89		175.68		-161.14
17		A		-69.87		178.84		68.53		97.8		-138.34		-84.72		-149.41		-171.85		-150.87
18		U		-68.22		179.04		67.24		98.82		-138.68		-84.1		-149.7		-174.17		-156.32
19		G		-68.44		177.82		69.78		102.36		-135.71		-85.48		-146.92		-171.24		-149.58
20		U		-69.24		179.62		64.08		99.12		-138.54		-76.74		-152.91		-174.88		-142.7
21		G		-69.81		178.41		61.14		96.52		-140.28		-80.86		-150.43		178.27		-147.76
22		G		-81.05		178.5		63.87		96.53		-138.37		-80.93		-153.03		-174.01		-151.93
23		A		-71.14		173.44		63.26		99.31		-139.62		-80.36		-148.78		-179.25		-148.51
24		A		-72.23		178.39		66.66		97.22		-136.3		-82.35		-150.03		-173.29		-141.49
25		G		-72.05		176.48		62.96		96.23		-139.68		-77.69		-151.61		178.68		-143.84
26		U		-73.33		-179.28		64.9		96.35		-138.73		-80.36		-150.21		176.83		-146.73
27		A		-68.56		179.47		63.01		94.38		-142.76		-78.23		-151.33		179.47		-145.76
28		C		-70.91		178.7		61.66		93.72		-140.46		-80.04		-150.59		173.69		-150.32
