No.	   Seq		 Alpha		 Beta		Gamma		Delta		 Epsilon	 Zeta		  Chi		  Eta		 Theta

0		U		-67.58		169.75		61.93		96.24		-136.22		-79.58		-149.34		-174.44		-155.85
1		U		-71.57		172.33		61.96		91.51		-142.48		-80.95		-153.52		-177.9		-155.07
2		A		-73.72		169.3		58.1		91.95		-141.71		-73.14		-153.09		-175.28		-151.19
3		C		-69.46		172.33		58.05		89.34		-143.25		-76.82		-153.12		172.54		-143.38
4		U		-66.7		168.81		59.5		93.85		-140.11		-83.48		-148.32		-170.75		-165.11
5		G		-62.29		176.21		51.4		94.05		-138.85		-77.78		-153.32		-176.83		-146.66
6		U		-62.4		166.89		51.27		96.17		-138.72		-62.93		-150.3		-173.5		-144.54
7		G		-70.62		174.61		54.03		92.83		-138.23		-88.96		-148.64		170.65		-153.93
8		A		-65.2		169.42		53.66		93.81		-136.97		-73.94		-149.34		-177.25		-151.99
9		G		-66.69		170.24		60.78		93.35		-134.78		-70.62		-153.73		175.19		-148.8
10		A		-69.83		169.79		60.45		93.6		-137.8		-75.88		-152.98		-169.14		-146.79
11		A		-68.99		173.29		53.68		95.52		-132.3		-76.45		-149.53		178.79		-143.5
12		U		-64.28		170.52		54.67		97.35		-134.55		-74.34		-146.92		-175.34		-156.29
13		C		-70.73		171.02		55.19		92.64		-139.82		-70.63		-149.81		175.59		-147.09
14		A		-70.46		175.29		58.85		91.69		-143.84		-75.12		-154.8		175.3		-151.6
15		G		-67.33		173.54		61.01		97.46		-133.69		-71.38		-149.48		-170.54		-147.66
16		U		-62.47		174.63		51.2		102.09		-133.81		-78.78		-141.91		-174.8		-157.05
17		A		-75.5		167.39		60.29		100.14		-137.67		-67.68		-147.54		-172.79		-143.98
18		A		-78.45		173.8		59.73		106.6		-132.95		-79.68		-144.18		-168.86		-160.66
19		C		-67.04		172.03		63.93		97.38		-135.27		-76.38		-143.41		-169.02		-165.18
20		A		-74.42		175.71		57.67		96.92		-136.06		-80.3		-145.24		-166.99		-152.31
21		A		-65.36		169.78		51.9		108.46		-133.37		-76.73		-141.64		-159.56		-153.16
22		A		-63.84		169.89		55.05		96.91		-134.96		-61.72		-148.68		-174.8		-143.76
23		C		-70.86		169.76		57.52		99.9		-139.92		-80.15		-142.7		-179.92		-150.82
24		A		-68.48		176.5		58.53		101.98		-137.65		-70.88		-143.87		-169.97		-146.56
25		U		-64.16		170.47		66.87		98.14		-137.97		-74.74		-146.91		-162.4		-159.77
26		G		-65.57		170.09		51.7		97.52		-140.41		-78.93		-143.43		-175.47		-166.01
27		U		-64.42		171.7		55.48		101.31		-141.1		-70.5		-148.1		-174.94		-160.07
28		G		-63.61		171.4		57.31		101.7		-138.86		-72.56		-145.26		-162.01		-157.15
29		G		-72.76		179.78		67.37		91.83		-144.01		-73.11		-156.25		-172.84		-154.98
30		G		-66.9		170.45		53.87		91.25		-144.35		-73.6		-154.69		-172.24		-139.5
31		G		-69.13		173.06		61.5		92.35		-142.68		-73.04		-154.9		-174.95		-156.95
32		C		-63.46		171.89		52.89		89.25		-149.3		-68.08		-154.14		-165.11		-149.54
33		U		-69.27		167.27		49.4		94.78		-144.54		-71.84		-147.67		-176.09		-146.49
34		U		-71.31		173.92		48.26		108.53		-130.96		-87.6		-135.14		-155.75		-136.89
35		A		-70.71		171.3		49.91		104.51		-128.12		-70.53		-138.21		-161.01		-134.53
36		U		-79.51		-179.95		58.23		110.13		-128.13		-95.81		-143.0		-147.8		-164.36
37		A		-54.54		178.4		48.91		107.85		-131.94		-77.44		-135.2		-166.22		-142.71
38		U		-69.57		-179.25		56.06		106.48		-129.26		-72.35		-138.97		-161.46		-131.37
39		C		-63.99		173.85		52.69		98.36		-140.79		-68.52		-144.61		179.08		-128.36
40		U		-67.47		-179.61		56.41		101.99		-135.62		-82.06		-143.24		-173.66		-160.94
41		A		-67.65		173.46		54.42		95.35		-146.13		-76.6		-147.91		-178.82		-151.23
42		A		-68.44		169.78		57.9		99.85		-136.41		-65.36		-146.2		-175.6		-139.29
43		U		-59.76		173.36		55.8		92.68		-143.78		-72.77		-147.2		177.25		-142.08
44		C		-67.14		178.71		52.57		94.06		-138.87		-74.63		-145.14		178.48		-150.97
45		G		-65.71		167.44		58.03		92.41		-143.71		-72.53		-158.23		179.07		-153.16
46		A		-65.17		170.76		56.54		90.39		-144.94		-73.04		-148.67		-175.37		-159.64
47		A		-61.57		172.29		59.53		89.8		-144.53		-76.94		-150.94		-178.76		-150.64
48		A		-67.94		171.34		58.13		95.88		-145.85		-66.11		-145.43		177.65		-143.58
49		G		-73.37		173.73		84.23		99.59		-142.45		-85.36		-150.97		-170.22		-176.75
50		A		-60.14		-176.36		60.64		98.85		-146.21		-75.32		-144.36		-166.22		-149.33
51		U		-61.29		179.3		63.89		103.09		-134.73		-79.04		-143.66		-169.3		-159.73
52		U		-59.41		173.08		51.55		106.93		-133.69		-84.55		-135.13		-167.45		-145.69
53		A		-73.62		-176.94		65.3		102.61		-134.74		-73.99		-145.67		-159.15		-151.41
54		G		-68.6		-177.43		65.33		100.8		-140.88		-77.76		-143.46		-169.01		-146.15
55		U		-66.58		-178.22		65.59		104.48		-134.5		-89.21		-140.68		-165.44		-161.63
56		A		-60.92		-178.13		66.6		106.54		-133.04		-84.77		-138.94		-158.93		-150.91
57		U		-67.04		172.09		59.63		107.5		-132.04		-76.34		-138.75		-163.75		-149.05
58		U		-62.8		177.29		54.79		106.68		-135.29		-84.54		-136.25		-178.23		-171.79
59		A		-68.45		174.54		58.08		101.56		-133.79		-73.58		-144.07		-165.32		-145.28
60		G		-62.65		176.44		54.03		101.73		-139.66		-73.46		-148.82		-167.34		-149.05
61		U		-60.58		173.57		49.7		100.4		-142.06		-70.35		-142.54		-174.68		-141.75
62		G		-66.87		-170.58		63.18		99.1		-144.35		-75.42		-148.33		-171.5		-153.28
63		C		-67.6		171.51		59.98		98.85		-139.5		-70.9		-147.4		179.66		-153.67
64		A		-61.88		173.98		56.72		96.1		-141.81		-72.06		-151.31		-170.5		-148.68
65		G		-71.1		173.46		65.27		98.1		-141.68		-80.91		-144.93		-179.64		-149.08
66		A		-72.63		175.76		61.2		100.84		-139.36		-67.64		-149.16		-176.52		-138.25
67		C		-70.24		173.48		70.72		94.74		-141.38		-73.3		-151.91		172.11		-151.92
68		G		-62.43		-175.68		58.78		101.93		-139.7		-83.52		-145.17		-170.46		-154.4
69		U		-60.76		173.96		48.07		106.65		-131.44		-75.43		-138.21		-171.26		-142.66
70		U		-62.88		173.08		57.1		105.35		-135.33		-77.38		-137.17		-174.37		-152.57
71		A		-70.87		173.03		65.78		96.17		-137.26		-79.13		-147.64		177.18		-151.42
72		A		-68.27		173.84		62.13		100.22		-139.43		-70.55		-145.12		174.9		-154.96
73		A		-61.82		172.93		59.18		96.19		-138.84		-80.02		-148.58		-178.2		-144.94
74		A		-61.08		176.0		63.5		93.8		-144.29		-67.38		-151.01		176.53		-139.89
75		C		-67.4		171.51		60.69		88.42		-144.83		-70.48		-156.67		170.74		-140.96
76		C		-65.59		170.74		54.29		89.52		-150.45		-74.73		-151.66		174.72		-154.89
77		A		-62.36		174.38		52.19		90.64		-145.48		-77.89		-151.23		176.15		-148.41
78		U		-65.84		173.43		60.71		90.55		-145.3		-75.39		-153.18		172.38		-143.74
79		G		-62.75		169.28		55.42		95.55		-142.84		-78.06		-151.67		177.04		-142.43
80		U		-67.01		177.51		61.98		94.75		-141.77		-73.84		-151.41		175.92		-149.92
81		C		-62.61		171.34		56.94		92.37		-145.56		-79.53		-153.91		-179.27		-148.59
