No.	   Seq		 Alpha		 Beta		Gamma		Delta		 Epsilon	 Zeta		  Chi		  Eta		 Theta

0		A		-71.28		174.67		57.8		94.96		-146.85		-60.56		-154.49		-176.51		-126.2
1		G		-67.43		169.61		63.27		83.63		-149.62		-78.23		-157.35		176.13		-153.1
2		A		-70.76		172.63		59.94		92.25		-142.5		-90.13		-144.19		-175.46		-173.34
3		A		-67.92		171.59		69.83		98.98		-130.22		-90.23		-148.95		-162.79		-155.76
4		A		-61.27		175.0		55.0		109.95		-130.55		-61.85		-126.77		-161.36		-111.52
5		U		-60.02		171.92		51.95		108.5		-134.95		163.61		-139.79		-169.23		135.24
6		C		-54.2		176.97		61.71		95.11		-137.92		-73.32		-144.71		-159.43		-158.59
7		C		-59.71		167.13		55.65		82.06		-147.33		-71.9		-162.29		-177.38		-148.0
8		G		-53.25		-178.08		58.77		91.15		-154.16		-73.25		-150.13		-169.76		-143.95
9		U		-72.75		178.16		61.68		87.16		-144.69		-88.7		-160.76		174.28		-162.06
10		C		-49.52		172.13		67.81		90.64		-148.74		-79.82		-151.51		-178.74		-156.34
11		U		-63.92		171.03		56.38		87.04		-143.81		-76.97		-159.21		170.01		-138.68
12		U		-51.77		172.7		40.97		107.92		-140.57		-76.13		-132.72		-161.11		-132.16
13		U		-90.07		175.45		53.12		98.92		-125.27		-62.09		-146.49		165.36		-132.19
14		C		-62.69		176.71		54.21		88.83		-153.32		-76.86		-160.86		178.19		-154.57
15		A		-58.5		176.39		58.89		96.04		-132.92		-80.6		-150.17		-169.21		-162.53
16		U		-52.25		-178.95		45.14		109.17		-134.0		-51.91		-135.08		-164.54		-148.24
17		U		-71.2		171.33		59.35		104.88		-122.15		-70.08		-137.33		161.39		-90.26
18		G		-82.04		-174.76		73.79		103.78		-137.37		-88.5		-154.69		-168.63		168.49
19		A		-70.04		173.65		68.46		95.61		-130.75		-73.32		-156.13		179.24		-134.13
20		C		-74.64		-173.77		51.93		91.24		-148.22		-61.24		-153.0		169.1		-163.61
21		G		-68.43		175.46		65.58		82.21		-148.5		-76.25		-159.62		173.74		-139.19
22		G		-95.56		179.22		52.65		104.26		-138.6		-79.37		-152.74		-156.78		-167.62
23		A		-65.71		166.24		56.92		96.39		-139.81		-80.41		-153.06		179.73		-151.57
24		A		-85.96		-177.26		59.75		110.33		-122.3		-63.78		-133.48		173.71		-139.12
25		C		-72.41		171.1		70.48		93.68		-139.74		-93.52		-147.6		167.47		-164.48
26		A		-90.64		-179.18		78.73		116.49		-125.89		-77.39		-135.23		-146.64		-156.38
27		G		-68.43		168.92		64.32		104.19		-136.86		-95.37		-149.12		-173.92		-167.84
28		A		-62.28		175.74		47.83		113.6		-130.33		-54.56		-133.97		-165.62		-116.3
29		G		-63.98		168.85		78.46		95.25		-133.96		-78.65		-152.97		-172.86		-149.59
30		C		-71.14		176.25		56.03		108.94		-134.47		-105.58		-127.06		-179.06		-172.14
31		A		-76.03		-176.95		99.87		93.65		-139.28		-75.76		-156.28		-167.01		-162.83
32		A		-63.71		168.12		54.0		102.43		-135.61		-64.54		-138.25		-176.87		-129.99
33		G		-74.48		174.47		86.61		91.98		-140.23		-71.4		-162.73		177.75		-161.03
34		C		-69.06		171.82		56.28		86.62		-151.86		-72.65		-152.2		165.53		-144.48
35		A		-74.3		-177.22		62.07		95.96		-146.05		-76.1		-153.19		-177.33		-155.29
36		G		-60.93		166.69		63.46		86.1		-149.08		-70.37		-156.51		178.93		-148.34
37		G		-76.76		173.23		71.88		84.93		-147.36		-80.71		-165.25		176.96		-160.49
38		G		-56.37		172.92		51.65		91.14		-147.11		-73.47		-156.42		-179.32		-146.16
39		U		-66.42		169.44		56.93		97.81		-141.92		-70.99		-146.38		174.85		-148.15
40		G		-71.85		164.41		63.88		94.23		-142.7		-77.06		-154.43		179.77		-155.83
41		A		-89.53		170.53		60.76		95.26		-144.03		-75.17		-155.91		-179.64		-139.55
42		C		-66.09		175.6		54.86		98.44		-136.51		-76.89		-150.29		-173.33		-149.17
43		A		-63.29		178.54		54.87		103.97		-135.73		-75.07		-143.65		-159.1		-143.84
44		U		-62.22		166.78		54.17		104.51		-133.21		-74.19		-141.06		175.97		-146.51
45		U		-78.76		171.99		70.11		109.56		-135.38		-83.87		-137.71		172.21		-145.74
46		A		-73.73		-171.45		54.12		115.68		-127.6		-102.42		-136.14		-148.99		-148.7
47		U		-63.2		170.44		61.9		97.03		-139.33		-64.63		-150.7		168.84		-148.54
48		U		-63.45		169.94		63.38		92.92		-142.21		-79.6		-152.03		178.04		-151.25
