No.	   Seq		 Alpha		 Beta		Gamma		Delta		 Epsilon	 Zeta		  Chi		  Eta		 Theta

0		G		-70.33		173.91		63.0		91.83		-142.91		-69.9		-156.33		176.73		-138.32
1		G		-71.38		175.74		59.34		89.32		-145.32		-73.43		-159.69		174.71		-146.19
2		C		-72.66		171.42		57.3		93.12		-142.07		-69.88		-154.45		178.95		-144.51
3		A		-75.34		170.24		61.38		89.37		-146.24		-74.63		-154.61		173.55		-146.73
4		A		-77.4		176.66		72.58		97.87		-138.83		-84.62		-145.32		-174.8		-166.71
5		A		-69.33		173.68		65.81		92.38		-138.57		-75.74		-152.89		177.16		-148.53
6		C		-70.41		171.84		63.72		89.34		-139.62		-78.51		-153.26		175.98		-148.14
7		A		-63.7		177.16		57.89		97.85		-136.14		-80.09		-148.59		-174.5		-143.25
8		U		-67.56		170.7		55.45		96.69		-135.41		-71.4		-145.6		-174.99		-140.9
9		C		-71.82		175.87		62.35		94.31		-140.99		-80.64		-148.79		173.16		-157.39
10		A		-67.95		177.2		66.37		93.03		-139.16		-68.32		-152.18		-166.77		-149.72
11		U		-61.98		172.71		64.64		95.96		-141.14		-90.44		-148.96		-177.28		-171.83
12		U		-59.15		171.67		58.2		103.38		-133.64		-73.82		-140.76		-160.37		163.54
13		U		-70.7		170.06		65.47		100.07		-138.99		-81.37		-151.93		-173.9		-144.65
14		G		-73.42		176.82		63.85		97.84		-140.1		-81.71		-146.0		-174.33		-157.07
15		G		-65.83		174.89		62.74		91.65		-141.75		-76.17		-155.51		-175.23		-140.21
16		C		-67.29		172.87		56.88		91.57		-143.14		-73.46		-152.42		179.5		-146.22
17		C		-64.06		173.83		58.22		89.16		-147.55		-77.92		-156.85		-177.97		-153.13
18		U		-65.93		171.93		53.46		98.72		-139.07		-78.65		-143.99		-169.41		-152.88
19		U		-77.78		174.23		62.74		101.31		-136.06		-87.23		-144.27		-179.16		-161.45
20		A		-83.74		178.64		71.23		99.43		-134.55		-66.28		-142.97		179.56		-139.65
21		A		-68.24		177.88		66.92		102.53		-131.67		-93.56		-145.35		-176.18		-165.02
22		A		-51.41		178.2		58.93		107.09		-128.98		-71.61		-138.76		-160.51		-169.72
23		U		-62.97		-179.87		61.2		102.22		-136.45		-79.63		-145.47		-179.46		-147.97
24		G		-64.71		-179.96		54.9		98.26		-141.37		-66.1		-143.67		-177.76		-134.34
25		G		-78.66		177.9		76.77		90.82		-139.68		-74.88		-156.23		178.74		-150.46
26		G		-69.79		177.53		71.46		95.61		-138.67		-83.56		-148.03		-171.12		-171.55
27		A		-77.72		173.49		67.27		96.64		-138.48		-78.53		-150.15		-177.03		-150.99
28		U		-65.55		170.6		62.47		101.98		-133.69		-61.7		-142.61		-168.43		-135.95
29		U		-86.55		173.67		71.22		101.61		-129.96		-87.93		-145.76		178.59		-147.86
30		C		-71.7		175.2		54.65		105.63		-128.67		-82.39		-135.77		-162.5		-148.72
31		U		-73.78		169.44		62.45		98.38		-133.67		-87.59		-148.76		-174.28		-156.55
32		G		-62.02		-178.48		65.43		107.6		-134.29		-80.26		-139.89		-142.59		-163.06
33		U		-88.0		174.44		70.86		95.73		-137.09		-77.13		-151.81		172.26		-142.38
34		G		-79.03		-178.69		74.02		101.2		-136.16		-79.15		-146.22		-174.11		-146.21
35		A		-75.07		175.13		67.66		92.15		-138.16		-79.13		-152.35		172.88		-139.31
36		G		-72.7		175.35		67.28		94.17		-141.98		-78.68		-151.56		-178.61		-162.95
37		A		-74.84		176.57		66.97		96.77		-136.44		-87.22		-153.49		-177.08		-148.64
38		G		-65.05		-178.72		53.5		96.45		-138.23		-70.19		-147.83		-178.87		-139.81
39		G		-76.09		175.38		67.57		87.97		-139.44		-75.9		-161.33		175.27		-133.87
40		G		-79.47		-177.02		57.28		99.06		-139.11		-72.45		-148.15		-172.49		-152.67
41		G		-81.34		174.44		76.31		85.75		-141.71		-79.71		-165.12		172.58		-153.28
42		A		-69.33		173.85		50.09		101.9		-129.28		-78.27		-138.87		-164.55		-136.36
43		U		-81.32		167.16		68.69		90.12		-137.84		-74.64		-159.4		161.41		-141.13
44		C		-78.99		174.22		56.25		94.57		-139.69		-76.57		-146.96		176.38		-147.71
45		C		-84.4		176.1		69.73		84.34		-143.75		-77.85		-163.92		169.07		-154.62
46		C		-69.2		175.53		51.9		92.18		-146.39		-70.06		-148.88		177.19		-144.96
47		U		-69.9		176.64		58.57		90.04		-141.87		-78.49		-155.6		175.86		-145.14
48		C		-91.54		-176.13		59.49		96.76		-139.72		-60.25		-146.63		165.58		-135.25
49		C		-112.92		173.75		78.2		88.28		-138.05		-83.23		-163.29		163.9		-149.43
50		A		-73.75		177.9		56.26		107.52		-127.53		-87.54		-134.46		-170.66		-159.68
51		U		-80.62		170.25		68.07		93.11		-134.54		-75.34		-159.68		174.91		-135.82
52		U		-80.44		172.11		61.65		104.33		-131.01		-68.56		-138.97		-176.03		-143.11
53		G		-106.66		176.92		80.88		90.16		-137.58		-80.64		-162.02		164.3		-146.12
54		A		-72.03		174.71		60.76		98.39		-134.12		-74.09		-142.24		-168.22		-149.31
55		C		-85.68		172.87		76.19		85.37		-141.43		-75.48		-160.07		166.92		-151.81
56		A		-72.8		-179.95		72.0		91.32		-145.13		-70.43		-150.43		-177.7		-151.7
57		G		-90.81		174.96		86.64		85.24		-142.76		-82.81		-164.44		169.43		-157.14
58		C		-63.49		171.0		52.12		90.44		-149.49		-64.22		-148.45		175.25		-158.58
59		U		-68.65		173.25		63.82		85.23		-142.59		-77.02		-160.67		173.88		-142.35
60		G		-72.53		175.12		58.62		95.45		-148.23		-72.73		-147.33		-177.21		-161.57
61		G		-83.65		171.8		73.09		87.6		-142.06		-78.51		-163.47		170.79		-150.28
62		A		-65.65		-179.47		57.9		95.7		-144.37		-71.69		-146.75		-172.08		-153.81
63		C		-87.83		175.44		76.96		87.75		-138.91		-76.93		-159.78		165.39		-145.15
64		U		-57.69		176.09		63.34		102.43		-133.4		-84.63		-141.69		-157.33		-156.3
65		G		-92.81		172.78		77.36		91.98		-136.82		-83.56		-158.9		171.91		-145.45
66		U		-62.32		178.98		55.28		105.22		-133.27		-70.68		-139.05		-157.97		-136.64
67		U		-76.7		178.38		65.83		96.71		-132.31		-80.42		-148.05		178.28		-138.24
68		C		-72.53		-176.71		67.88		102.24		-135.16		-75.44		-141.63		-165.09		-148.71
69		U		-81.25		178.42		70.34		99.49		-133.76		-88.74		-148.42		-177.93		-155.61
70		U		-58.09		-176.89		54.8		104.06		-134.47		-70.96		-136.96		-162.78		-153.07
71		U		-75.74		173.26		70.36		92.05		-135.8		-75.83		-153.87		170.11		-154.39
72		G		-61.79		178.19		61.18		96.27		-143.95		-70.87		-146.82		-179.15		-156.74
73		G		-76.11		175.12		73.77		86.05		-141.41		-76.82		-163.51		171.05		-142.91
74		G		-63.21		175.77		57.64		92.18		-146.8		-70.53		-150.31		-178.35		-147.97
75		G		-73.21		174.32		74.29		86.45		-141.29		-74.64		-160.93		170.96		-143.93
76		C		-65.06		173.92		54.99		87.04		-149.17		-71.17		-153.59		174.0		-147.48
77		C		-71.4		174.32		63.94		84.77		-141.96		-80.32		-158.03		171.51		-147.67
78		U		-58.14		173.13		53.59		94.38		-138.27		-71.16		-143.38		-176.25		-142.81
79		U		-68.79		171.81		63.23		93.56		-137.04		-86.0		-150.03		175.77		-155.1
80		A		-56.22		176.77		57.99		103.14		-132.65		-66.99		-139.94		-170.79		-143.36
81		U		-69.63		-177.69		74.25		97.11		-136.57		-83.9		-152.68		178.78		-146.95
82		G		-57.56		177.45		60.75		98.07		-137.61		-78.31		-145.24		-178.04		-157.34
83		U		-65.37		173.08		67.31		89.32		-140.9		-76.49		-157.09		176.38		-145.8
84		G		-63.57		173.49		59.33		88.09		-149.39		-75.96		-155.03		176.88		-152.43
85		G		-71.95		177.39		63.94		86.5		-143.12		-77.77		-162.34		-179.1		-146.32
86		U		-65.74		174.57		58.51		89.73		-146.03		-69.46		-151.44		173.94		-147.92
87		G		-79.68		177.47		72.04		90.88		-139.66		-82.69		-157.8		177.46		-144.94
88		U		-61.29		172.44		53.92		90.27		-142.4		-71.82		-152.1		174.53		-143.55
89		U		-71.93		177.57		60.82		95.09		-135.77		-85.23		-152.81		178.97		-145.22
90		U		-63.27		174.07		60.09		92.29		-139.14		-78.06		-150.76		176.27		-148.22
91		G		-71.59		174.92		62.31		90.47		-140.78		-78.25		-154.85		171.4		-146.9
