No.	   Seq		 Alpha		 Beta		Gamma		Delta		 Epsilon	 Zeta		  Chi		  Eta		 Theta

0		G		-73.77		169.77		65.4		89.84		-142.66		-72.91		-162.37		177.35		-139.58
1		G		-78.14		173.98		71.99		93.56		-140.55		-74.51		-158.8		-178.14		-153.1
2		C		-73.57		174.71		73.11		90.6		-140.15		-81.76		-157.37		179.87		-156.32
3		U		-65.6		171.75		63.99		89.52		-139.49		-79.56		-157.56		179.41		-150.13
4		U		-76.06		174.22		67.73		91.28		-139.89		-87.3		-159.99		175.3		-149.48
5		G		-71.6		178.18		66.31		93.63		-137.36		-81.77		-155.45		-176.14		-149.86
6		G		-70.19		175.34		60.58		87.6		-142.67		-82.99		-159.21		172.59		-146.8
7		G		-64.73		174.21		56.24		100.19		-134.67		-81.94		-148.46		-167.14		-149.0
8		G		-104.57		178.27		89.26		92.56		-138.22		-82.56		-162.54		179.09		-145.26
9		A		-78.7		178.53		62.49		92.84		-138.04		-82.91		-154.2		-178.54		-150.41
10		G		-72.7		172.16		63.47		84.01		-141.0		-78.8		-163.93		168.65		-145.48
11		U		-65.8		173.88		50.53		95.17		-134.71		-83.57		-147.33		177.89		-145.44
12		A		-87.9		176.84		67.17		93.91		-136.81		-78.99		-154.94		171.62		-134.78
13		G		-69.69		172.01		59.07		92.76		-136.41		-70.33		-155.15		176.13		-130.66
14		C		-75.49		-179.88		66.05		90.81		-135.87		-80.64		-159.06		176.01		-142.63
15		C		-65.65		175.46		54.87		86.48		-138.6		-71.23		-155.7		175.98		-138.75
16		U		-70.95		172.08		62.5		87.55		-141.34		-77.86		-157.43		172.34		-146.8
17		G		-70.5		169.25		63.21		95.03		-136.37		-64.13		-152.35		176.84		-151.64
18		C		-75.78		172.86		65.65		85.71		-140.42		-79.08		-159.09		172.9		-138.96
19		U		-66.64		171.88		58.75		96.94		-130.36		-72.18		-145.7		-179.28		-141.47
20		U		-76.82		176.42		68.21		94.95		-134.13		-84.15		-156.93		173.97		-144.74
21		U		-67.54		174.19		59.48		90.94		-138.49		-70.27		-155.78		175.15		-141.05
22		C		-80.99		173.57		66.2		85.54		-142.04		-77.15		-163.57		162.72		-138.78
23		G		-65.21		177.51		60.38		90.04		-139.65		-75.5		-150.83		-178.59		-147.6
24		G		-95.44		178.93		91.95		90.6		-135.83		-84.51		-160.26		173.97		-155.14
25		A		-70.06		164.34		62.65		90.25		-139.36		-71.25		-155.79		170.5		-142.76
26		A		-86.69		175.2		90.7		90.97		-135.81		-81.97		-162.78		171.24		-148.34
27		A		-64.27		175.44		62.76		93.5		-136.63		-70.25		-151.62		-176.14		-144.18
28		C		-78.36		171.76		65.74		88.83		-135.86		-75.15		-156.85		170.24		-146.99
29		G		-61.98		173.53		58.01		94.59		-138.79		-78.17		-147.38		-168.12		-151.27
30		A		-92.26		177.94		68.62		97.83		-130.5		-92.6		-152.56		-174.39		-159.53
31		A		-60.11		170.91		63.8		96.8		-137.68		-77.28		-148.15		-177.25		-176.47
32		A		-74.83		173.94		68.86		89.81		-139.24		-76.96		-158.77		174.78		-144.8
33		G		-62.36		174.26		67.57		89.74		-145.99		-73.21		-152.36		176.78		-149.91
34		C		-77.12		168.18		71.33		81.14		-143.36		-78.98		-163.85		172.35		-149.09
35		G		-62.37		170.63		74.54		88.52		-147.89		-73.91		-161.18		-168.69		-164.55
36		C		-74.53		176.13		61.17		84.8		-145.05		-76.29		-164.51		177.65		-147.57
37		C		-62.04		174.61		59.59		85.64		-146.64		-63.17		-159.32		178.62		-141.1
38		U		-79.98		174.34		65.79		87.25		-138.91		-81.44		-158.3		168.11		-146.65
39		G		-60.52		172.08		58.03		95.17		-144.38		-65.57		-151.1		-176.33		-161.34
40		U		-77.22		167.38		66.19		86.79		-140.0		-73.85		-162.97		169.02		-138.72
41		A		-75.35		-179.53		68.34		98.96		-138.61		-71.8		-148.01		179.65		-153.13
42		U		-88.39		177.32		77.22		90.33		-135.13		-74.72		-161.76		165.25		-137.6
43		C		-65.87		171.54		51.58		87.63		-149.2		-66.34		-152.23		169.09		-155.73
44		A		-73.8		170.83		55.92		84.35		-142.84		-76.68		-162.96		169.32		-141.75
45		A		-59.18		177.85		53.31		89.9		-144.6		-63.48		-149.82		177.38		-141.52
46		C		-84.72		175.21		71.76		84.7		-138.59		-78.63		-161.82		160.93		-145.5
47		A		-64.73		174.49		61.84		97.5		-138.87		-63.5		-148.73		172.53		-138.67
48		U		-75.65		167.93		65.94		89.76		-138.42		-72.8		-163.09		171.15		-145.37
49		A		-64.11		171.63		61.8		96.64		-139.23		-66.66		-148.97		178.99		-156.14
50		C		-70.98		164.68		59.45		84.9		-142.04		-76.59		-160.83		165.28		-145.91
51		U		-63.58		174.79		64.94		97.49		-141.3		-78.01		-145.71		174.67		-163.75
52		C		-69.56		168.63		65.5		83.61		-143.92		-78.99		-165.86		174.76		-147.64
53		G		-66.7		173.98		67.12		90.49		-147.91		-76.77		-157.04		176.3		-166.77
54		G		-75.3		175.74		78.85		85.8		-141.79		-76.62		-169.4		179.63		-137.95
55		C		-68.0		173.46		61.26		86.86		-148.34		-71.87		-152.08		171.45		-152.37
56		G		-94.18		172.82		89.35		87.42		-139.57		-84.76		-162.85		169.56		-158.45
57		A		-67.02		173.68		64.61		97.47		-140.15		-82.17		-147.24		-176.17		-166.57
58		A		-79.66		169.02		69.21		92.76		-134.12		-78.44		-159.77		172.58		-138.43
59		A		-64.11		176.8		66.04		100.14		-134.08		-70.85		-144.49		-170.13		-133.58
60		G		-81.55		175.21		80.39		87.59		-139.18		-74.65		-165.6		166.96		-142.98
61		C		-60.7		175.09		57.11		96.42		-139.03		-73.09		-145.43		-172.73		-146.86
62		C		-75.25		175.81		66.95		85.35		-140.67		-78.52		-162.82		168.84		-140.22
63		G		-62.25		178.89		60.6		97.38		-140.67		-79.24		-148.92		-176.11		-158.94
64		U		-73.27		171.5		62.52		85.74		-141.05		-74.22		-161.56		167.56		-146.46
65		G		-65.08		173.16		62.65		98.33		-138.58		-82.15		-144.65		175.27		-152.68
66		G		-78.39		173.81		68.66		85.72		-140.29		-77.03		-166.12		166.16		-144.84
67		U		-57.26		173.7		50.51		99.44		-137.78		-83.82		-145.32		-175.87		-144.28
68		G		-92.46		177.71		74.72		86.91		-138.15		-75.35		-165.3		172.6		-141.85
69		C		-71.43		168.83		57.98		89.82		-144.65		-74.4		-154.89		169.88		-147.45
70		A		-67.08		170.74		61.02		86.01		-138.56		-72.61		-160.64		170.84		-138.66
71		G		-68.3		172.43		58.65		96.92		-136.16		-83.71		-149.97		179.5		-144.46
72		G		-90.82		169.63		75.53		86.25		-141.26		-77.98		-166.53		159.98		-143.37
73		A		-69.01		173.07		60.31		93.94		-139.92		-77.4		-153.89		174.1		-134.84
74		C		-81.98		178.04		80.11		83.49		-140.78		-76.34		-163.54		162.71		-146.43
75		C		-68.02		172.74		54.12		89.59		-138.99		-75.82		-152.99		171.44		-143.32
76		G		-72.37		176.19		65.71		85.27		-141.45		-83.22		-161.25		169.79		-148.91
77		A		-72.55		176.42		61.57		93.06		-135.21		-82.64		-153.22		178.28		-141.61
78		A		-90.37		175.93		81.01		88.4		-136.96		-78.09		-161.73		163.67		-147.99
79		A		-68.18		176.62		71.72		94.48		-135.75		-79.87		-155.52		177.36		-139.52
80		G		-81.69		176.0		77.47		88.2		-139.49		-78.43		-164.19		172.14		-141.83
81		G		-68.16		171.21		64.53		95.43		-136.44		-79.86		-154.94		-178.33		-139.33
82		U		-74.18		175.19		68.77		90.53		-137.75		-80.17		-158.07		173.74		-143.44
83		C		-66.88		171.73		60.51		92.33		-142.31		-81.53		-153.58		177.03		-160.06
84		U		-83.1		176.21		70.09		89.72		-139.31		-79.09		-158.9		169.92		-149.47
85		G		-73.41		179.94		68.97		87.82		-142.88		-81.77		-162.04		176.57		-153.04
86		G		-70.55		177.05		67.66		86.55		-139.43		-75.51		-163.46		170.62		-141.9
87		C		-77.88		175.41		69.42		88.36		-139.96		-75.19		-161.72		169.78		-144.21
88		G		-85.24		177.92		80.3		89.47		-140.31		-87.16		-160.52		172.41		-155.76
89		A		-81.32		177.47		65.99		92.87		-138.26		-76.38		-157.71		176.44		-140.5
90		G		-83.94		173.96		67.31		89.1		-139.84		-78.66		-159.32		167.14		-145.77
91		A		-73.14		178.37		63.54		90.1		-138.94		-77.12		-160.73		179.3		-139.76
92		C		-75.62		176.24		65.16		85.72		-143.67		-72.9		-161.61		164.54		-146.19
93		C		-77.79		-179.38		67.64		92.38		-139.9		-86.49		-156.58		-179.66		-152.86
94		A		-73.13		176.87		67.74		85.34		-141.67		-75.22		-163.52		169.26		-142.01
95		G		-76.21		177.05		70.52		92.96		-135.28		-80.39		-157.3		177.44		-144.11
96		G		-81.93		176.25		69.99		88.98		-139.62		-78.76		-162.31		172.14		-143.74
97		C		-74.01		174.62		62.89		88.48		-142.57		-78.01		-158.19		169.85		-149.62
98		C		-82.27		174.76		70.29		88.87		-141.43		-81.36		-158.25		170.1		-151.25
