No.	   Seq		 Alpha		 Beta		Gamma		Delta		 Epsilon	 Zeta		  Chi		  Eta		 Theta

0		G		-72.09		174.32		61.02		94.5		-137.16		-79.04		-151.75		179.95		-152.6
1		G		-70.76		174.58		61.03		96.62		-135.84		-79.43		-152.46		-179.73		-149.79
2		C		-69.97		173.56		58.89		92.99		-138.26		-73.07		-150.85		-178.67		-148.75
3		A		-71.08		175.55		59.71		95.97		-136.53		-79.19		-149.43		-176.25		-145.51
4		G		-71.08		174.47		60.58		95.0		-135.96		-73.21		-150.44		-176.49		-150.44
5		U		-72.85		174.4		64.08		96.14		-135.01		-82.8		-150.73		-177.15		-157.57
6		A		-67.18		174.65		53.36		99.99		-132.33		-71.23		-141.7		-172.67		-140.62
7		U		-71.6		173.4		58.35		100.92		-132.06		-81.42		-143.98		-178.4		-153.29
8		A		-71.53		175.72		56.71		106.09		-126.67		-81.04		-138.13		-167.43		-144.04
9		G		-71.35		173.52		59.25		99.05		-131.91		-76.03		-147.91		-169.27		-148.57
10		U		-68.43		173.62		53.89		97.3		-138.32		-69.95		-146.31		-173.43		-143.27
11		C		-71.42		174.01		54.64		94.99		-138.26		-78.4		-148.38		-173.64		-155.84
12		C		-70.23		177.54		58.55		91.06		-142.84		-72.59		-150.37		-176.17		-150.77
13		G		-75.56		170.32		58.54		94.32		-138.7		-77.84		-150.06		-176.21		-152.24
14		A		-66.19		173.65		55.24		97.71		-138.04		-75.45		-142.97		-175.16		-149.72
15		A		-72.85		173.74		62.33		98.44		-132.86		-75.58		-146.05		-176.52		-143.15
16		C		-67.56		174.65		58.89		99.6		-137.48		-77.0		-142.13		-178.31		-151.41
17		U		-65.83		174.12		56.12		99.55		-135.57		-74.5		-144.75		-173.85		-145.5
18		G		-67.72		176.19		56.85		100.71		-137.48		-72.38		-142.89		-167.74		-149.71
19		C		-72.7		173.97		56.18		100.12		-133.29		-77.21		-141.68		-172.65		-159.57
20		A		-62.97		178.01		60.01		99.41		-137.55		-73.42		-141.14		-168.57		-160.12
21		A		-74.42		172.89		66.47		100.65		-132.38		-86.25		-140.86		-170.83		-159.55
22		A		-62.04		175.13		62.34		99.58		-138.79		-61.57		-145.05		-174.16		-150.85
23		U		-66.86		174.14		63.24		95.97		-136.77		-73.84		-144.72		-178.37		-143.72
24		C		-62.85		178.49		55.57		94.8		-145.54		-69.0		-146.21		-178.36		-156.67
25		U		-61.94		168.95		52.92		93.08		-140.97		-64.62		-147.87		-170.47		-144.15
26		U		-67.52		176.93		55.43		95.59		-146.76		-76.1		-143.35		-178.54		-156.91
27		A		-64.87		174.28		55.98		95.48		-140.47		-71.87		-142.68		-175.29		-151.91
28		U		-61.41		176.25		61.39		98.69		-138.78		-74.91		-144.91		-173.88		-154.22
29		U		-60.52		173.61		59.04		98.31		-138.25		-77.69		-144.17		-172.89		-151.24
30		U		-58.83		176.6		55.73		97.56		-141.76		-68.6		-144.23		-172.64		-145.1
31		U		-65.15		172.79		57.18		97.49		-139.18		-72.12		-144.8		-177.15		-141.52
32		C		-63.98		178.76		56.69		97.16		-142.02		-70.21		-145.59		-173.26		-153.58
33		U		-62.01		179.8		58.58		98.09		-140.18		-72.15		-143.85		-169.29		-154.45
34		U		-62.2		177.64		54.84		100.67		-141.25		-73.77		-140.28		-173.84		-152.19
35		U		-61.28		176.78		58.25		98.67		-139.54		-72.69		-143.93		-174.46		-151.73
36		U		-59.81		177.86		58.06		99.45		-137.3		-71.42		-144.52		-176.34		-140.53
37		C		-67.25		-179.06		62.27		94.33		-145.05		-72.56		-147.33		178.34		-154.33
38		A		-63.56		178.68		58.22		95.85		-142.25		-70.52		-146.84		-176.44		-147.04
39		C		-64.59		179.11		62.74		90.91		-146.04		-69.59		-150.61		179.86		-149.49
40		C		-61.5		177.2		56.07		94.61		-145.6		-75.51		-147.12		-179.29		-152.25
41		U		-58.88		179.87		56.58		98.07		-142.84		-71.87		-144.81		-174.25		-155.94
42		U		-65.28		177.54		61.2		100.42		-138.48		-77.46		-141.98		177.76		-154.34
43		C		-60.66		176.6		60.41		96.0		-140.84		-68.21		-148.75		-176.88		-150.76
44		U		-62.08		173.17		57.44		94.42		-141.37		-74.49		-147.85		178.5		-146.77
45		C		-62.09		177.56		56.31		99.28		-142.67		-72.83		-144.91		-173.45		-150.98
46		U		-62.41		173.52		58.22		93.76		-141.52		-72.06		-149.52		178.07		-148.43
47		C		-61.5		176.21		56.74		96.3		-144.97		-72.08		-144.67		-178.39		-150.99
48		U		-64.37		174.04		60.03		94.28		-141.23		-74.99		-147.91		176.53		-152.83
49		A		-64.1		175.26		57.45		99.08		-141.85		-73.24		-144.7		-177.92		-157.66
50		A		-62.88		173.63		61.02		93.48		-141.72		-72.8		-150.19		174.91		-148.53
51		C		-61.55		173.84		57.69		93.46		-144.89		-70.27		-149.6		174.07		-148.72
52		U		-62.48		172.97		58.79		94.8		-139.19		-76.03		-148.42		177.58		-147.02
53		G		-62.18		174.83		55.96		95.1		-144.28		-72.45		-147.47		178.65		-150.51
54		C		-62.22		171.52		58.06		90.74		-143.02		-74.62		-151.25		177.27		-147.44
55		C		-62.57		175.09		56.87		92.8		-143.47		-73.41		-147.99		177.72		-148.48
