No.	   Seq		 Alpha		 Beta		Gamma		Delta		 Epsilon	 Zeta		  Chi		  Eta		 Theta

0		A		-77.11		177.81		53.32		98.07		-138.15		-75.56		-147.0		-175.49		-143.28
1		C		-74.49		175.04		64.75		91.16		-142.51		-75.6		-155.2		175.24		-146.21
2		G		-71.07		175.16		49.39		93.56		-141.11		-72.1		-148.25		-175.95		-139.17
3		G		-72.5		175.28		56.73		93.69		-138.57		-77.76		-152.91		177.84		-150.43
4		A		-82.57		174.99		50.89		101.9		-133.02		-74.92		-144.58		-158.96		-140.17
5		A		-76.35		174.1		65.45		97.95		-137.68		-83.0		-148.06		-177.88		-154.33
6		A		-77.0		-179.27		60.13		99.75		-136.15		-74.58		-142.03		-172.02		-147.04
7		C		-68.39		171.43		60.97		96.4		-135.14		-74.13		-148.14		-178.55		-141.71
8		U		-68.23		-179.56		54.15		101.12		-134.34		-75.97		-141.36		-170.92		-145.07
9		U		-67.73		174.58		56.62		100.56		-135.06		-81.05		-144.65		-173.24		-146.94
10		U		-69.55		-178.73		51.89		99.51		-136.14		-71.24		-141.63		-173.27		-142.8
11		C		-73.92		175.8		62.31		90.08		-142.61		-72.43		-152.37		171.89		-145.04
12		G		-66.4		-177.15		57.28		95.87		-144.56		-82.87		-144.65		-170.68		-154.43
13		U		-66.08		173.46		60.56		95.7		-138.66		-81.87		-147.1		-175.28		-162.1
14		A		-69.58		176.32		64.18		99.51		-141.94		-76.03		-145.84		-163.47		-152.64
15		A		-74.76		174.03		64.6		96.12		-139.12		-80.15		-148.23		178.9		-145.79
16		C		-68.73		-178.46		58.88		98.83		-142.91		-65.03		-142.49		-174.46		-150.33
17		U		-69.87		176.32		66.42		98.73		-136.04		-81.54		-144.93		-174.78		-147.05
18		G		-66.67		-179.54		56.52		106.15		-144.24		-69.61		-142.67		-157.7		-159.16
19		U		-61.74		172.98		56.9		100.49		-135.49		-76.12		-145.91		-170.23		-144.87
20		U		-66.62		-172.25		54.03		110.19		-137.46		-70.11		-131.27		-168.72		-157.76
21		U		-78.68		177.98		68.53		102.83		-133.04		-86.16		-137.64		176.54		-159.24
22		A		-72.44		-173.09		71.27		105.74		-144.23		-73.73		-137.29		-164.29		-169.99
23		A		-62.22		174.4		64.44		98.7		-137.16		-79.85		-145.71		-172.32		-159.25
24		U		-58.5		-172.29		60.11		102.87		-143.0		-70.04		-140.85		-173.3		-158.0
25		U		-66.9		177.55		62.94		96.86		-140.02		-73.97		-147.56		176.81		-147.79
26		C		-63.46		-174.78		55.86		96.01		-150.62		-67.57		-145.79		-179.54		-157.34
27		U		-63.21		173.88		58.79		88.5		-145.65		-74.01		-154.85		178.03		-150.45
28		G		-62.57		-179.48		53.54		103.02		-144.42		-83.35		-141.33		-167.75		-158.41
29		U		-60.78		171.09		59.17		92.56		-142.46		-71.92		-152.2		-179.39		-142.36
30		U		-68.26		-179.07		60.74		100.87		-144.81		-75.04		-142.79		-179.0		-144.01
31		C		-70.23		172.31		61.73		90.41		-143.59		-77.69		-154.88		173.37		-147.14
32		A		-66.13		-177.21		55.12		99.7		-146.19		-72.61		-146.68		-170.59		-151.64
33		C		-62.74		174.6		59.88		90.82		-143.04		-76.32		-153.08		-177.23		-148.65
34		U		-62.91		-177.66		50.61		99.15		-147.19		-70.95		-143.18		-179.02		-147.58
35		U		-66.97		175.97		62.03		100.46		-137.16		-81.03		-146.49		-178.43		-147.61
36		A		-64.46		179.86		53.16		101.81		-143.47		-71.1		-141.75		178.35		-149.61
37		U		-62.59		175.06		58.16		96.76		-139.88		-74.76		-149.21		-177.55		-145.0
38		U		-65.56		-179.96		53.57		99.82		-141.73		-74.08		-142.39		179.41		-144.42
39		C		-65.58		173.08		61.84		92.09		-142.63		-72.62		-153.86		177.52		-148.5
