No.	   Seq		 Alpha		 Beta		Gamma		Delta		 Epsilon	 Zeta		  Chi		  Eta		 Theta

0		G		-80.05		177.47		70.26		86.48		-141.29		-82.21		-165.27		175.61		-154.45
1		U		-82.21		177.97		64.77		83.24		-142.88		-80.19		-163.37		165.51		-148.47
2		G		-81.02		176.9		61.13		84.94		-141.26		-77.52		-165.51		171.1		-136.46
3		G		-105.28		177.52		71.44		84.21		-142.93		-79.64		-167.28		154.2		-151.64
4		A		-95.63		178.01		75.88		84.39		-141.93		-80.56		-165.16		164.57		-149.16
5		A		-95.68		177.98		77.4		95.34		-134.74		-94.91		-154.01		176.95		-161.64
6		A		-109.19		177.62		79.1		92.42		-134.48		-78.43		-162.38		160.69		-134.97
7		G		-86.74		171.31		75.42		95.51		-132.77		-75.73		-160.05		-179.96		-134.22
8		G		-75.42		178.11		62.33		93.77		-135.92		-83.98		-156.67		172.55		-144.28
9		C		-80.55		178.3		72.66		102.39		-129.43		-87.16		-145.8		-164.77		-146.56
10		G		-112.62		178.88		84.76		95.52		-136.31		-90.24		-158.41		-172.88		-148.76
11		G		-74.7		174.97		69.88		86.23		-145.41		-75.05		-165.77		175.31		-146.34
12		G		-78.2		175.12		65.63		80.12		-146.03		-72.62		-168.14		167.8		-143.26
13		C		-70.99		172.19		59.14		77.62		-150.23		-72.63		-165.63		165.12		-148.8
14		A		-81.32		176.06		69.27		91.25		-140.64		-78.47		-158.2		175.67		-148.28
15		G		-79.64		173.71		71.96		89.3		-143.52		-84.06		-157.95		174.91		-159.4
16		A		-74.61		175.2		61.96		95.29		-137.96		-71.87		-156.74		176.03		-141.25
17		G		-66.68		173.88		61.0		87.57		-141.47		-74.13		-162.58		167.37		-137.44
18		G		-70.51		179.27		64.59		86.78		-143.4		-74.24		-164.22		176.32		-146.58
19		C		-78.32		174.07		59.72		86.87		-145.3		-73.5		-158.44		170.91		-143.37
20		G		-86.93		179.71		81.9		85.37		-144.04		-81.38		-163.97		177.11		-152.39
21		G		-78.31		177.5		64.81		89.6		-139.41		-77.3		-160.65		177.86		-143.05
22		U		-67.71		169.83		60.0		86.09		-141.58		-68.28		-159.59		169.98		-148.35
23		U		-73.2		172.41		65.39		90.71		-137.82		-79.94		-154.5		170.26		-140.48
24		U		-74.4		172.55		56.06		88.11		-144.1		-72.91		-159.72		158.75		-142.68
25		G		-84.05		175.45		62.27		90.64		-138.22		-77.8		-159.35		168.36		-145.28
26		C		-72.63		-178.21		64.43		87.51		-141.3		-77.82		-159.28		172.39		-149.83
