No.	   Seq		 Alpha		 Beta		Gamma		Delta		 Epsilon	 Zeta		  Chi		  Eta		 Theta

0		G		-94.9		172.26		76.81		86.49		-142.9		-68.72		-164.87		174.43		-145.79
1		G		-99.07		176.47		76.27		83.49		-144.22		-81.54		-163.2		167.31		-142.58
2		A		-90.38		179.75		80.01		88.61		-138.2		-80.11		-157.71		177.12		-142.35
3		C		-98.35		-177.7		83.77		82.13		-142.49		-77.89		-169.92		159.9		-141.82
4		C		-93.25		176.67		66.3		92.6		-140.94		-84.73		-159.12		170.55		-151.71
5		U		-80.22		179.05		60.31		80.16		-145.9		-80.31		-164.43		159.55		-145.02
6		C		-77.13		175.07		61.22		81.93		-146.21		-73.5		-161.06		166.06		-132.75
7		G		-74.62		177.69		62.34		78.35		-146.95		-71.24		-167.79		166.14		-137.66
8		C		-91.39		178.91		67.02		83.5		-145.03		-80.01		-162.1		163.61		-150.54
9		A		-103.46		-177.01		87.01		87.86		-136.53		-85.9		-165.2		172.32		-157.81
10		A		-90.82		179.75		81.68		91.7		-138.57		-82.54		-159.63		171.39		-142.9
11		G		-106.82		172.44		78.46		77.38		-144.85		-71.13		-173.97		156.35		-135.86
12		G		-96.42		177.72		77.62		83.85		-139.45		-78.57		-164.06		169.15		-135.66
13		G		-90.24		178.72		76.67		91.59		-135.38		-73.36		-159.6		-178.69		-139.84
14		U		-162.85		178.85		95.89		97.73		-135.37		-87.77		-154.51		170.91		-149.13
15		A		-102.19		177.89		74.65		103.75		-133.67		-78.75		-152.09		-174.09		-138.06
16		U		-148.11		-175.37		96.04		101.37		-127.72		-87.7		-148.09		169.4		-135.58
17		C		-121.06		-178.9		95.15		90.0		-136.84		-94.14		-157.07		158.18		-166.49
18		A		-96.32		-179.36		76.07		96.95		-130.79		-90.19		-154.28		-174.4		-140.88
19		U		-106.31		-179.21		91.79		95.01		-135.43		-86.96		-159.01		179.43		-141.11
20		G		-98.31		-174.57		86.08		99.83		-134.27		-89.1		-147.99		179.77		-146.51
21		G		-176.43		-170.02		108.04		93.97		-135.7		-77.13		-158.51		170.07		-149.97
22		C		-75.3		176.69		79.19		84.69		-140.0		-75.9		-165.34		172.61		-145.94
23		G		-77.07		172.05		82.02		80.52		-141.77		-74.87		-169.78		175.78		-149.54
24		G		-106.71		173.97		85.83		82.32		-143.32		-82.06		-166.36		166.09		-151.47
25		A		-77.41		176.19		58.08		83.73		-140.29		-73.99		-161.68		168.89		-129.66
26		C		-82.78		178.97		69.21		87.87		-135.89		-74.02		-155.68		168.72		-126.89
27		G		-100.34		-178.41		72.86		88.94		-138.94		-84.77		-159.9		164.93		-139.64
28		A		-132.81		-176.38		81.8		105.6		-134.77		-91.86		-149.81		-161.53		-161.76
29		C		-71.29		-176.06		65.06		82.06		-145.01		-78.67		-160.52		168.85		-158.66
30		C		-71.43		172.81		56.84		79.2		-145.57		-71.4		-165.08		162.05		-143.24
31		G		-119.58		-179.79		86.49		81.18		-144.55		-72.0		-170.14		151.34		-148.37
32		G		-83.58		175.43		73.57		83.78		-142.22		-73.56		-167.06		179.05		-140.17
33		G		-68.55		178.49		65.55		81.17		-142.55		-76.19		-166.31		168.91		-143.71
34		U		-67.0		173.59		52.07		94.91		-134.21		-66.02		-155.8		172.23		-117.24
35		U		-102.66		-179.89		64.2		93.08		-133.88		-78.09		-155.65		153.36		-130.87
36		C		-140.87		-179.27		72.15		84.25		-138.7		-64.79		-164.47		129.67		-135.99
37		G		-114.97		175.59		69.86		76.08		-146.02		-78.86		-173.79		155.02		-143.95
38		A		-77.44		179.09		61.68		96.01		-132.97		-82.24		-149.13		176.7		-142.51
39		A		-142.06		177.37		82.83		84.15		-138.05		-68.83		-163.08		149.78		-134.93
40		C		-96.76		-177.8		85.58		85.78		-142.43		-76.58		-164.36		158.04		-141.12
41		C		-71.55		175.2		59.84		81.96		-142.99		-71.08		-170.4		160.88		-137.18
42		C		-73.57		176.62		61.18		75.82		-144.72		-69.22		-169.98		163.91		-136.02
43		C		-77.19		179.66		63.85		77.63		-148.46		-70.86		-167.16		163.71		-143.24
44		G		-66.96		173.98		58.73		75.61		-152.27		-73.17		-171.57		160.13		-141.73
45		G		-111.55		179.11		93.02		93.18		-136.5		-85.93		-166.12		172.64		-154.55
46		A		-73.69		173.89		60.21		89.81		-136.97		-68.71		-158.31		170.75		-126.32
47		U		-90.11		-176.72		98.8		94.33		-133.23		-85.88		-152.89		172.75		-153.83
48		C		-74.06		-179.48		59.38		93.07		-137.01		-89.25		-152.37		175.03		-158.14
49		C		-115.76		171.82		73.57		79.88		-145.59		-69.94		-172.27		150.61		-148.86
50		G		-67.85		177.81		61.21		86.76		-147.08		-75.88		-158.53		-175.04		-149.37
51		G		-84.16		176.21		61.98		80.89		-148.98		-71.96		-163.67		165.79		-148.19
52		C		-77.32		-178.05		72.24		81.54		-142.33		-72.4		-165.27		172.78		-132.23
53		C		-95.72		175.93		73.49		78.98		-145.27		-75.11		-165.93		157.48		-147.07
54		G		-87.26		-175.9		80.11		91.53		-140.88		-80.59		-158.04		166.59		-160.62
55		U		-68.36		168.32		50.79		89.05		-137.39		-74.6		-151.52		166.72		-143.22
56		C		-87.42		174.19		65.1		86.82		-138.49		-72.64		-160.3		149.94		-126.11
57		C		-85.44		175.02		67.82		80.34		-147.48		-71.31		-166.58		159.79		-137.54
58		G		-87.43		-172.43		77.71		81.89		-146.27		-73.85		-168.72		174.54		-150.48
59		C		-66.93		177.11		57.97		81.3		-144.58		-71.17		-161.49		172.61		-141.44
60		C		-69.02		-177.19		63.43		83.57		-138.3		-79.26		-159.89		167.51		-140.71
61		G		-98.58		178.52		87.34		92.81		-134.56		-83.64		-156.54		172.59		-147.3
62		U		-89.02		172.84		64.4		94.32		-135.44		-56.39		-155.24		169.5		-141.83
63		G		-119.68		172.64		80.94		87.14		-137.85		-78.61		-162.86		159.65		-144.5
64		A		-78.88		177.43		57.09		85.35		-141.1		-65.84		-161.89		167.16		-131.41
65		U		-84.66		167.62		66.59		88.2		-140.52		-72.48		-158.57		161.49		-152.08
66		C		-87.17		-177.3		80.95		85.76		-144.24		-64.67		-158.04		168.54		-147.33
67		C		-97.13		175.18		71.78		74.94		-150.72		-77.54		-167.81		151.58		-150.02
68		A		-67.74		179.75		74.5		83.47		-138.88		-79.02		-163.6		172.9		-144.6
69		U		-86.73		176.23		65.49		88.66		-135.28		-79.97		-160.38		160.39		-142.41
70		G		-90.0		-176.34		72.48		87.87		-143.64		-75.12		-158.57		155.12		-141.87
71		C		-87.97		177.5		65.61		84.65		-143.44		-72.11		-160.37		158.83		-136.74
72		G		-71.6		179.74		82.43		85.74		-140.26		-81.86		-161.32		174.09		-157.14
73		G		-141.42		-176.85		87.45		92.92		-129.71		-85.28		-158.61		-166.25		-160.77
74		U		-52.58		169.65		61.78		83.47		-144.58		-70.13		-159.99		155.84		-150.17
75		A		-97.25		178.68		74.86		91.48		-133.25		-74.61		-158.82		168.5		-137.72
76		C		-92.15		-179.88		64.43		83.04		-141.09		-76.84		-162.95		153.71		-143.78
77		C		-76.34		175.38		60.46		82.91		-145.04		-73.77		-161.77		165.08		-133.21
78		G		-65.97		-178.04		60.49		86.14		-148.04		-76.62		-159.5		-177.85		-142.39
79		C		-89.97		174.25		64.12		83.48		-147.03		-69.85		-162.13		152.83		-146.84
80		C		-79.75		-178.05		63.21		81.5		-145.58		-74.38		-164.09		167.09		-157.21
81		C		-70.55		174.58		57.65		77.44		-149.0		-75.12		-164.68		159.36		-144.87
82		G		-69.39		177.61		64.27		80.26		-143.73		-74.58		-167.36		162.31		-142.09
83		C		-95.91		173.54		71.63		81.86		-140.23		-73.13		-167.0		164.12		-141.92
84		G		-71.5		-178.15		74.0		84.54		-139.92		-74.95		-170.06		167.69		-144.38
85		U		-71.5		175.43		58.13		89.64		-137.32		-72.7		-157.54		170.89		-133.25
86		G		-107.57		176.74		69.75		88.95		-137.52		-75.23		-164.54		145.29		-133.62
87		C		-88.82		175.19		63.59		85.09		-138.99		-71.25		-161.6		163.67		-129.8
88		G		-99.72		-176.8		78.99		87.56		-140.23		-87.57		-158.82		163.74		-163.6
89		A		-81.22		173.96		69.55		95.96		-130.83		-85.46		-150.52		-179.02		-152.85
90		A		-80.12		170.87		64.24		84.21		-142.52		-71.17		-163.15		155.5		-134.39
91		C		-66.54		174.74		62.52		83.4		-140.81		-69.89		-162.1		160.04		-126.75
92		C		-73.05		177.93		57.84		75.08		-148.35		-70.02		-168.19		158.05		-136.44
93		C		-71.66		169.44		64.44		77.72		-146.98		-75.58		-166.26		165.02		-161.32
94		A		-68.96		173.87		59.09		74.56		-149.96		-74.02		-169.3		163.31		-141.7
95		G		-66.94		170.3		57.54		79.83		-147.47		-74.39		-165.73		164.91		-141.39
96		G		-77.06		174.46		72.62		86.4		-137.74		-74.48		-161.98		162.59		-132.14
97		U		-84.85		177.61		83.49		91.19		-139.53		-81.15		-158.92		171.57		-150.64
98		G		-80.72		177.56		73.48		90.31		-138.82		-85.01		-158.52		174.33		-147.08
99		U		-79.45		173.63		64.08		90.88		-138.01		-75.44		-158.89		-179.62		-136.98
100		G		-82.66		-176.25		81.79		91.52		-137.27		-86.49		-156.46		179.47		-159.17
101		C		-83.46		178.69		61.91		81.29		-144.73		-69.89		-165.99		169.33		-138.88
102		G		-90.7		-176.15		84.37		86.9		-143.48		-79.35		-160.5		173.5		-160.92
103		A		-86.99		178.52		73.03		91.56		-137.94		-83.47		-157.97		-175.53		-143.52
104		G		-85.04		-178.9		84.39		84.9		-142.71		-77.53		-160.92		162.74		-153.55
105		G		-82.64		174.96		65.37		90.76		-137.45		-73.04		-157.58		168.66		-134.65
106		U		-79.22		178.49		66.49		83.97		-142.37		-74.31		-161.56		157.7		-144.32
107		C		-79.71		168.4		60.67		88.0		-138.64		-74.06		-157.85		166.72		-138.13
108		C		-110.58		-173.57		72.22		86.61		-141.52		-80.13		-160.36		164.12		-147.43
