No.	   Seq		 Alpha		 Beta		Gamma		Delta		 Epsilon	 Zeta		  Chi		  Eta		 Theta

0		G		-59.97		164.04		55.82		89.72		-148.44		-66.62		-154.65		179.46		-157.17
1		G		-64.34		169.66		58.7		85.85		-147.67		-75.6		-164.5		170.79		-154.67
2		G		-57.37		165.11		51.07		81.87		-153.51		-69.5		-161.23		175.37		-146.28
3		U		-61.94		167.64		50.5		81.46		-153.37		-69.21		-159.45		169.28		-143.69
4		G		-58.39		163.51		50.32		82.88		-153.1		-68.61		-155.65		-179.51		-148.03
5		U		-65.24		169.82		53.38		90.13		-139.86		-76.07		-150.42		173.5		-151.41
6		A		-61.36		168.64		57.87		92.72		-136.08		-70.44		-149.29		171.47		-142.38
7		A		-58.73		168.19		57.47		100.09		-130.82		-62.72		-146.35		-170.63		-134.59
8		U		-54.09		168.79		56.43		98.46		-132.48		-70.04		-142.19		171.54		-154.92
9		C		-61.78		169.04		57.48		95.14		-134.6		-65.43		-144.52		173.91		-142.25
10		U		-55.5		174.53		52.4		91.16		-144.07		-70.37		-149.64		177.53		-149.27
11		C		-56.06		173.72		60.27		86.31		-145.33		-74.91		-153.86		178.58		-156.16
12		C		-61.02		172.68		56.01		81.78		-150.24		-75.1		-159.54		174.97		-160.63
13		A		-63.37		173.12		67.05		91.68		-140.77		-79.61		-151.61		-173.13		-160.62
14		A		-53.81		169.36		64.18		89.65		-140.78		-72.97		-149.96		-178.45		-152.35
15		A		-54.55		166.22		65.2		94.26		-135.87		-84.34		-148.26		-177.7		-153.39
16		A		-58.33		166.85		66.11		104.07		-125.04		-59.45		-144.77		-175.14		-125.83
17		U		-51.97		166.35		68.0		111.87		-126.87		-113.93		-134.18		-156.15		164.77
18		A		-52.42		170.83		62.85		115.59		-124.28		13.41		-128.66		-151.76		147.42
19		U		-51.29		162.23		62.91		114.11		-123.86		-66.69		-137.78		-149.13		176.73
20		G		-59.31		173.01		71.55		100.47		-141.84		-67.29		-145.58		-170.62		-169.68
21		G		-53.14		174.31		65.46		98.45		-136.11		-71.71		-149.45		-155.04		-178.35
22		U		-50.5		167.22		55.93		95.01		-144.98		-64.9		-152.81		-177.23		175.52
23		U		-53.63		168.32		55.97		93.82		-140.35		-67.38		-152.29		-173.79		-163.34
24		G		-62.56		167.28		54.87		85.55		-154.18		-61.94		-155.65		170.42		-152.36
25		G		-63.44		172.81		60.67		80.86		-150.5		-69.29		-166.95		175.78		-158.11
26		G		-52.78		172.58		54.02		83.27		-150.0		-67.63		-160.42		-173.99		-156.74
27		G		-60.35		171.71		56.5		86.49		-142.22		-76.5		-157.86		174.23		-144.6
28		A		-61.82		171.69		60.86		96.61		-138.16		-65.85		-155.01		-169.43		-132.22
29		G		-56.44		170.01		53.71		95.61		-132.85		-75.21		-152.73		-176.44		-135.18
30		C		-60.53		179.4		50.87		102.15		-125.87		-70.85		-144.52		-172.91		-125.0
31		C		-62.26		164.8		47.67		97.69		-128.85		-66.36		-147.34		177.81		-112.15
32		U		-59.33		-178.34		56.64		107.81		-130.59		-82.96		-137.29		-169.42		-166.05
33		C		-63.78		174.55		48.69		101.48		-133.71		-72.72		-140.86		-174.67		-150.21
34		C		-62.2		172.91		54.66		93.23		-142.58		-71.73		-149.36		161.19		-159.36
35		A		-55.81		171.06		52.52		92.8		-137.37		-65.08		-147.18		-177.92		-133.43
36		C		-51.31		163.86		51.75		90.89		-136.85		-64.96		-149.31		169.26		-147.67
37		C		-62.89		163.0		53.0		84.63		-146.41		-67.73		-160.13		168.6		-150.06
38		A		-59.28		166.84		51.06		94.73		-140.8		-74.28		-151.58		179.32		-148.88
39		G		-57.63		160.37		52.23		87.46		-141.93		-60.56		-155.1		169.69		-148.26
40		U		-58.08		164.7		53.35		91.15		-145.31		-66.68		-153.18		174.94		-148.6
41		G		-63.18		157.43		59.25		89.85		-142.28		-78.1		-154.58		173.41		-157.16
42		A		-62.52		162.94		58.9		86.4		-144.33		-70.64		-158.34		174.36		-153.0
43		A		-64.77		166.07		74.88		94.99		-134.12		-76.25		-150.02		-179.49		-159.25
44		C		-57.91		168.87		59.57		83.5		-144.56		-70.73		-156.67		170.26		-142.36
45		C		-59.85		173.42		70.56		87.09		-143.98		-67.11		-158.57		-177.41		-149.17
46		G		-58.52		165.88		53.63		88.01		-142.85		-75.16		-155.45		-173.82		-147.07
47		U		-58.81		170.88		58.02		88.77		-145.3		-67.17		-150.48		177.83		-164.8
48		A		-65.34		175.3		60.85		97.85		-136.19		-83.48		-141.47		178.39		-143.89
49		A		-74.21		175.65		78.77		98.34		-132.87		-70.0		-147.01		-176.57		-157.42
50		A		-62.36		169.64		88.12		103.53		-129.3		-110.1		-146.63		-170.94		-178.78
51		A		-50.4		179.09		63.55		102.77		-132.85		-68.15		-139.87		-160.02		-155.95
52		U		-56.14		173.76		60.06		102.73		-132.25		-86.53		-146.99		-167.28		-136.76
53		C		-61.64		176.83		67.56		99.19		-139.01		-68.99		-145.97		-171.62		-153.3
54		G		-76.38		-175.44		83.27		92.63		-141.59		-83.07		-159.66		-173.31		-161.92
55		C		-56.01		177.94		53.67		94.04		-145.54		-67.92		-148.32		-173.46		-155.83
56		U		-69.03		173.99		72.75		88.85		-137.78		-78.1		-159.5		177.74		-149.42
57		G		-61.76		-179.58		74.43		103.52		-137.39		-86.61		-144.12		-170.66		-174.38
58		U		-77.5		170.29		65.41		96.02		-136.1		-76.98		-155.37		171.92		-153.55
59		C		-58.13		169.16		55.52		94.43		-144.2		-63.66		-144.13		171.63		-164.7
60		A		-71.76		174.08		67.02		93.09		-134.25		-79.21		-157.81		-176.06		-144.38
61		C		-56.98		171.16		54.36		91.41		-145.68		-65.5		-152.98		174.5		-155.7
62		C		-65.01		174.5		66.3		90.45		-140.54		-77.17		-156.89		174.77		-154.44
63		A		-62.06		176.24		58.45		97.45		-139.44		-71.52		-147.99		176.48		-146.26
64		C		-70.94		168.03		73.77		86.85		-138.62		-75.12		-162.12		163.51		-149.44
65		C		-59.82		171.54		57.06		95.94		-137.87		-72.31		-147.32		-176.56		-150.99
66		C		-72.66		172.9		68.71		88.87		-140.08		-79.31		-159.7		172.14		-147.73
67		A		-59.43		168.62		56.67		96.33		-137.59		-70.6		-147.33		-177.03		-158.13
68		G		-71.78		169.08		74.41		86.94		-140.7		-77.0		-161.41		169.59		-151.99
69		G		-58.08		171.56		58.12		92.58		-142.08		-74.13		-149.53		174.0		-153.66
