No.	   Seq		 Alpha		 Beta		Gamma		Delta		 Epsilon	 Zeta		  Chi		  Eta		 Theta

0		G		-77.15		-176.85		75.43		87.57		-144.92		-79.68		-166.03		171.68		-146.4
1		C		-74.47		174.13		61.72		82.99		-143.78		-80.68		-162.45		168.86		-141.2
2		G		-78.65		177.15		72.57		85.06		-143.27		-81.04		-163.74		168.36		-145.51
3		G		-70.38		176.87		73.09		88.07		-145.34		-81.49		-159.98		176.69		-147.93
4		A		-84.99		176.7		75.3		89.79		-142.61		-75.44		-159.97		176.93		-147.9
5		A		-81.43		176.18		79.76		95.72		-133.86		-84.57		-156.54		179.35		-143.71
6		G		-79.74		177.64		82.16		101.34		-127.89		-83.88		-148.43		-171.98		-142.9
7		U		-82.71		172.46		71.93		94.14		-136.19		-86.04		-153.41		176.23		-163.77
8		A		-117.4		179.34		91.53		109.05		-128.3		-84.82		-149.29		-157.12		-140.48
9		G		-115.2		176.89		83.85		97.27		-133.31		-91.53		-157.04		-173.91		-151.72
10		U		-67.61		176.04		69.04		95.78		-137.45		-77.41		-150.58		-171.53		-145.47
11		U		-82.38		174.15		72.28		93.5		-139.61		-76.57		-154.56		179.13		-149.57
12		C		-127.96		179.94		113.85		90.3		-144.0		-77.25		-160.11		174.51		-157.59
13		A		-103.98		177.03		88.58		84.72		-142.37		-84.4		-165.25		178.33		-157.01
14		G		-72.64		174.41		81.2		94.82		-137.22		-94.85		-155.1		-177.17		-163.92
15		U		-87.18		173.96		72.54		96.94		-133.19		-78.42		-153.5		179.36		-137.65
16		G		-161.67		178.33		109.28		104.94		-131.71		-91.0		-153.19		-147.05		-151.81
17		G		-101.62		178.79		77.4		106.11		-129.31		-96.73		-147.06		-175.2		-145.89
18		U		-85.74		175.95		68.69		105.58		-128.63		-101.73		-141.51		-167.05		-176.39
19		A		-151.9		-179.7		95.05		104.72		-127.31		-82.81		-148.9		-154.42		-138.4
20		G		-152.42		178.3		91.64		91.94		-140.55		-78.74		-159.73		161.98		-160.19
21		A		-91.15		-179.2		79.03		90.68		-139.77		-85.53		-157.63		171.72		-155.72
22		A		-76.71		-179.94		62.42		93.37		-136.47		-77.44		-154.77		174.42		-142.06
23		C		-83.42		176.18		68.67		80.79		-146.04		-74.78		-165.67		155.2		-142.64
24		A		-70.25		176.59		56.61		86.16		-145.21		-72.18		-160.04		171.69		-138.69
25		C		-77.67		174.65		61.05		78.1		-147.32		-69.6		-165.76		158.89		-145.56
26		C		-68.83		175.66		56.2		76.45		-149.98		-70.88		-164.57		161.37		-144.04
27		A		-70.56		173.47		57.11		82.31		-145.61		-74.64		-164.28		170.8		-139.19
28		C		-85.66		173.18		71.34		83.92		-143.37		-78.88		-166.77		158.75		-145.34
29		C		-85.38		176.63		82.09		81.57		-139.68		-70.96		-169.73		167.16		-146.55
30		U		-69.11		173.21		59.91		85.56		-140.19		-81.03		-157.69		172.56		-137.53
31		U		-74.9		171.9		61.11		94.48		-134.0		-83.19		-152.7		175.16		-146.02
32		G		-134.5		176.16		81.22		101.78		-133.46		-86.16		-150.43		168.79		-142.62
33		C		-105.54		-177.34		79.51		88.55		-142.56		-75.65		-164.4		169.02		-148.9
34		C		-78.49		-179.36		91.46		88.14		-143.35		-83.1		-161.26		177.11		-165.55
35		A		-96.11		177.23		78.21		91.68		-135.4		-89.55		-157.11		179.02		-158.01
36		A		-78.56		169.77		61.77		87.44		-139.23		-78.34		-162.43		166.06		-134.92
37		G		-68.06		174.0		81.78		87.69		-140.31		-77.68		-165.38		168.52		-141.1
38		G		-70.42		179.33		65.9		97.87		-135.25		-81.37		-150.9		-178.58		-151.62
39		U		-76.14		174.39		70.8		92.46		-139.02		-81.24		-157.16		174.1		-148.25
40		G		-72.58		174.14		65.89		93.86		-137.83		-84.06		-156.29		177.44		-154.49
41		G		-73.68		179.3		69.29		84.62		-141.71		-81.99		-165.96		175.7		-145.44
42		G		-73.78		168.53		69.26		84.44		-143.01		-73.85		-163.21		174.19		-150.76
43		G		-78.32		171.09		72.3		87.55		-138.97		-82.45		-159.13		174.57		-144.58
44		G		-64.76		-179.25		69.85		99.08		-132.23		-76.97		-146.19		-164.82		-136.21
45		U		-84.15		175.69		74.03		98.33		-133.48		-83.74		-152.87		-176.27		-126.24
46		C		-83.74		178.82		72.15		113.24		-129.65		-63.02		-143.05		-150.88		123.99
47		G		-84.97		179.4		71.32		87.04		-141.27		-71.77		-168.07		-177.05		-146.09
48		C		-66.23		172.19		55.71		82.65		-147.95		-68.95		-158.26		168.19		-142.74
49		G		-74.53		174.0		70.42		83.77		-142.95		-78.11		-162.7		172.41		-143.14
50		G		-88.21		175.56		82.22		89.0		-140.74		-75.37		-160.82		176.0		-138.57
51		G		-85.09		177.15		80.29		83.3		-141.66		-73.63		-168.91		166.99		-146.71
52		U		-60.58		176.87		55.45		93.34		-134.88		-73.16		-149.02		177.13		-125.71
53		U		-87.38		174.19		64.44		87.12		-135.75		-76.69		-160.89		151.94		-131.64
54		C		-118.25		179.02		57.65		91.76		-139.13		-72.03		-153.71		108.2		-139.11
55		G		-84.21		178.69		66.05		79.82		-143.76		-74.59		-168.14		159.82		-142.92
56		A		-73.14		-169.68		63.6		108.24		-126.3		-117.66		-131.85		-169.46		-156.43
57		A		-70.23		-178.9		75.58		90.03		-133.09		-71.19		-161.1		161.98		-133.19
58		U		-59.56		176.54		63.55		100.89		-129.73		-73.39		-145.3		177.42		-119.11
59		C		-80.02		177.26		60.02		83.06		-144.54		-74.17		-164.9		153.86		-144.53
60		C		-63.09		176.42		53.43		75.73		-152.42		-70.7		-167.22		168.05		-148.91
61		C		-72.24		172.44		59.53		76.78		-148.42		-73.78		-168.54		166.29		-145.03
62		G		-63.75		174.01		54.11		78.9		-154.03		-71.91		-164.33		173.34		-149.56
63		U		-69.0		173.9		59.45		82.89		-144.63		-77.24		-162.13		175.26		-142.35
64		C		-67.36		178.32		59.84		84.25		-145.69		-78.15		-159.35		167.95		-151.45
65		U		-72.58		-178.08		80.24		89.48		-137.63		-84.94		-158.24		172.16		-154.28
66		U		-63.4		175.34		56.66		95.42		-140.76		-84.12		-148.8		-179.57		-151.06
67		C		-85.32		176.98		72.18		89.46		-139.48		-77.02		-157.71		174.05		-151.25
68		C		-68.62		-179.89		62.5		87.82		-145.2		-73.37		-160.42		-177.39		-146.21
69		G		-77.35		-177.45		73.92		89.37		-140.89		-83.47		-158.52		177.83		-152.67
70		C		-64.8		174.83		56.46		92.73		-143.73		-76.27		-152.72		-175.73		-151.35
71		U		-70.92		178.35		76.29		93.42		-135.89		-82.99		-153.07		175.98		-152.42
72		C		-72.94		-179.61		65.68		99.17		-133.95		-80.4		-148.42		-171.15		-151.03
73		C		-84.94		176.97		71.87		92.44		-135.33		-78.07		-155.04		168.46		-156.42
74		A		-74.67		176.5		65.02		104.78		-131.77		-82.75		-144.64		-168.27		-146.5
