No.	   Seq		 Alpha		 Beta		Gamma		Delta		 Epsilon	 Zeta		  Chi		  Eta		 Theta

0		C		-65.28		170.29		58.06		89.66		-144.07		-70.02		-155.39		176.88		-149.74
1		C		-75.22		176.86		73.26		90.88		-141.7		-74.85		-155.98		-179.41		-150.98
2		A		-63.98		168.49		55.87		94.54		-140.89		-71.86		-146.91		-178.8		-142.37
3		U		-68.9		176.09		70.78		95.67		-134.74		-81.2		-153.35		178.25		-153.13
4		G		-73.85		176.86		78.98		93.77		-136.72		-78.89		-159.44		-178.81		-155.19
5		G		-73.18		173.17		62.67		92.91		-139.41		-72.7		-157.67		177.43		-145.36
6		U		-66.05		172.71		60.18		89.07		-142.8		-76.65		-152.47		179.97		-141.69
7		G		-65.19		170.85		52.07		92.14		-136.61		-70.31		-148.36		-174.23		-143.43
8		U		-81.12		170.33		67.39		96.41		-139.42		-74.36		-149.99		172.46		-158.82
9		A		-64.58		171.98		64.91		98.36		-136.04		-88.56		-148.16		-170.18		-179.5
10		A		-57.68		178.9		73.53		97.88		-134.7		-78.86		-149.14		-169.68		-154.78
11		U		-62.86		174.67		58.47		98.02		-134.69		-78.11		-146.43		178.87		-139.05
12		G		-66.58		174.59		65.36		96.83		-137.04		-78.06		-151.69		-170.06		-139.58
13		G		-65.92		172.79		54.58		99.26		-134.94		-84.41		-148.22		-165.95		-149.43
14		U		-59.99		172.88		51.09		106.64		-129.62		-74.43		-136.26		-163.72		-149.13
15		U		-69.91		173.77		59.33		105.95		-126.82		-106.1		-135.67		-162.18		-164.31
16		A		-69.11		176.02		66.39		100.18		-135.33		-79.21		-145.99		-167.81		-161.9
17		G		-69.98		169.07		64.51		90.57		-137.76		-76.36		-157.42		177.53		-147.9
18		C		-63.36		176.11		60.43		90.6		-145.66		-71.41		-153.97		178.88		-153.2
19		A		-73.1		176.59		64.25		96.64		-133.99		-77.96		-147.98		-171.46		-135.09
20		C		-61.58		172.53		63.08		93.33		-142.56		-70.94		-149.66		-178.55		-147.9
21		U		-62.82		172.43		55.17		98.56		-133.62		-67.37		-146.25		-174.22		-136.77
22		C		-63.25		174.63		53.27		98.99		-140.94		-69.83		-144.99		179.29		-161.78
23		U		-60.84		175.13		56.24		96.6		-137.03		-66.75		-149.33		-173.75		-166.24
24		G		-60.27		170.95		66.97		92.04		-142.38		-74.32		-156.4		-177.85		-159.8
25		G		-71.25		169.85		63.3		89.04		-140.33		-70.83		-155.18		172.36		-145.92
26		A		-64.57		173.81		59.66		90.24		-140.89		-64.72		-155.41		177.94		-133.49
27		C		-64.64		171.98		64.74		87.78		-138.1		-72.38		-154.14		178.21		-156.6
28		U		-58.52		171.81		55.07		95.92		-139.33		-77.67		-145.82		-178.54		-153.26
29		U		-72.03		174.03		55.96		101.92		-134.72		-72.13		-144.45		-169.49		-140.64
30		U		-65.18		173.23		53.33		98.38		-135.63		-68.58		-143.9		171.29		-142.5
31		G		-86.47		178.76		77.48		93.55		-135.22		-73.63		-152.81		175.15		-169.1
32		A		-66.2		175.96		56.02		101.2		-132.87		-94.62		-145.25		-172.54		-153.63
33		A		-59.89		166.61		52.34		97.54		-135.43		-64.06		-146.79		-169.51		-133.31
34		U		-62.39		176.51		61.58		98.8		-131.97		-84.12		-141.23		-177.11		-139.81
35		C		-64.34		171.16		55.35		92.44		-143.2		-68.87		-149.45		173.66		-150.05
36		C		-65.78		171.47		59.34		88.12		-145.95		-78.15		-156.59		173.22		-157.57
37		A		-59.51		176.55		53.14		92.12		-144.59		-69.79		-150.52		-166.68		-149.29
38		G		-62.96		170.69		57.96		80.12		-150.72		-72.0		-164.28		168.58		-144.92
39		C		-63.34		166.35		52.41		90.86		-143.04		-67.45		-147.19		177.27		-134.51
40		G		-73.38		177.44		75.24		91.75		-137.81		-83.93		-154.9		175.22		-149.09
41		A		-63.03		176.81		64.7		101.31		-134.45		-82.87		-140.66		-166.28		-152.12
42		U		-61.52		166.95		62.56		99.86		-133.75		-80.81		-147.61		-174.96		-162.67
43		C		-60.63		-179.31		64.23		98.18		-140.16		-68.96		-144.16		-172.61		-154.09
44		C		-73.92		173.37		59.81		88.07		-145.09		-69.56		-160.77		176.05		-142.98
45		G		-64.63		179.35		65.4		90.42		-149.41		-73.29		-148.07		177.27		-165.29
46		A		-71.52		175.42		69.35		96.6		-139.22		-84.53		-151.03		-176.43		-151.05
47		G		-55.87		173.16		70.18		91.84		-141.84		-69.13		-154.03		178.1		-155.12
48		U		-65.58		174.91		61.73		99.73		-133.01		-80.57		-146.41		-176.63		-140.13
49		U		-64.19		-179.48		55.56		94.37		-140.43		-67.55		-146.67		169.25		-152.81
50		C		-80.45		168.04		59.16		87.79		-141.0		-76.54		-154.77		158.76		-144.85
51		A		-62.71		174.33		56.56		94.16		-143.37		-68.2		-147.69		-175.18		-148.15
52		A		-68.25		174.71		66.57		95.36		-136.91		-87.01		-148.85		179.11		-153.9
53		A		-55.52		179.73		63.04		100.88		-135.18		-66.13		-143.53		-173.41		-150.92
54		U		-61.51		169.0		72.53		94.27		-132.26		-78.26		-156.72		170.1		-134.54
55		C		-59.78		175.29		56.0		93.91		-145.05		-76.87		-150.05		175.42		-153.75
56		U		-64.95		172.84		59.85		93.03		-140.14		-81.33		-154.1		178.34		-153.15
57		C		-64.3		176.02		53.94		93.22		-150.1		-70.29		-148.93		177.95		-160.07
58		G		-68.24		171.74		70.41		84.72		-144.34		-75.98		-163.88		173.38		-148.53
59		G		-60.62		173.16		56.59		90.8		-146.67		-74.49		-151.83		178.33		-150.75
60		U		-68.2		174.0		66.5		85.5		-142.74		-79.69		-162.55		175.25		-150.89
61		G		-59.64		171.89		61.6		91.56		-145.84		-73.47		-151.72		-179.83		-152.17
62		G		-83.54		174.93		77.93		85.05		-141.22		-78.64		-163.81		170.1		-151.75
