No.	   Seq		 Alpha		 Beta		Gamma		Delta		 Epsilon	 Zeta		  Chi		  Eta		 Theta

0		G		-62.42		174.49		73.66		86.64		-140.16		-69.28		-167.82		176.12		-137.32
1		C		-70.16		173.97		71.66		87.97		-141.47		-87.29		-167.78		176.07		-167.51
2		G		-71.39		164.23		68.31		79.92		-149.27		-71.03		-177.46		166.31		-150.11
3		G		-66.69		168.26		57.48		73.46		-153.36		-73.86		-170.43		171.93		-141.39
4		A		-68.88		173.27		54.03		87.94		-142.43		-72.28		-152.73		178.27		-143.52
5		G		-61.78		168.55		83.96		84.27		-138.21		-86.25		-159.9		162.89		-155.94
6		A		-123.69		177.24		80.87		100.03		-134.06		-120.77		-157.46		-176.34		173.97
7		A		2.08		175.58		80.35		103.68		-125.54		-75.59		-155.43		-143.56		-128.35
8		U		-75.58		-179.76		78.79		88.5		-133.7		-77.1		-161.02		162.38		-122.31
9		G		-66.8		178.33		56.72		84.74		-138.21		-75.64		-164.49		174.27		-124.55
10		U		-72.69		177.27		56.56		92.99		-129.4		-66.28		-152.82		175.37		-115.18
11		U		-62.36		-179.22		60.71		103.17		-130.15		-122.25		-134.23		-173.98		178.23
12		A		159.44		-176.77		80.75		114.74		-114.68		175.62		-129.87		-110.26		172.81
13		U		-50.55		169.89		59.58		100.91		-123.98		-82.76		-154.58		-173.75		-113.93
14		G		-138.9		179.87		107.58		93.24		-127.87		-84.11		-155.79		171.87		-139.01
15		G		-96.16		-179.24		74.39		80.31		-140.8		-79.68		-168.49		154.98		-134.39
16		C		-61.05		173.87		62.0		94.89		-135.6		-74.71		-152.56		-168.33		-127.7
17		C		-62.46		-177.36		67.33		98.16		-134.63		-112.25		-148.81		-158.77		-149.5
18		U		-57.35		174.73		47.2		113.43		-124.64		-90.53		-136.28		-162.2		-104.37
19		U		-170.08		174.3		67.96		117.33		-120.14		-107.17		-142.27		9.31		-133.33
20		C		-53.9		174.2		61.95		89.88		-141.31		-72.22		-156.64		170.39		-146.16
21		G		161.43		179.95		104.25		93.28		-136.46		-90.61		-170.31		169.98		-162.09
22		G		-59.92		-174.54		103.35		95.87		-142.2		-83.94		-161.6		-163.75		-155.08
23		G		-72.53		177.17		83.4		88.48		-138.12		-62.33		-164.42		178.18		-139.65
24		C		-70.27		173.34		58.93		74.59		-145.62		-74.31		-164.82		159.92		-137.95
25		A		-84.04		171.8		64.87		88.37		-137.66		-70.95		-163.33		164.26		-149.61
26		G		-69.22		171.55		57.65		94.22		-133.61		-98.64		-150.53		176.49		-178.97
27		A		-89.46		170.43		58.14		95.71		-132.42		-60.22		-153.15		157.5		-127.52
28		G		139.5		176.96		79.14		97.66		-124.77		-73.9		-161.81		114.94		-123.9
29		A		-66.12		177.2		63.33		95.47		-128.06		-79.47		-152.94		179.61		-146.87
30		A		-68.32		171.8		63.25		98.77		-127.99		-77.64		-147.47		166.24		-149.87
31		A		-64.3		169.95		70.39		80.55		-144.47		-77.69		-163.56		161.17		-144.13
32		A		-62.03		171.44		57.14		82.65		-143.38		-71.75		-162.9		170.44		-134.01
33		C		-69.59		171.75		71.36		72.42		-151.45		-67.62		-174.46		160.17		-152.72
34		C		-64.34		176.34		54.68		67.85		-158.61		-72.48		-178.21		167.17		-146.12
35		G		-61.77		169.53		52.16		75.39		-156.23		-69.61		-170.5		174.37		-137.73
