No.	   Seq		 Alpha		 Beta		Gamma		Delta		 Epsilon	 Zeta		  Chi		  Eta		 Theta

0		G		-79.65		175.79		73.4		88.27		-141.8		-79.17		-163.94		170.79		-151.49
1		G		-60.56		169.04		59.46		93.08		-138.96		-69.55		-153.7		-174.86		-148.93
2		U		-73.32		177.61		69.44		86.99		-139.88		-77.7		-162.59		172.93		-145.19
3		U		-62.41		169.54		53.84		94.81		-137.32		-74.29		-146.83		-175.83		-140.3
4		U		-80.08		176.66		67.27		91.57		-137.24		-78.28		-159.44		170.29		-144.37
5		C		-62.82		171.6		56.52		91.04		-142.27		-69.45		-151.92		-173.47		-144.9
6		U		-72.33		176.8		61.97		93.55		-137.11		-82.44		-153.95		176.94		-145.54
7		U		-63.17		173.93		56.7		95.31		-138.61		-76.66		-145.52		-178.03		-150.91
8		A		-84.95		175.33		72.87		93.2		-136.61		-80.05		-158.8		172.89		-141.85
9		G		-62.01		173.04		61.29		92.27		-142.47		-74.79		-153.08		172.91		-150.36
10		C		-75.91		176.64		69.09		89.08		-139.36		-84.22		-157.76		172.66		-147.96
11		A		-59.88		177.37		58.74		94.17		-138.0		-76.69		-148.62		-174.76		-143.6
12		C		-78.0		174.15		70.68		90.97		-138.47		-82.14		-158.79		176.75		-143.86
13		G		-66.45		173.87		62.77		95.16		-138.56		-75.84		-151.81		-172.32		-159.79
14		A		-73.82		176.8		66.01		94.47		-136.18		-85.23		-154.04		179.69		-146.96
15		A		-62.65		172.08		61.8		100.34		-133.2		-70.79		-143.83		-172.16		-147.17
16		G		-77.4		173.57		80.87		95.89		-135.48		-89.55		-154.95		176.97		-151.19
17		A		-64.14		176.97		64.95		99.34		-137.93		-70.25		-145.58		-175.89		-150.68
18		U		-76.98		175.4		75.21		97.2		-134.95		-86.67		-154.25		178.17		-149.78
19		C		-61.37		178.52		58.54		97.78		-141.9		-68.6		-144.3		-173.43		-161.4
20		U		-69.79		175.52		64.55		89.22		-140.15		-78.83		-159.63		178.25		-146.67
21		C		-62.89		175.61		59.08		92.66		-146.74		-68.93		-150.06		-178.57		-160.12
22		G		-81.59		176.02		75.24		88.06		-140.17		-81.04		-162.23		174.23		-154.83
23		A		-58.36		177.21		60.12		93.18		-144.18		-66.18		-153.19		-175.04		-153.67
24		U		-75.74		171.45		72.3		88.75		-138.67		-79.95		-160.57		169.89		-143.91
25		G		-62.02		172.16		61.81		98.63		-140.04		-67.64		-146.24		-177.6		-144.13
26		U		-86.74		175.79		72.2		89.48		-138.74		-80.42		-161.07		169.81		-143.53
27		C		-59.72		172.18		54.78		94.18		-143.83		-66.74		-148.4		179.89		-148.96
28		U		-76.94		176.17		63.83		90.21		-138.51		-83.37		-157.46		174.71		-148.19
29		A		-61.28		176.67		58.76		98.59		-140.62		-73.2		-146.29		-177.18		-154.13
30		A		-76.04		174.23		70.18		89.75		-138.5		-77.26		-160.61		170.9		-143.68
31		G		-60.22		177.72		57.62		99.07		-139.63		-75.27		-143.91		178.89		-158.45
32		A		-82.6		176.11		73.95		91.27		-137.02		-80.91		-160.28		170.9		-143.78
33		A		-60.27		176.51		59.99		95.07		-144.19		-72.45		-148.4		176.14		-155.93
34		A		-74.06		171.93		65.57		89.71		-140.39		-77.75		-159.32		172.82		-142.75
35		C		-61.62		173.74		54.84		88.86		-147.88		-68.25		-153.76		173.23		-149.58
36		C		-74.56		174.53		69.22		85.25		-142.4		-77.58		-163.21		172.26		-145.18
