No.	   Seq		 Alpha		 Beta		Gamma		Delta		 Epsilon	 Zeta		  Chi		  Eta		 Theta

0		G		-70.8		174.37		62.76		92.89		-137.28		-81.06		-157.77		176.59		-147.21
1		G		-83.57		177.52		71.96		85.69		-141.58		-83.22		-165.55		168.91		-143.41
2		G		-72.19		176.49		68.97		94.36		-139.9		-78.15		-158.8		-178.81		-148.02
3		U		-69.25		174.2		59.82		82.79		-145.31		-78.91		-163.48		168.17		-143.17
4		C		-68.74		172.82		56.8		96.77		-137.52		-74.86		-149.35		179.78		-139.51
5		U		-73.47		172.17		60.67		86.92		-140.86		-81.64		-160.37		167.58		-150.55
6		C		-64.2		177.11		63.7		99.05		-136.96		-76.65		-152.29		-171.28		-162.08
7		G		-82.94		179.18		71.86		89.02		-137.57		-80.04		-164.68		173.47		-146.36
8		C		-73.35		174.89		61.25		94.04		-136.18		-77.23		-151.97		-178.82		-136.94
9		G		-80.42		176.82		75.27		87.08		-138.1		-81.83		-162.29		173.51		-144.26
10		G		-70.75		173.39		61.22		93.15		-139.77		-77.22		-152.34		-177.53		-142.3
11		A		-113.01		171.49		77.84		94.22		-137.35		-81.32		-161.07		166.63		-147.5
12		A		-76.76		177.44		73.1		102.37		-131.62		-81.86		-143.36		-172.39		-145.23
13		C		-103.09		177.1		93.16		88.67		-138.93		-79.68		-161.69		169.81		-156.32
14		C		-68.03		172.8		62.67		92.05		-140.74		-72.06		-154.79		-179.99		-150.85
15		G		-93.53		174.09		88.95		85.33		-141.58		-77.32		-169.07		173.71		-148.03
16		G		-63.61		178.82		64.01		102.24		-129.07		-90.94		-144.13		-167.56		-146.44
17		U		-87.28		172.98		78.47		95.3		-129.72		-80.05		-154.6		174.36		-134.84
18		G		-85.34		177.06		78.97		101.14		-130.72		-86.35		-145.67		174.17		-143.23
19		A		-130.03		176.84		85.52		98.49		-133.36		-83.24		-157.58		172.88		-152.52
20		G		-70.89		172.32		70.77		90.34		-139.62		-75.01		-156.0		174.51		-162.28
21		U		-79.14		172.24		79.93		90.09		-138.21		-82.55		-158.94		175.39		-157.25
22		A		-71.69		172.1		64.91		90.05		-139.62		-65.48		-155.88		174.53		-135.74
23		C		-98.25		170.53		79.61		80.7		-142.4		-73.55		-167.99		158.37		-145.91
24		A		-64.55		177.4		52.78		83.72		-146.46		-75.15		-159.35		170.51		-148.22
25		C		-65.82		172.17		55.24		81.69		-142.61		-75.44		-164.47		168.77		-138.09
26		C		-64.14		173.34		54.74		87.2		-145.93		-70.69		-157.24		171.1		-134.84
27		G		-93.35		178.56		75.86		86.33		-141.95		-81.79		-161.39		166.37		-149.6
28		G		-73.23		173.0		64.99		87.37		-143.06		-77.21		-158.94		171.04		-152.72
29		A		-82.41		169.43		68.83		82.66		-142.86		-78.68		-166.69		165.32		-149.53
30		A		-63.69		170.86		61.64		91.16		-141.62		-71.6		-153.62		-178.52		-142.48
31		U		-74.91		173.98		65.79		86.46		-139.35		-76.19		-160.54		165.4		-144.38
32		C		-65.43		176.44		61.98		98.41		-136.17		-70.02		-145.9		-175.42		-156.43
33		C		-79.67		175.61		62.2		88.58		-138.39		-83.57		-158.44		166.51		-151.35
34		A		-59.33		-179.84		63.21		101.55		-138.47		-74.57		-147.08		-162.5		-155.99
35		G		-83.2		175.84		67.19		92.07		-138.48		-85.83		-157.01		173.3		-152.33
36		G		-63.74		173.39		73.06		90.29		-143.88		-70.96		-154.62		178.31		-152.77
37		A		-97.29		172.02		76.81		90.04		-137.52		-84.77		-155.6		167.74		-145.68
38		A		-68.47		173.73		74.1		95.47		-140.24		-78.88		-149.85		-178.75		-173.57
39		A		-81.24		172.26		81.11		95.71		-134.51		-89.4		-154.83		179.46		-156.49
40		C		-57.05		169.66		63.5		85.85		-146.2		-63.53		-162.04		175.57		-149.62
41		U		-67.53		170.19		63.93		82.87		-140.66		-74.8		-165.64		174.49		-134.52
42		G		-65.89		176.73		58.38		92.58		-142.33		-70.07		-152.92		-177.8		-140.86
43		G		-108.92		177.16		92.12		90.38		-139.0		-83.52		-163.56		171.89		-147.49
44		A		-60.76		-179.62		68.09		101.57		-135.77		-79.27		-145.15		-169.79		-141.91
45		U		-90.75		175.0		87.8		100.18		-130.34		-92.61		-151.69		175.81		-154.14
46		U		-60.29		175.6		61.1		102.62		-133.91		-81.76		-143.7		-171.92		-164.26
47		U		-80.41		171.53		65.21		95.36		-136.2		-83.26		-156.51		173.16		-140.48
48		G		-65.76		-179.61		61.62		89.36		-145.44		-77.37		-156.55		178.41		-145.5
49		G		-77.63		-178.95		72.39		87.98		-139.96		-75.27		-165.72		-178.17		-142.16
50		G		-58.22		-179.08		54.23		89.37		-144.25		-70.34		-156.71		176.85		-139.84
51		C		-74.12		179.61		69.53		85.09		-140.71		-76.92		-164.6		173.8		-134.98
52		G		-69.39		175.71		57.48		97.02		-136.56		-84.44		-150.11		173.27		-138.19
53		U		-85.62		173.25		66.65		91.44		-137.89		-77.94		-159.4		165.56		-141.87
54		G		-67.29		175.62		56.27		97.97		-139.39		-79.57		-145.99		178.76		-143.72
55		C		-83.44		174.79		62.54		84.41		-143.12		-72.03		-164.57		162.59		-136.57
56		C		-66.7		-178.8		59.0		91.74		-140.82		-78.73		-155.69		178.27		-143.2
57		C		-74.56		-179.94		63.96		85.91		-141.21		-78.45		-162.02		171.88		-146.84
58		C		-62.99		177.51		56.63		85.03		-145.44		-73.33		-157.66		168.0		-145.17
59		C		-74.37		174.81		66.3		83.51		-142.63		-78.76		-164.2		168.32		-145.01
60		G		-68.25		175.59		61.62		89.0		-141.12		-76.05		-158.86		170.59		-145.15
61		C		-79.07		171.25		59.29		88.54		-141.05		-75.01		-159.69		167.62		-142.99
62		G		-70.43		174.01		62.34		90.86		-142.7		-80.22		-156.19		171.46		-148.63
63		A		-79.02		175.39		69.63		89.66		-139.25		-78.17		-159.75		170.86		-144.63
64		G		-72.05		172.96		65.23		90.58		-139.1		-82.44		-155.82		170.36		-156.14
65		A		-73.99		173.49		70.17		85.52		-139.14		-76.71		-162.97		169.8		-144.88
66		C		-67.12		172.95		62.74		85.27		-141.87		-79.2		-159.37		171.01		-145.68
67		C		-80.75		174.6		70.0		84.79		-140.43		-77.89		-165.05		170.6		-142.99
