No.	   Seq		 Alpha		 Beta		Gamma		Delta		 Epsilon	 Zeta		  Chi		  Eta		 Theta

0		G		-75.65		174.36		67.35		80.67		-147.28		-72.59		-166.04		167.09		-144.61
1		G		-72.57		175.87		67.34		84.88		-145.47		-80.83		-164.25		172.45		-155.46
2		C		-77.33		176.15		71.67		83.85		-141.89		-73.9		-168.56		168.11		-144.67
3		G		-86.52		178.13		77.2		79.5		-144.39		-72.67		-171.61		161.08		-138.65
4		A		-75.43		178.62		59.72		81.27		-145.37		-73.58		-164.79		163.44		-141.71
5		C		-76.74		173.16		70.82		80.2		-144.96		-70.51		-170.16		161.95		-145.19
6		G		-89.22		176.38		80.9		82.61		-141.84		-74.21		-168.85		168.56		-144.01
7		A		-87.11		177.18		62.68		90.6		-139.6		-73.38		-158.26		169.7		-137.1
8		U		-76.06		175.53		67.59		91.92		-135.42		-80.81		-156.36		168.71		-151.02
9		C		-74.45		178.21		64.46		89.35		-139.29		-75.08		-161.53		169.77		-150.62
10		C		-99.5		174.99		67.03		81.33		-146.29		-69.67		-171.42		151.37		-144.87
11		G		-75.05		177.36		67.27		84.3		-146.63		-75.92		-163.66		174.82		-145.7
12		G		-72.53		176.31		65.66		81.04		-143.2		-74.66		-170.0		171.76		-149.0
13		C		-74.26		169.04		61.37		80.96		-141.89		-68.92		-168.19		170.06		-124.79
14		C		-112.68		172.68		72.64		84.44		-142.66		-80.9		-165.39		154.86		-145.35
15		A		-90.55		-178.14		78.82		99.88		-130.71		-100.68		-148.49		-176.33		-157.01
16		U		-85.78		170.03		70.59		93.01		-131.23		-78.82		-154.65		166.46		-141.61
17		C		-84.48		169.37		62.99		92.74		-138.95		-82.6		-153.72		151.83		-137.0
18		A		-77.4		177.68		69.15		93.48		-135.87		-75.27		-159.28		172.91		-139.37
19		C		-85.39		-178.29		92.38		86.09		-141.53		-76.89		-164.63		164.5		-159.7
20		C		-66.44		174.4		65.97		76.45		-150.74		-72.58		-169.94		165.87		-148.37
21		G		-61.62		175.28		65.21		81.4		-144.42		-76.79		-165.06		177.45		-149.57
22		G		-65.55		171.81		80.56		80.65		-142.43		-71.73		-170.68		171.73		-147.71
23		G		-71.29		172.58		65.48		84.04		-142.11		-66.17		-164.41		171.51		-160.27
24		G		-74.8		165.97		68.69		78.66		-144.32		-77.47		-171.23		164.49		-147.08
25		A		-81.11		168.7		69.88		81.73		-140.63		-68.38		-169.44		169.68		-138.43
26		G		-74.54		170.89		66.3		82.3		-143.25		-71.92		-162.58		169.29		-148.76
27		C		-72.26		172.32		62.6		79.39		-144.95		-69.95		-165.24		166.27		-142.38
28		C		-81.62		169.84		73.26		80.28		-144.8		-73.26		-167.86		166.52		-156.11
29		U		-65.34		171.47		64.46		84.22		-140.63		-79.29		-159.3		174.3		-151.6
30		U		-72.75		173.77		63.58		87.66		-139.5		-75.61		-157.7		164.84		-143.64
31		C		-82.61		179.43		58.9		83.05		-142.87		-77.5		-160.54		151.72		-141.69
32		G		-88.39		-179.87		73.32		79.82		-139.32		-77.66		-171.63		157.83		-137.47
33		G		-125.37		176.29		75.14		93.58		-134.37		-90.3		-159.13		163.98		-160.3
34		A		-146.66		-177.85		90.91		91.14		-135.98		-83.11		-162.58		161.36		-161.29
35		A		-62.98		173.56		60.59		85.64		-137.82		-70.17		-161.47		171.62		-122.22
36		G		-140.29		172.54		86.41		84.0		-134.85		-72.05		-169.33		149.2		-153.54
37		A		-81.45		175.34		71.82		81.61		-141.88		-71.27		-172.05		160.68		-149.95
38		A		-62.24		174.74		55.1		86.75		-139.9		-74.49		-159.7		167.63		-138.74
39		C		-65.11		168.47		61.0		79.88		-143.33		-69.92		-170.78		163.06		-137.77
40		G		-78.65		177.21		74.49		90.32		-137.03		-75.54		-163.57		173.47		-145.23
41		G		-84.6		179.8		66.35		80.85		-143.69		-74.75		-168.45		162.39		-153.76
42		C		-65.3		167.21		59.76		74.05		-149.97		-66.45		-171.69		157.49		-148.85
43		G		-66.52		165.84		67.14		78.05		-148.21		-71.39		-174.22		171.19		-148.38
44		C		-81.87		174.2		75.62		77.43		-150.13		-73.51		-165.71		165.06		-150.2
45		C		-94.99		174.34		80.66		78.55		-148.61		-69.86		-171.13		161.63		-155.76
46		G		-77.54		173.91		69.91		86.12		-139.72		-75.95		-172.38		169.49		-139.56
47		C		-80.1		169.88		70.03		82.08		-141.66		-67.55		-175.46		170.94		-139.86
48		C		-112.31		179.76		87.66		91.41		-135.87		-78.07		-160.68		169.4		-136.12
49		G		-88.01		-178.56		73.04		93.62		-133.18		-84.52		-155.49		173.19		-152.39
50		G		-119.53		179.7		90.65		97.47		-128.84		-86.73		-156.17		176.08		-146.98
51		A		-137.87		166.25		70.89		101.8		-125.49		-76.81		-151.81		-179.87		-140.34
52		A		-145.98		-176.72		115.84		96.33		-132.32		-86.56		-155.62		168.25		-158.63
53		A		-75.83		174.71		75.04		88.13		-135.01		-71.18		-162.14		178.69		-144.14
54		C		-74.79		167.7		63.42		77.53		-142.62		-69.75		-167.59		150.52		-140.13
55		G		-64.57		173.67		56.3		76.71		-148.75		-74.29		-171.66		161.28		-144.55
56		G		-60.07		179.12		54.84		81.53		-144.69		-66.44		-170.89		170.75		-140.13
57		C		-63.38		164.03		51.84		75.04		-152.51		-69.05		-170.08		159.44		-142.27
58		G		-81.31		173.96		73.09		80.89		-145.59		-73.55		-168.88		168.48		-147.38
59		G		-76.9		170.27		63.89		76.08		-148.09		-75.14		-172.27		156.32		-146.43
60		C		-74.14		168.58		67.63		77.94		-148.43		-71.26		-170.81		165.29		-152.74
61		G		-72.15		167.44		66.4		78.17		-146.75		-80.24		-171.72		168.38		-143.18
62		C		-64.85		168.63		54.93		77.39		-148.83		-63.12		-168.41		167.2		-139.72
63		U		-69.74		175.15		64.73		83.54		-138.67		-70.31		-160.92		169.4		-132.97
64		C		-88.69		178.47		59.67		91.18		-136.73		-80.91		-154.09		153.6		-139.35
65		A		-113.16		-178.53		67.72		89.07		-139.35		-76.85		-166.77		147.43		-145.35
66		G		-71.72		173.04		70.01		92.04		-134.94		-73.81		-157.77		-172.02		-140.94
67		U		-84.99		179.13		79.96		91.77		-135.22		-82.52		-149.17		162.87		-160.6
68		A		-104.97		179.03		75.54		98.63		-132.16		-69.53		-149.24		174.66		-120.58
69		G		-119.64		171.78		79.15		98.02		-130.16		-88.0		-153.95		173.33		-161.11
70		A		-100.47		-177.41		85.08		88.93		-136.42		-73.56		-163.61		169.12		-148.39
71		A		-83.14		174.97		75.02		82.48		-140.81		-74.32		-166.77		164.58		-144.72
72		C		-65.25		172.96		57.09		78.7		-144.88		-69.89		-166.07		157.41		-134.58
73		C		-69.73		170.27		64.56		81.46		-144.14		-70.59		-165.45		164.91		-149.39
74		G		-86.62		175.23		72.58		82.51		-142.14		-87.17		-164.99		166.18		-155.11
75		A		-66.67		167.43		60.27		91.26		-139.29		-77.04		-157.91		171.98		-156.54
76		A		-65.75		168.78		67.85		89.12		-134.95		-78.64		-158.8		167.73		-131.51
77		C		-68.53		169.44		72.5		87.74		-140.61		-75.45		-160.82		163.73		-148.87
78		G		-69.97		-177.59		73.35		87.78		-142.66		-80.71		-164.02		174.04		-148.45
79		G		-72.7		175.98		72.16		89.76		-139.72		-72.2		-165.24		-166.45		-146.58
80		G		-58.19		175.65		58.56		82.24		-143.97		-70.19		-167.29		179.59		-136.17
81		U		-69.73		177.24		60.91		96.0		-137.93		-69.53		-150.96		-175.29		-135.0
82		G		-91.08		177.69		76.24		88.36		-141.75		-77.34		-161.32		169.0		-155.04
83		A		-108.33		179.08		76.19		95.76		-139.44		-73.75		-158.13		176.89		-146.82
84		G		-75.96		174.81		65.49		83.22		-142.51		-71.8		-167.61		165.37		-135.78
85		C		-69.81		-179.56		56.81		87.49		-144.37		-70.7		-155.32		173.87		-143.3
86		C		-80.16		178.63		66.5		78.69		-147.73		-68.16		-168.57		162.86		-143.77
87		C		-71.63		172.62		55.91		78.52		-149.94		-73.79		-163.62		165.43		-146.88
88		G		-65.67		176.01		51.95		82.87		-145.56		-75.69		-162.47		172.81		-142.87
89		U		-65.5		174.27		51.49		91.87		-137.31		-73.32		-152.0		169.51		-138.97
90		C		-73.47		174.19		66.43		86.0		-142.98		-73.74		-163.43		159.4		-145.22
91		A		-75.03		175.09		56.63		92.65		-141.14		-73.15		-157.14		169.54		-143.69
92		C		-73.68		169.37		60.33		84.51		-142.16		-74.77		-164.48		162.05		-145.15
93		A		-61.43		173.01		54.24		91.15		-141.5		-74.19		-156.13		178.57		-139.47
94		G		-76.45		176.08		73.13		88.95		-140.86		-77.67		-161.12		174.77		-144.92
95		C		-66.23		170.9		55.87		83.67		-149.52		-70.25		-162.99		167.21		-146.05
96		U		-76.07		173.79		70.09		86.26		-142.49		-72.48		-162.49		167.8		-151.17
97		C		-66.77		171.73		56.28		82.57		-148.67		-75.63		-160.9		169.23		-149.25
