No.	   Seq		 Alpha		 Beta		Gamma		Delta		 Epsilon	 Zeta		  Chi		  Eta		 Theta

0		U		-73.89		176.34		54.8		93.95		-146.01		-71.67		-147.94		175.88		-148.78
1		U		-71.3		175.82		57.93		91.69		-144.04		-77.98		-153.06		174.01		-143.87
2		A		-73.06		175.63		53.11		95.4		-144.33		-73.02		-145.76		178.04		-144.4
3		C		-74.35		175.69		61.65		91.0		-143.38		-79.19		-152.41		173.35		-152.57
4		A		-67.17		176.52		53.8		97.38		-139.82		-73.36		-141.94		-168.03		-138.89
5		G		-74.48		176.09		64.81		92.84		-141.51		-80.19		-153.82		177.39		-149.47
6		C		-67.37		174.84		58.02		96.37		-141.35		-69.93		-144.99		-170.32		-133.99
7		U		-70.23		176.78		63.0		91.66		-142.58		-75.35		-151.45		177.21		-145.64
8		C		-71.38		-174.41		74.79		99.13		-142.1		-74.48		-140.36		177.12		-150.92
9		U		-72.88		175.97		66.41		97.09		-137.4		-76.68		-147.56		-178.98		-151.9
10		U		-60.76		-175.16		63.9		102.08		-138.09		-79.41		-138.38		-175.97		-156.9
11		U		-66.15		177.24		60.3		98.29		-136.45		-78.9		-147.34		-179.39		-150.5
12		U		-58.95		-178.91		57.54		97.23		-145.7		-77.94		-145.71		-172.49		-158.86
13		A		-77.68		-178.97		69.05		95.22		-139.76		-78.37		-151.07		-177.78		-148.92
14		G		-63.17		-177.66		66.83		89.27		-150.03		-76.78		-154.02		-175.37		-159.17
15		A		-68.81		176.67		65.8		96.93		-139.89		-82.24		-148.64		-172.03		-151.29
16		A		-62.98		177.33		59.66		96.47		-146.88		-68.94		-151.68		-173.54		-148.45
17		U		-67.69		173.84		64.64		99.85		-138.13		-78.37		-145.9		-177.48		-147.68
18		U		-61.69		178.17		53.38		102.64		-141.51		-68.78		-143.02		-169.01		-146.01
19		U		-68.58		176.19		61.42		98.49		-140.99		-79.66		-147.97		-178.04		-149.45
20		G		-65.7		-178.98		51.92		104.9		-143.77		-71.3		-144.09		-167.05		-158.51
21		U		-65.33		178.54		60.99		97.92		-141.0		-78.72		-149.13		-175.22		-150.55
22		C		-67.5		-177.89		53.55		102.1		-147.1		-74.18		-144.8		-175.15		-159.7
23		U		-70.89		178.28		64.36		98.28		-140.37		-79.05		-148.51		-177.76		-152.96
24		A		-72.55		-176.06		59.9		98.46		-145.99		-74.35		-145.4		-178.38		-154.15
25		G		-67.23		175.18		62.49		92.5		-143.27		-74.29		-153.63		178.24		-149.29
26		U		-66.72		179.81		55.09		95.16		-146.71		-66.64		-147.45		177.91		-145.22
