No.	   Seq		 Alpha		 Beta		Gamma		Delta		 Epsilon	 Zeta		  Chi		  Eta		 Theta

0		G		-82.18		178.39		71.92		91.59		-140.24		-82.27		-159.13		175.19		-146.52
1		A		-70.62		175.84		59.02		96.02		-138.38		-77.5		-149.53		-179.28		-147.57
2		C		-83.83		179.62		76.02		90.78		-139.36		-83.08		-159.25		174.77		-146.54
3		A		-70.25		176.98		58.78		96.59		-137.73		-79.63		-147.58		-177.69		-146.71
4		U		-81.5		177.81		69.19		93.53		-138.38		-84.54		-156.61		175.08		-148.47
5		A		-67.24		176.02		59.0		95.33		-137.19		-75.89		-149.37		-175.03		-144.13
6		C		-83.38		179.01		69.66		92.25		-138.78		-83.62		-157.79		173.98		-144.83
7		U		-67.61		178.2		58.3		95.71		-137.99		-76.56		-147.56		-177.89		-142.88
8		U		-87.23		179.22		72.0		91.91		-138.84		-84.87		-157.48		174.94		-144.8
9		G		-72.41		177.01		64.45		95.94		-138.61		-77.91		-151.93		-178.75		-149.39
10		U		-82.06		178.6		66.57		91.81		-139.47		-82.97		-158.41		174.72		-142.11
11		U		-69.01		178.16		59.7		97.23		-138.01		-76.82		-148.75		-177.22		-146.73
12		C		-99.09		179.49		75.11		94.21		-137.75		-83.79		-157.1		173.09		-143.32
13		C		-70.08		176.43		58.78		94.91		-141.23		-76.34		-151.59		-175.75		-151.47
14		A		-82.63		179.76		71.13		93.74		-137.37		-86.13		-156.34		177.34		-144.98
15		C		-66.9		175.4		56.92		97.74		-138.92		-74.89		-147.05		-176.04		-146.62
16		U		-85.69		-179.77		76.86		96.95		-135.39		-86.77		-154.96		176.02		-142.13
17		C		-65.9		178.21		56.93		98.83		-137.35		-77.27		-146.11		-173.0		-144.09
18		U		-90.37		178.92		71.76		96.61		-135.15		-89.0		-153.19		173.07		-147.2
19		A		-69.87		179.0		58.98		101.18		-135.74		-76.6		-145.65		-167.92		-147.09
20		G		-85.78		177.81		74.59		91.94		-138.39		-82.86		-157.67		174.65		-147.55
21		C		-71.48		177.96		61.23		96.44		-140.14		-75.29		-147.39		-176.11		-153.58
22		A		-89.49		178.0		76.3		91.01		-138.53		-85.24		-159.16		174.03		-145.58
23		G		-71.89		177.27		63.89		95.5		-141.16		-72.35		-150.68		-177.46		-152.26
24		C		-86.98		176.34		70.94		88.36		-140.9		-79.69		-160.32		170.51		-142.33
25		A		-74.83		179.4		62.96		96.41		-140.89		-74.67		-147.37		-178.68		-148.1
26		C		-88.63		177.79		77.44		89.81		-139.17		-82.75		-160.0		170.98		-146.12
27		G		-68.02		174.59		56.58		95.2		-141.57		-72.58		-147.11		-176.39		-147.66
28		U		-87.79		177.46		70.09		90.87		-139.63		-85.14		-158.49		172.66		-144.27
29		A		-72.41		176.11		59.7		98.84		-138.1		-79.24		-144.32		-179.42		-153.99
30		A		-91.43		178.21		78.06		90.92		-136.94		-83.31		-159.16		173.61		-145.19
31		A		-67.79		174.55		57.61		97.61		-139.23		-72.01		-145.86		-179.2		-146.05
32		U		-90.73		177.86		78.61		95.17		-135.81		-84.32		-155.92		174.4		-142.08
33		A		-69.99		-179.35		59.23		98.81		-138.2		-73.1		-145.92		-177.18		-148.4
34		U		-86.18		176.58		72.9		91.56		-138.68		-80.67		-159.0		173.07		-143.28
35		U		-68.09		175.04		56.4		94.7		-143.73		-74.23		-146.8		175.66		-149.12
36		G		-88.18		177.81		74.59		88.31		-140.44		-80.62		-160.38		174.33		-144.35
37		G		-72.62		177.74		62.13		91.46		-145.26		-74.86		-153.52		177.66		-148.92
38		C		-83.78		176.69		74.22		86.98		-142.39		-81.6		-160.89		171.57		-147.54
39		A		-70.62		176.16		60.12		90.75		-145.25		-74.47		-153.21		178.66		-145.36
40		C		-87.11		174.9		71.34		86.91		-141.89		-78.78		-162.11		169.59		-144.36
41		C		-67.8		177.57		58.23		93.04		-142.66		-75.43		-148.96		178.37		-149.94
42		A		-87.76		178.39		72.24		92.45		-138.65		-85.3		-158.24		175.58		-145.33
43		A		-67.78		175.72		58.3		102.98		-135.36		-76.67		-143.07		-175.24		-144.25
44		U		-89.76		178.72		82.27		95.78		-136.16		-85.45		-155.67		176.19		-148.72
45		A		-67.98		-176.77		63.53		106.17		-133.78		-84.41		-139.0		-171.84		-146.51
46		U		-90.29		177.1		72.35		97.38		-134.64		-84.32		-153.63		175.21		-142.64
47		U		-66.16		179.01		63.88		100.04		-137.3		-77.4		-144.5		-175.88		-150.01
48		A		-88.74		177.51		72.19		90.48		-139.47		-81.96		-159.64		173.49		-144.77
49		C		-67.43		176.34		60.04		93.75		-144.81		-72.97		-150.37		177.11		-153.8
50		U		-81.2		178.33		73.41		89.91		-139.68		-81.69		-158.97		176.74		-144.23
51		G		-69.6		177.51		62.96		93.89		-142.29		-77.93		-149.18		177.14		-151.35
52		U		-86.98		177.07		76.44		90.39		-139.75		-81.55		-159.6		172.13		-143.47
53		G		-66.72		173.94		60.18		96.55		-140.69		-81.19		-148.98		-178.73		-150.33
54		C		-82.24		177.29		69.74		89.57		-139.98		-80.91		-159.6		171.67		-142.4
55		U		-68.52		175.8		61.22		95.92		-140.7		-76.45		-148.8		-178.74		-144.03
56		G		-82.26		177.65		71.21		91.55		-139.34		-84.87		-158.39		176.31		-141.83
57		C		-67.24		176.17		59.53		94.94		-140.54		-75.04		-151.43		-178.54		-144.63
58		U		-79.61		179.06		72.11		92.56		-138.12		-84.82		-157.27		178.74		-142.15
59		U		-67.08		179.75		59.73		102.06		-137.08		-83.01		-142.03		-175.93		-148.86
60		U		-93.25		178.39		77.26		94.91		-136.33		-84.68		-155.78		174.08		-142.34
61		A		-74.27		179.86		65.3		101.2		-136.19		-79.75		-146.46		-175.85		-143.31
62		G		-82.4		-179.49		72.5		93.09		-137.96		-82.83		-157.28		174.63		-142.8
63		U		-69.52		179.08		63.87		97.54		-139.08		-81.01		-147.41		-178.86		-150.68
64		G		-80.96		178.34		73.29		90.5		-139.83		-81.29		-159.57		175.34		-142.47
65		U		-68.92		175.12		59.76		94.26		-141.49		-79.38		-150.17		176.91		-144.94
66		G		-84.61		179.28		73.6		91.69		-138.62		-83.76		-157.81		175.06		-147.14
67		A		-72.37		177.26		63.29		94.88		-139.86		-79.57		-151.68		178.12		-148.16
68		C		-80.16		176.7		71.01		88.49		-140.48		-82.14		-159.93		171.1		-146.46
69		A		-68.62		177.6		61.62		98.06		-138.34		-83.59		-147.45		-178.68		-147.02
70		G		-82.71		179.1		71.82		91.16		-139.47		-83.07		-158.95		173.84		-145.71
71		G		-69.19		176.41		62.5		95.93		-139.48		-79.56		-149.92		179.13		-145.88
72		G		-87.12		-179.38		78.06		91.36		-139.02		-83.24		-158.65		174.96		-145.19
73		A		-70.71		176.84		63.06		95.68		-140.25		-79.48		-151.99		179.09		-146.79
74		U		-81.82		177.42		72.84		93.2		-138.59		-82.85		-156.63		175.38		-146.36
75		A		-73.12		178.42		62.76		96.02		-140.66		-80.35		-150.98		179.09		-146.61
76		C		-86.59		178.71		73.53		90.08		-140.22		-82.04		-159.67		173.8		-143.9
77		A		-71.66		177.8		64.38		95.7		-139.96		-81.38		-150.85		179.94		-148.49
