No.	   Seq		 Alpha		 Beta		Gamma		Delta		 Epsilon	 Zeta		  Chi		  Eta		 Theta

0		G		-67.31		175.74		81.9		91.99		-139.7		-72.41		-163.7		178.14		-146.79
1		G		-70.19		170.21		67.21		91.85		-143.85		-69.45		-154.04		-174.76		-144.04
2		U		-69.69		176.88		65.61		93.75		-140.62		-85.5		-148.04		-177.26		-152.99
3		U		-59.81		173.18		63.42		88.42		-144.82		-66.65		-151.15		177.71		-142.56
4		C		-97.53		173.99		75.22		91.07		-143.77		-80.21		-152.79		159.37		-158.79
5		A		-59.95		176.63		59.42		94.92		-144.5		-66.89		-144.99		-172.62		-157.29
6		U		-63.11		176.71		64.54		98.32		-131.17		-87.03		-143.76		-176.58		-149.38
7		G		-64.94		173.42		61.61		100.98		-128.69		-67.08		-142.24		-170.59		-128.79
8		U		-90.23		168.09		61.69		102.14		-132.07		-66.0		-148.99		175.87		-120.54
9		C		-68.1		-176.49		76.79		92.73		-142.35		-78.87		-148.6		177.61		-163.79
10		C		-73.98		174.35		69.77		87.67		-142.4		-74.78		-152.96		-171.29		-164.04
11		U		-59.01		172.86		69.82		93.07		-142.99		-72.73		-153.2		-177.09		-148.79
12		A		-75.06		174.43		69.74		97.34		-137.74		-73.09		-148.83		-172.74		-149.7
13		C		-65.32		171.27		64.86		86.96		-146.69		-66.56		-156.55		163.52		-153.43
14		U		-72.39		172.73		66.34		95.34		-137.17		-85.55		-149.24		177.1		-153.4
15		G		-57.88		177.95		63.55		92.07		-144.77		-74.3		-154.06		-171.5		-146.02
16		U		-65.56		167.44		53.58		98.09		-135.97		-71.68		-144.73		-176.48		-138.48
17		U		-66.07		172.33		55.12		97.3		-138.62		-64.37		-146.21		174.29		-168.17
18		C		-83.98		174.41		70.1		98.59		-138.18		-85.32		-147.71		-176.18		-172.77
19		A		-62.52		171.77		57.91		95.47		-142.66		-64.52		-147.82		-168.25		-166.46
20		A		-69.61		174.59		69.61		87.92		-143.3		-73.12		-158.58		165.18		-142.33
21		G		-61.14		170.77		63.21		91.94		-139.25		-58.34		-157.19		173.53		-151.17
22		C		-71.41		172.33		68.16		84.0		-146.7		-68.93		-165.48		168.03		-144.19
23		C		-64.64		169.77		54.8		84.14		-156.83		-62.48		-157.24		170.77		-156.29
24		U		-68.89		172.23		53.55		83.07		-148.56		-73.59		-156.19		172.28		-145.49
25		C		-65.81		165.5		52.27		84.51		-148.0		-64.64		-151.58		162.9		-147.97
26		C		-62.57		168.69		57.63		79.98		-149.1		-74.11		-163.69		167.75		-155.38
27		A		-60.58		174.18		56.93		89.88		-149.62		-76.18		-148.05		173.94		-166.14
28		A		-61.48		176.62		62.92		99.21		-133.43		-76.98		-146.66		-177.59		-145.98
29		G		-56.65		168.46		69.09		90.34		-140.53		-69.0		-154.35		173.77		-136.99
30		C		-60.85		172.45		64.09		93.96		-137.47		-71.68		-152.87		179.56		-146.27
31		U		-62.71		176.72		60.69		95.56		-138.83		-75.91		-150.25		-179.34		-163.67
32		G		-65.59		171.31		59.07		100.39		-134.74		-87.88		-146.76		-166.22		-171.46
33		U		-59.39		164.18		55.37		98.5		-134.77		-73.02		-138.19		174.34		-135.51
34		G		-70.3		171.76		73.91		99.47		-135.3		-82.39		-147.11		-174.95		-152.08
35		C		-66.83		178.27		69.21		92.53		-138.9		-69.42		-154.62		176.5		-152.56
36		C		-60.36		170.09		71.28		82.32		-144.06		-67.04		-165.67		177.24		-156.71
37		U		-60.06		172.19		64.53		88.64		-138.26		-89.78		-149.89		178.41		-151.16
38		U		-61.95		167.65		57.8		90.25		-140.91		-73.91		-152.11		167.93		-145.13
39		G		-66.84		170.55		64.73		94.16		-139.03		-70.22		-150.99		174.96		-152.63
40		G		-66.86		176.64		73.97		89.14		-142.52		-82.05		-160.39		174.71		-156.04
41		G		-51.48		171.25		61.15		94.11		-133.92		-86.73		-149.51		-173.41		-155.72
42		U		-48.8		167.29		65.7		94.35		-128.37		-80.91		-153.84		-161.07		-127.5
43		G		-60.89		171.77		62.7		96.04		-135.91		-76.54		-151.34		176.69		-136.9
44		G		-75.37		176.46		72.91		86.48		-136.78		-75.68		-161.27		175.15		-137.07
45		C		-63.3		170.32		63.88		87.5		-136.76		-70.91		-155.27		172.42		-140.93
46		U		-61.23		178.1		64.43		94.39		-136.24		-84.61		-151.05		-174.9		-148.54
47		U		-56.31		170.35		51.25		100.25		-133.53		-81.96		-142.7		-175.99		-143.67
48		U		-71.2		170.98		64.62		94.14		-135.35		-75.0		-152.91		153.43		-156.18
49		G		-60.0		179.29		74.36		88.05		-135.13		-81.24		-160.39		165.07		-154.08
50		G		-56.14		172.66		65.45		84.1		-138.12		-76.99		-164.23		163.34		-146.72
51		G		-57.03		170.58		60.06		84.06		-142.31		-76.18		-162.89		177.08		-143.67
52		G		-67.95		175.08		70.77		79.05		-144.88		-74.91		-170.41		169.56		-144.22
53		C		-72.0		173.96		65.26		80.22		-142.79		-71.61		-166.78		161.09		-147.87
54		A		-69.31		173.58		60.77		83.98		-141.0		-75.89		-164.03		168.7		-147.96
55		U		-59.13		166.39		54.8		84.4		-139.65		-76.49		-158.36		167.9		-143.58
56		G		-73.01		170.78		66.83		81.67		-141.97		-74.66		-166.0		161.61		-143.67
57		G		-80.06		177.18		78.17		87.07		-137.52		-81.59		-163.46		171.76		-149.84
58		A		-69.19		176.75		66.77		86.02		-139.01		-74.85		-162.57		166.6		-148.37
59		C		-67.32		176.78		66.53		88.09		-137.51		-78.56		-158.5		174.27		-150.98
60		C		-66.43		172.04		64.38		82.4		-143.15		-76.36		-163.38		170.8		-146.08
