No.	   Seq		 Alpha		 Beta		Gamma		Delta		 Epsilon	 Zeta		  Chi		  Eta		 Theta

0		G		-72.71		173.65		68.31		89.01		-144.73		-79.33		-159.82		175.04		-159.35
1		G		-74.16		173.1		64.83		83.75		-144.05		-78.4		-164.8		174.69		-143.87
2		U		-64.18		174.75		58.48		87.03		-145.33		-76.13		-157.8		176.31		-144.05
3		C		-89.42		-179.68		73.51		86.37		-141.87		-89.07		-158.82		167.23		-151.62
4		A		-69.71		173.45		59.61		86.96		-144.52		-75.8		-158.35		172.72		-143.59
5		A		-69.76		173.55		62.48		87.2		-142.16		-83.07		-160.09		171.03		-147.86
6		A		-58.9		177.42		59.16		97.4		-135.47		-76.98		-149.51		-172.25		-141.02
7		U		-81.79		174.13		64.96		99.21		-129.93		-94.44		-150.94		173.5		-148.52
8		A		-65.91		177.42		68.04		101.46		-132.01		-78.48		-146.07		178.62		-137.84
9		G		-84.45		177.11		81.92		95.79		-134.99		-89.37		-156.24		-179.6		-152.28
10		G		-56.46		176.19		59.84		95.52		-138.25		-74.73		-154.82		-174.48		-150.39
11		U		-68.23		173.8		63.28		91.42		-134.99		-77.84		-159.6		178.26		-143.5
12		G		-62.56		175.62		64.79		95.33		-140.85		-79.23		-154.16		-172.74		-154.77
13		C		-84.69		172.09		67.49		86.0		-142.78		-75.23		-165.04		169.43		-155.52
14		C		-59.51		170.85		55.16		81.4		-152.17		-70.65		-162.8		179.47		-152.85
15		G		-73.58		174.73		65.85		84.53		-143.46		-82.5		-162.19		178.05		-147.52
16		G		-61.66		167.46		61.81		90.21		-146.93		-73.2		-159.47		-177.99		-152.49
17		U		-78.03		171.53		67.78		95.84		-137.45		-81.58		-157.55		176.54		-142.37
18		C		-69.52		-179.09		57.92		94.73		-143.61		-75.81		-154.57		176.27		-143.64
19		C		-95.25		178.49		66.47		92.3		-138.55		-82.97		-160.76		162.38		-142.72
20		G		-60.73		177.0		55.06		98.92		-138.54		-76.83		-153.55		-166.88		-155.37
21		U		-69.77		174.02		61.46		96.28		-135.9		-78.35		-156.98		178.22		-140.6
22		G		-74.32		173.92		64.45		104.86		-131.2		-70.07		-147.08		-171.19		-148.37
23		A		-101.34		177.02		93.8		99.24		-131.73		-88.53		-155.61		173.03		-147.74
24		A		-68.18		-176.36		69.3		101.81		-130.25		-73.55		-146.46		-179.66		-143.37
25		C		-78.56		173.27		68.25		85.53		-135.67		-75.43		-163.8		165.69		-134.45
26		A		-66.85		175.92		59.21		93.35		-137.91		-74.5		-152.83		170.75		-150.86
27		A		-76.27		171.0		59.75		91.32		-137.17		-80.92		-156.1		168.0		-144.56
28		C		-63.85		169.28		53.56		86.32		-145.91		-74.71		-152.33		165.25		-152.03
29		A		-75.58		171.09		72.38		79.45		-145.31		-74.21		-170.78		169.26		-138.92
30		G		-66.4		170.44		71.17		83.12		-147.31		-77.52		-163.57		173.23		-161.7
31		C		-66.8		168.61		63.45		82.26		-143.34		-74.28		-165.34		176.12		-150.75
32		C		-64.51		170.73		57.54		83.32		-147.53		-78.82		-160.05		165.14		-144.98
33		G		-81.24		172.65		79.63		89.96		-140.59		-81.36		-165.04		175.48		-143.1
34		G		-80.84		173.15		75.89		91.05		-140.3		-74.94		-160.29		176.48		-144.61
35		C		-78.82		174.85		71.11		83.36		-142.0		-77.56		-164.43		177.65		-144.15
36		U		-66.43		-179.82		59.34		93.64		-138.94		-83.44		-150.54		-177.36		-143.36
37		U		-106.18		178.06		83.59		103.7		-130.79		-103.86		-150.21		-172.92		-163.49
38		A		-89.5		172.37		74.19		99.5		-133.19		-88.22		-146.36		172.97		-156.87
39		A		-98.43		177.0		79.01		97.2		-134.55		-80.12		-152.87		171.74		-144.54
40		A		-66.44		175.21		59.42		97.56		-131.18		-95.2		-144.47		-178.15		-154.0
41		A		-79.1		176.12		74.11		90.55		-134.76		-79.19		-159.18		177.97		-148.32
42		G		-75.43		176.46		65.45		92.62		-139.65		-82.51		-154.25		164.04		-141.74
43		G		-83.77		177.43		69.02		84.25		-140.8		-74.59		-166.3		164.92		-136.11
44		G		-82.58		176.89		77.09		90.61		-138.18		-83.74		-155.49		174.95		-157.76
45		A		-124.1		176.95		96.73		89.45		-137.74		-82.38		-161.05		174.31		-154.31
46		A		-77.29		166.81		67.27		87.54		-142.83		-81.45		-160.77		168.3		-148.6
47		A		-94.87		173.67		75.83		95.28		-135.61		-78.49		-160.43		172.67		-136.09
48		C		-75.41		172.7		70.96		88.05		-141.32		-77.15		-161.0		168.54		-147.29
49		C		-77.32		175.61		77.89		85.67		-143.16		-78.14		-160.22		173.61		-150.38
50		G		-80.89		174.7		80.94		89.76		-140.43		-85.05		-163.84		-178.63		-153.41
51		G		-71.82		176.23		74.1		90.84		-137.18		-73.53		-162.73		-176.97		-140.75
52		U		-84.61		174.76		72.46		93.4		-133.95		-83.67		-156.33		171.74		-145.52
53		A		-102.82		177.29		74.83		99.17		-133.68		-93.89		-149.58		165.12		-149.86
54		A		-123.5		174.3		87.69		99.56		-132.63		-86.67		-154.05		171.01		-154.44
55		A		-73.52		168.11		75.9		90.26		-138.25		-75.65		-160.35		179.12		-141.96
56		A		-82.75		175.47		74.02		93.08		-138.25		-76.93		-159.29		175.72		-142.85
57		G		-98.42		179.12		95.32		87.22		-139.33		-72.27		-170.22		174.19		-134.91
58		C		-81.62		174.94		67.18		83.28		-142.79		-73.7		-166.26		167.93		-138.85
59		C		-75.32		178.65		66.64		77.28		-149.48		-76.6		-167.88		163.07		-144.27
60		G		-74.22		175.85		63.87		85.25		-144.77		-83.46		-163.78		170.73		-150.43
61		G		-70.22		172.69		57.76		93.34		-139.0		-85.97		-161.17		177.37		-148.52
62		U		-68.49		172.96		60.84		92.24		-138.37		-76.25		-160.31		173.37		-139.27
63		G		-75.79		172.53		67.02		90.2		-140.39		-78.82		-162.7		173.15		-142.53
64		C		-78.72		171.05		61.71		90.28		-141.16		-76.33		-161.98		170.68		-151.12
65		G		-67.48		175.31		63.07		82.12		-143.76		-77.04		-168.44		178.99		-145.39
66		G		-67.09		175.69		59.03		93.4		-137.49		-78.55		-157.21		-178.73		-139.71
67		U		-70.56		172.2		59.71		91.56		-136.3		-72.97		-157.88		165.43		-136.82
68		C		-90.79		175.48		71.65		95.93		-133.42		-83.22		-156.71		172.11		-133.86
69		C		-84.99		178.03		65.38		87.47		-143.71		-75.78		-164.37		167.3		-140.0
70		C		-77.13		172.54		64.73		80.35		-147.05		-73.81		-166.38		170.91		-142.53
71		G		-76.07		176.71		75.07		84.91		-142.42		-75.93		-164.55		177.15		-143.54
72		C		-79.78		171.7		63.43		82.98		-143.18		-71.84		-160.47		162.82		-144.06
73		C		-72.82		172.64		68.79		83.37		-144.35		-78.11		-161.75		165.87		-149.62
74		A		-71.5		-178.65		61.18		92.06		-139.13		-84.85		-156.88		172.04		-152.14
75		C		-75.27		170.21		70.95		82.9		-140.32		-73.06		-170.52		165.66		-140.48
76		U		-65.43		171.99		59.41		93.05		-133.1		-82.91		-153.62		176.73		-137.8
77		G		-69.77		174.66		61.86		90.08		-139.66		-80.73		-157.18		174.56		-141.3
78		U		-70.46		171.63		56.25		96.28		-132.17		-75.97		-151.95		-176.14		-135.75
79		A		-102.62		177.99		86.11		95.06		-135.31		-84.92		-154.22		173.63		-146.81
80		A		-82.33		178.83		72.78		95.59		-133.83		-95.93		-149.12		172.23		-165.76
81		U		-64.49		171.3		67.92		92.95		-134.6		-82.76		-154.57		176.08		-168.62
82		U		-76.2		172.94		73.28		88.96		-137.29		-71.96		-161.51		169.55		-139.52
83		G		-92.39		178.27		74.41		81.38		-144.29		-80.74		-164.77		161.17		-142.26
84		G		-79.44		173.49		69.38		83.18		-143.58		-75.88		-164.36		171.92		-145.15
85		C		-70.8		-178.79		63.5		81.63		-144.62		-75.62		-163.62		175.18		-147.4
86		C		-78.24		178.76		63.27		87.28		-145.88		-75.84		-156.14		178.58		-150.86
87		A		-91.59		179.09		74.25		91.49		-137.94		-96.14		-154.56		166.22		-160.96
88		A		-64.82		168.53		63.93		97.98		-131.19		-84.83		-148.61		-174.92		-157.15
89		G		-78.12		-179.33		80.13		89.28		-137.16		-81.56		-161.27		167.1		-144.61
90		C		-76.35		175.18		64.24		98.93		-137.31		-66.84		-151.03		-166.45		-134.48
91		G		-86.39		-176.5		77.95		91.68		-136.63		-87.08		-160.55		178.38		-155.27
92		C		-64.68		173.63		55.5		91.29		-135.61		-73.26		-151.32		-169.28		-139.2
93		C		-92.37		177.14		60.46		92.73		-137.44		-80.59		-155.29		166.24		-145.97
94		A		-71.89		177.43		65.94		101.35		-134.71		-78.39		-146.04		-163.24		-166.39
95		A		-112.49		175.67		80.76		97.41		-132.6		-79.61		-153.03		166.15		-158.01
96		G		-76.76		168.66		74.02		93.08		-139.02		-70.44		-157.33		173.98		-157.17
97		A		-83.66		172.59		74.4		89.01		-141.48		-71.35		-163.97		172.47		-131.98
98		G		-66.81		174.01		63.22		91.72		-142.92		-67.35		-155.3		175.5		-155.15
99		C		-82.16		174.46		66.53		86.34		-140.18		-75.94		-160.76		167.29		-151.36
100		C		-61.55		164.53		52.8		88.34		-142.07		-75.02		-156.63		167.93		-152.1
101		A		-69.79		173.48		60.45		84.52		-143.62		-79.2		-159.92		174.66		-145.82
102		G		-67.72		169.26		60.02		89.7		-140.02		-73.18		-156.55		173.54		-143.07
103		G		-69.13		169.23		64.71		86.92		-139.25		-79.21		-161.25		167.72		-145.49
104		A		-65.43		174.25		62.01		93.38		-137.18		-72.04		-151.89		-178.62		-131.39
105		U		-70.43		163.46		63.87		94.17		-137.73		-82.55		-155.21		173.13		-154.18
106		A		-69.63		174.0		61.45		94.85		-136.58		-67.72		-151.69		179.2		-147.94
107		C		-77.77		172.34		68.45		82.71		-145.24		-73.54		-163.6		166.97		-143.95
108		C		-60.91		171.12		51.65		83.7		-148.16		-73.11		-152.09		177.65		-143.84
109		U		-67.76		174.59		77.7		87.31		-142.51		-76.17		-166.2		-178.72		-158.63
110		G		-65.14		171.24		56.44		87.02		-153.9		-67.67		-159.99		173.19		-139.38
111		C		-75.53		173.89		61.27		85.47		-146.92		-74.39		-162.35		174.41		-140.78
112		C		-62.17		175.29		65.79		88.52		-141.63		-70.05		-152.8		179.37		-147.73
113		U		-81.94		172.88		76.56		87.04		-141.49		-80.93		-161.11		169.64		-157.48
114		G		-60.72		167.32		55.21		97.24		-143.76		-68.2		-149.98		-174.67		-162.96
115		U		-65.26		168.67		55.44		92.82		-136.67		-76.77		-156.18		178.89		-135.28
116		U		-55.28		-177.26		62.88		103.11		-128.52		-80.22		-137.15		-170.73		-162.71
117		U		-78.96		174.74		60.13		102.16		-128.51		-79.77		-145.31		-178.84		-129.15
118		G		-73.35		174.09		79.76		98.76		-136.31		-70.88		-154.2		-165.09		-156.7
119		A		-66.1		176.7		62.62		90.8		-137.67		-83.7		-157.44		-176.31		-143.99
120		U		-59.68		175.47		62.42		95.02		-136.58		-68.39		-150.26		175.81		-150.32
121		C		-81.87		171.71		67.18		91.0		-141.18		-82.68		-153.53		162.63		-149.12
122		A		-72.84		177.55		68.2		87.4		-150.63		-67.67		-157.55		166.53		-147.81
123		G		-72.94		172.41		67.49		80.91		-143.2		-82.7		-165.05		169.28		-146.25
124		C		-59.51		175.5		54.36		90.79		-143.51		-74.39		-151.48		178.37		-163.34
125		A		-68.71		179.37		76.93		83.54		-141.07		-75.68		-166.3		171.47		-134.58
126		C		-64.88		173.45		58.38		89.57		-143.86		-75.17		-152.46		175.82		-143.27
127		G		-90.56		171.91		76.59		84.81		-138.94		-81.67		-166.61		161.55		-148.77
128		A		-59.91		178.49		58.65		100.57		-133.07		-84.34		-141.5		-164.82		-148.44
129		A		-71.64		170.38		63.16		95.59		-135.61		-79.67		-153.93		175.71		-140.69
130		U		-59.88		174.51		63.13		103.36		-134.23		-73.2		-139.27		-177.27		-144.09
131		U		-85.82		179.77		78.2		100.49		-130.93		-93.8		-152.03		178.77		-151.96
132		C		-59.08		177.07		61.42		95.38		-143.31		-69.69		-148.85		173.61		-154.21
133		U		-71.43		177.75		62.65		91.52		-137.58		-81.05		-156.0		-173.98		-151.34
134		G		-61.56		-179.78		61.28		91.0		-145.09		-76.83		-155.22		177.26		-155.84
135		C		-78.84		171.94		72.07		79.73		-144.98		-69.84		-167.89		164.9		-143.23
136		G		-66.7		170.55		58.93		92.55		-144.38		-80.81		-150.38		175.58		-158.7
137		A		-78.14		178.51		75.44		87.58		-141.81		-79.21		-162.98		175.71		-147.01
138		G		-71.88		169.6		61.74		89.0		-143.26		-72.82		-156.89		169.79		-148.53
139		G		-82.15		173.34		77.93		88.41		-140.08		-80.31		-162.0		173.32		-144.93
140		A		-67.85		172.02		57.82		91.21		-141.33		-71.48		-154.22		172.36		-145.42
141		C		-71.52		171.6		62.82		90.11		-139.41		-80.13		-157.87		174.55		-147.95
142		A		-67.04		179.7		54.98		99.87		-134.55		-79.75		-144.93		-173.99		-137.46
143		G		-89.91		179.64		92.75		95.48		-136.53		-84.44		-157.48		178.41		-149.43
144		A		-65.68		175.33		64.26		100.69		-134.05		-74.92		-145.99		-176.62		-149.11
145		U		-72.42		175.54		64.56		97.54		-137.46		-79.3		-153.53		175.44		-148.37
146		G		-67.69		176.08		64.76		97.93		-138.56		-86.41		-148.17		178.93		-153.62
147		A		-90.22		179.49		85.76		93.18		-140.66		-79.73		-158.3		175.46		-148.49
