No.	   Seq		 Alpha		 Beta		Gamma		Delta		 Epsilon	 Zeta		  Chi		  Eta		 Theta

0		G		-55.97		171.42		60.72		74.72		-153.2		-73.26		-172.42		164.31		-135.83
1		G		-68.32		173.64		67.64		78.48		-153.06		-69.27		-169.73		167.68		-151.59
2		G		-48.68		162.35		54.06		75.39		-155.62		-72.78		-174.64		166.31		-147.39
3		G		-60.84		172.05		66.42		84.17		-150.39		-63.85		-173.34		171.28		-149.16
4		U		-65.8		-179.31		63.42		86.85		-137.04		-82.28		-160.56		170.53		-135.94
5		C		-53.08		174.4		53.52		90.28		-137.75		-83.12		-144.4		-179.68		-116.25
6		U		-52.58		-176.83		61.38		81.43		-139.77		-74.94		-171.89		170.67		-134.06
7		C		-50.28		174.14		42.21		96.61		-138.39		-59.23		-147.21		-169.04		-110.37
8		U		-68.29		-179.21		59.4		85.06		-139.92		-65.54		-161.39		155.95		-126.98
9		C		-58.39		178.09		57.4		94.16		-130.25		-92.32		-141.27		-173.35		-134.69
10		U		-53.08		169.49		52.25		81.27		-131.98		-71.25		-163.05		152.73		-117.55
11		U		-69.86		179.67		89.68		94.33		-125.73		-84.23		-146.96		170.72		-115.37
12		G		162.98		174.35		85.9		93.49		-131.1		-99.52		-163.79		18.73		-148.04
13		U		-41.21		177.99		53.04		96.55		-129.18		-78.0		-143.29		-158.21		-111.04
14		C		-161.76		177.6		70.8		100.49		-122.97		-79.38		-140.74		-66.91		-104.92
15		G		139.27		-175.64		137.9		112.39		-116.23		-124.17		-137.05		-39.9		-148.91
16		A		174.07		174.35		111.34		110.83		-118.77		-104.78		-150.13		-53.02		-161.39
17		G		-30.52		166.32		88.31		97.33		-122.55		-123.04		-153.74		-168.09		167.84
18		A		-55.39		170.23		78.32		115.52		-116.16		-79.82		-129.18		-167.24		-102.22
19		G		-113.35		173.61		102.36		114.03		-123.26		-89.08		-142.52		179.69		-127.74
20		G		-91.82		-175.04		125.12		95.81		-132.69		-78.05		-163.06		-169.58		-155.97
21		C		-72.38		176.26		54.1		87.81		-142.54		-76.83		-160.26		167.57		-175.82
22		A		-51.25		172.99		54.82		85.23		-144.94		-78.05		-159.92		-168.41		-170.69
23		A		-54.95		174.73		50.83		84.59		-146.14		-62.96		-162.35		175.19		-148.66
24		G		-57.98		163.63		63.67		72.77		-145.62		-62.31		-171.06		157.29		-141.92
25		G		-75.14		177.45		76.9		67.41		-154.44		-73.33		177.12		161.76		-145.32
26		A		-60.33		169.39		54.73		77.84		-148.38		-68.55		-167.35		171.95		-149.98
27		A		-72.48		165.4		65.13		76.41		-146.62		-63.79		-172.93		164.24		-135.46
28		C		-65.57		174.7		59.95		69.8		-153.05		-66.24		-168.83		162.94		-142.66
29		C		-72.42		164.54		47.12		67.12		-153.65		-67.13		-171.78		156.07		-131.98
30		C		-68.45		-176.26		60.22		75.14		-147.68		-74.94		-167.07		173.1		-158.79
31		A		-66.71		167.26		51.87		82.05		-147.27		-77.82		-164.45		172.91		-149.32
32		C		-58.82		178.15		58.28		82.65		-144.65		-64.28		-170.77		170.61		-142.22
33		U		-64.21		174.02		75.04		111.43		-117.71		-74.29		-143.84		-175.5		-108.06
