No.	   Seq		 Alpha		 Beta		Gamma		Delta		 Epsilon	 Zeta		  Chi		  Eta		 Theta

0		G		-66.19		166.76		65.66		85.88		-144.07		-69.23		-167.38		173.4		-150.22
1		G		-56.39		169.22		64.95		88.82		-145.76		-64.24		-165.46		-178.78		-153.13
2		U		-62.02		164.36		55.54		85.34		-141.6		-63.02		-161.09		177.58		-138.58
3		U		-61.22		169.52		56.95		92.62		-143.22		-69.32		-148.1		178.72		-140.45
4		U		-64.81		166.14		56.38		88.66		-139.45		-65.15		-154.9		177.12		-140.72
5		G		-61.25		173.62		65.55		88.08		-145.9		-71.34		-162.98		-179.7		-163.17
6		U		-53.22		167.66		49.56		97.35		-132.71		-70.43		-141.94		-170.88		-150.57
7		U		-53.34		175.16		53.36		91.77		-141.84		-77.82		-148.88		-179.36		-158.49
8		U		-58.58		168.07		55.47		99.65		-127.87		-71.97		-142.22		-162.23		-121.33
9		G		-67.72		171.03		69.96		85.59		-141.29		-68.97		-165.04		148.14		-155.31
10		A		-55.52		169.14		57.52		92.75		-130.29		-86.17		-146.59		-164.12		-138.77
11		A		-39.05		173.07		55.09		100.28		-122.51		-81.38		-141.67		-167.66		-158.38
12		U		-51.69		170.12		68.77		111.56		-122.22		-112.51		-136.51		-136.89		-169.02
13		A		-64.7		172.29		59.9		109.3		-123.73		-80.41		-137.44		-134.56		-135.0
14		G		-60.29		170.83		66.48		96.77		-136.94		-92.6		-146.9		174.3		-168.42
15		A		-53.62		174.64		59.58		106.36		-125.33		-81.59		-136.54		-155.54		-147.59
16		G		-56.92		167.11		68.33		94.66		-141.03		-92.18		-150.2		-175.41		-173.53
17		A		-57.0		173.15		61.98		101.78		-140.65		-73.4		-148.44		-167.92		-145.28
18		G		-63.13		168.54		55.03		102.09		-132.99		-76.61		-147.54		-166.93		-157.58
19		C		-57.44		173.2		49.47		91.51		-146.01		-72.26		-149.4		-178.89		-155.82
20		A		-63.31		165.65		53.65		94.91		-137.19		-65.53		-151.27		-162.61		-157.03
21		G		-61.57		167.71		61.78		96.82		-142.75		-86.81		-148.81		-173.56		173.52
22		A		-58.22		173.05		65.74		97.36		-137.59		-52.92		-148.88		-167.67		-146.38
23		U		-58.92		170.32		53.9		100.36		-139.39		-67.29		-145.68		176.61		-150.03
24		C		-63.34		174.84		61.34		94.5		-140.58		-57.2		-149.74		172.97		-142.31
25		U		-58.2		169.86		60.81		96.63		-138.59		-65.76		-151.65		-175.59		-151.35
26		C		-61.67		172.23		53.99		94.61		-143.69		-70.48		-146.8		-178.73		-162.27
27		U		-57.19		172.6		51.77		89.09		-144.62		-65.07		-153.71		178.44		-146.78
28		G		-62.87		174.49		59.59		91.12		-143.49		-71.39		-153.86		-177.66		-152.47
29		G		-79.97		179.8		78.33		97.46		-138.16		-77.89		-155.3		179.25		-154.67
30		A		-65.81		172.25		69.2		98.15		-141.27		-69.59		-148.13		-174.33		-145.82
31		A		-71.4		169.84		59.22		95.29		-134.24		-76.68		-149.29		173.07		-159.68
32		A		-53.86		164.72		60.52		97.3		-136.78		-59.3		-148.63		179.83		-149.67
33		A		-63.83		167.23		50.38		98.45		-138.57		-79.27		-145.81		171.88		-148.21
34		A		-53.07		166.42		47.63		99.44		-143.42		-58.9		-147.71		-179.26		-139.25
35		U		-58.12		164.41		50.8		94.32		-141.19		-73.02		-150.29		175.34		-147.72
36		G		-60.13		174.7		56.67		98.29		-148.29		-71.83		-148.71		179.3		-164.98
37		A		-61.98		170.61		54.91		91.23		-145.9		-82.04		-152.83		175.09		-145.75
38		A		-58.52		173.51		62.51		88.74		-146.84		-68.28		-155.34		170.87		-155.65
39		C		-61.73		162.26		65.86		88.62		-141.87		-77.64		-157.38		177.78		-146.58
40		C		-64.76		175.19		61.39		86.39		-155.73		-73.48		-155.52		176.59		-161.22
