No.	   Seq		 Alpha		 Beta		Gamma		Delta		 Epsilon	 Zeta		  Chi		  Eta		 Theta

0		G		-74.12		173.58		70.71		86.16		-141.41		-74.24		-165.08		173.72		-147.74
1		G		-71.25		175.31		68.56		89.55		-142.88		-84.97		-160.53		172.51		-158.02
2		A		-67.01		174.47		61.28		88.51		-141.83		-79.2		-157.6		-177.42		-148.02
3		U		-65.57		172.83		55.2		89.77		-137.63		-76.04		-154.61		170.45		-131.68
4		C		-80.82		170.6		68.25		85.41		-139.28		-70.28		-160.19		167.85		-139.96
5		A		-78.65		175.81		63.52		87.68		-139.13		-89.26		-158.51		161.82		-161.63
6		A		-60.14		173.39		64.54		101.89		-128.94		-82.85		-144.16		-170.72		-155.11
7		U		-65.91		171.11		54.0		104.81		-123.53		-99.37		-136.11		-175.95		-143.4
8		A		-78.27		-175.58		89.55		113.6		-121.92		-99.26		-139.79		-162.74		-114.2
9		G		-95.19		177.74		84.69		101.97		-126.62		-86.44		-150.46		-173.24		-159.94
10		C		-63.02		173.95		61.17		90.5		-138.87		-87.59		-156.49		174.45		-161.87
11		A		-62.96		171.33		54.2		90.58		-138.95		-66.51		-152.11		-165.66		-143.03
12		G		-80.34		178.4		89.39		89.95		-144.2		-89.09		-162.27		-176.51		-160.74
13		G		-57.61		166.01		57.41		90.66		-138.77		-64.43		-157.88		-173.74		-143.93
14		U		-76.57		174.47		70.79		90.15		-139.35		-79.83		-161.79		171.57		-147.53
15		G		-60.79		171.64		61.22		109.21		-128.74		-90.13		-137.74		-161.34		-168.9
16		U		-64.64		174.8		58.58		100.03		-133.24		-82.16		-151.28		-170.5		-157.65
17		G		-69.94		167.75		62.2		102.36		-134.33		-76.22		-149.02		-175.82		-143.22
18		G		-91.94		179.2		61.31		100.6		-133.47		-76.75		-152.56		-178.67		-135.69
19		C		-66.54		172.55		56.56		91.82		-145.2		-68.35		-149.71		-179.29		-163.29
20		A		-73.58		-179.28		71.41		97.48		-134.24		-86.42		-151.76		-167.56		-156.97
21		C		-67.55		173.85		65.1		95.3		-144.11		-72.91		-146.16		170.72		-161.9
22		A		-66.93		173.71		60.48		93.53		-135.72		-65.82		-155.68		178.78		-125.41
23		C		-63.67		176.16		58.44		90.44		-140.57		-60.99		-148.84		169.42		-142.46
24		C		-66.21		172.18		57.57		83.41		-144.95		-72.62		-160.48		161.47		-146.01
25		A		-69.19		178.29		60.81		96.72		-138.82		-76.39		-152.67		-168.28		-143.54
26		G		-64.72		170.48		58.46		92.26		-140.61		-77.23		-154.17		171.54		-144.82
27		U		-61.78		178.74		58.83		93.45		-137.03		-64.66		-148.19		175.92		-149.5
28		C		-66.67		166.5		57.18		85.44		-143.88		-83.69		-158.83		165.17		-150.88
29		A		-58.68		170.57		59.14		93.04		-143.67		-71.76		-154.3		-177.34		-154.12
30		U		-65.27		163.83		64.76		84.69		-143.56		-74.09		-161.83		170.79		-149.63
31		A		-63.65		170.5		55.6		91.74		-146.57		-66.88		-149.76		173.64		-152.68
32		C		-62.56		171.96		60.6		78.7		-146.86		-67.55		-171.98		163.58		-138.92
33		C		-55.14		171.81		50.26		89.89		-149.77		-72.33		-150.39		178.57		-160.72
34		U		-60.67		169.37		55.24		84.58		-143.73		-77.57		-159.44		174.91		-148.14
35		U		-58.83		168.13		54.91		92.43		-151.47		-69.37		-148.04		173.38		-161.37
36		G		-82.18		171.35		75.94		87.76		-139.39		-74.31		-164.96		173.09		-145.24
37		A		-60.77		172.46		57.38		85.77		-151.55		-68.78		-158.59		172.22		-150.05
38		U		-70.56		171.14		71.71		89.36		-138.98		-81.4		-157.61		173.84		-150.32
39		C		-58.01		168.23		56.26		84.98		-153.05		-67.05		-157.7		177.51		-144.54
40		C		-72.06		175.99		68.24		89.41		-140.8		-84.47		-157.46		-178.97		-154.66
