No.	   Seq		 Alpha		 Beta		Gamma		Delta		 Epsilon	 Zeta		  Chi		  Eta		 Theta

0		G		-74.11		176.1		65.22		91.48		-137.72		-82.14		-159.12		177.66		-146.68
1		U		-68.66		170.33		52.84		96.77		-135.94		-73.49		-148.1		-176.43		-149.04
2		A		-80.83		175.59		68.83		94.48		-138.31		-83.54		-156.72		175.77		-151.52
3		A		-70.48		174.86		60.76		99.75		-132.72		-72.64		-148.16		-171.02		-144.38
4		G		-75.39		174.73		70.2		88.09		-139.89		-82.67		-160.07		172.85		-153.57
5		A		-65.21		173.24		51.29		98.51		-134.77		-75.79		-145.29		-175.21		-135.77
6		G		-76.76		173.85		67.43		92.35		-139.03		-75.15		-158.57		173.94		-141.13
7		C		-71.29		174.33		58.49		91.18		-141.41		-75.47		-151.36		-179.83		-148.74
8		C		-64.72		173.48		54.78		90.85		-138.48		-79.46		-153.74		179.68		-145.23
9		U		-68.11		174.9		57.65		89.66		-141.42		-76.21		-151.35		174.97		-151.13
10		A		-74.43		170.59		60.67		96.43		-137.57		-79.29		-153.42		-176.79		-147.54
11		G		-65.48		172.65		59.64		93.92		-138.54		-66.66		-152.04		-177.67		-151.68
12		C		-80.19		178.91		75.76		94.01		-138.49		-83.19		-154.21		178.02		-147.8
13		A		-64.09		173.17		56.6		100.3		-135.24		-76.78		-140.63		-172.68		-148.78
14		U		-78.67		174.94		75.06		97.04		-136.99		-82.82		-154.51		178.14		-146.99
15		G		-62.57		170.33		55.48		97.36		-140.32		-72.35		-146.27		-171.48		-158.06
16		U		-70.67		174.66		57.0		98.07		-137.13		-86.06		-147.09		175.55		-150.83
17		A		-68.65		173.71		59.52		100.3		-136.01		-68.2		-143.64		-168.57		-141.84
18		G		-92.56		174.24		77.74		97.25		-135.79		-89.43		-152.35		-179.1		-158.08
19		A		-66.36		172.61		61.15		92.88		-143.24		-68.77		-150.4		-177.59		-152.9
20		A		-78.8		175.75		77.38		99.24		-132.64		-91.89		-148.9		-172.6		-156.93
21		A		-60.4		176.6		61.22		100.81		-139.05		-65.75		-140.47		-175.3		-156.86
22		U		-68.75		172.28		66.79		98.08		-134.84		-76.11		-146.79		177.91		-140.1
23		G		-72.71		178.42		72.15		99.19		-144.11		-78.73		-144.16		178.81		-163.97
24		A		-72.07		177.78		67.25		101.52		-135.64		-75.15		-149.75		-172.07		-151.0
25		U		-56.98		178.58		63.21		96.17		-143.01		-75.58		-148.74		-171.54		-161.68
26		G		-67.56		176.16		64.54		95.43		-140.17		-79.02		-152.17		-179.2		-147.42
27		U		-63.19		174.04		59.15		97.75		-142.37		-69.42		-146.15		-175.35		-149.88
28		C		-72.68		176.53		70.51		90.95		-142.71		-84.73		-154.38		178.72		-155.91
29		A		-62.58		179.73		62.11		96.16		-144.2		-69.85		-150.77		-167.94		-156.91
30		U		-69.97		173.18		60.3		93.62		-142.02		-80.65		-151.84		177.8		-148.61
31		A		-63.91		179.15		66.56		96.99		-142.91		-68.41		-149.77		-172.35		-145.59
32		C		-69.11		174.61		59.98		92.04		-141.74		-76.69		-155.12		173.94		-143.27
33		U		-61.0		176.5		52.39		99.81		-143.88		-73.3		-144.35		-176.81		-153.94
34		U		-68.95		174.77		61.86		98.04		-137.93		-88.24		-148.84		-175.23		-148.12
35		A		-64.57		175.08		57.75		96.73		-144.51		-69.02		-147.86		176.59		-152.74
36		U		-68.24		174.41		62.21		97.34		-137.56		-76.76		-153.71		-179.44		-136.34
37		C		-61.93		175.69		52.47		96.27		-145.18		-71.64		-145.55		174.66		-155.09
38		C		-71.23		178.38		65.91		94.99		-139.94		-79.77		-153.77		-179.01		-146.78
39		U		-64.69		177.26		62.5		94.39		-146.18		-77.77		-148.68		177.56		-152.66
40		G		-69.84		176.68		62.11		94.96		-140.38		-82.0		-154.63		-179.04		-151.16
