No.	   Seq		 Alpha		 Beta		Gamma		Delta		 Epsilon	 Zeta		  Chi		  Eta		 Theta

0		C		-76.77		177.19		67.7		88.64		-140.97		-83.39		-159.0		175.59		-145.88
1		C		-72.39		177.1		61.46		89.72		-143.26		-75.59		-156.97		176.34		-139.87
2		G		-83.8		177.46		68.56		87.85		-141.62		-82.35		-161.71		169.37		-142.52
3		A		-72.73		177.65		60.01		93.42		-141.39		-80.34		-154.4		177.67		-144.7
4		C		-80.63		176.47		69.38		87.51		-141.6		-81.7		-161.45		171.68		-146.21
5		A		-76.2		179.96		64.66		94.98		-141.21		-79.94		-153.87		178.82		-141.59
6		G		-92.42		179.99		77.3		89.49		-140.15		-83.58		-160.98		170.86		-144.56
7		G		-72.05		179.07		65.29		91.34		-140.52		-81.06		-156.95		-179.29		-145.23
8		U		-81.18		177.49		64.69		93.05		-137.94		-83.96		-156.12		175.77		-144.49
9		A		-82.14		-178.42		72.43		96.67		-138.64		-83.46		-152.92		177.03		-145.12
10		A		-98.07		-179.75		78.01		94.55		-136.29		-82.47		-158.24		178.11		-140.42
11		G		-74.83		179.65		68.6		91.52		-139.08		-80.59		-157.09		175.78		-146.13
12		U		-87.83		179.77		73.53		89.68		-137.54		-83.36		-159.07		173.76		-141.34
13		A		-76.11		178.83		65.68		99.87		-136.1		-83.93		-150.2		-172.43		-145.15
14		U		-90.05		179.08		74.79		95.35		-135.99		-85.07		-154.7		174.12		-143.77
15		U		-74.87		179.33		63.34		99.19		-136.3		-87.44		-147.74		-178.78		-144.2
16		A		-110.25		179.56		79.41		99.79		-133.12		-89.22		-152.53		174.05		-142.25
17		A		-75.65		-179.69		72.62		99.99		-136.52		-80.54		-152.98		-172.96		-144.9
18		C		-90.04		-179.66		79.76		93.95		-137.45		-87.48		-157.01		174.75		-148.2
19		C		-71.34		-179.49		63.38		91.16		-143.55		-80.1		-157.68		179.71		-143.94
20		G		-88.18		178.72		78.68		93.8		-138.76		-85.36		-157.79		178.14		-144.76
21		G		-75.98		-179.46		65.59		94.43		-141.7		-81.53		-154.58		-179.07		-151.1
22		A		-92.16		179.11		80.03		94.41		-137.51		-83.41		-157.87		177.35		-143.66
23		G		-79.07		179.0		70.04		97.92		-139.43		-87.81		-153.61		179.95		-154.3
24		A		-85.12		179.02		72.64		93.18		-138.63		-80.33		-159.52		176.97		-144.65
25		G		-78.82		-179.58		66.08		96.58		-139.63		-81.55		-153.15		178.46		-145.73
26		G		-83.69		179.68		69.36		93.05		-139.03		-81.66		-157.5		176.73		-142.64
27		G		-79.0		179.69		66.96		96.71		-138.53		-83.14		-152.25		-177.64		-151.07
28		A		-85.95		177.95		71.86		91.31		-139.53		-81.65		-158.11		174.5		-146.33
29		A		-78.47		-178.94		65.33		98.37		-139.41		-81.07		-151.11		175.24		-145.26
30		C		-80.93		179.08		68.23		90.91		-139.08		-80.22		-158.17		172.45		-140.77
31		C		-83.55		179.52		69.07		90.72		-140.12		-78.13		-158.0		171.88		-142.24
32		C		-83.68		178.37		68.71		89.9		-141.19		-82.1		-158.77		173.32		-146.82
33		A		-74.51		176.39		57.98		92.53		-141.42		-81.45		-154.24		175.36		-142.09
34		C		-80.15		177.14		67.82		90.35		-139.18		-78.76		-159.94		173.06		-138.38
35		U		-84.54		179.96		70.54		95.24		-138.0		-83.38		-155.06		172.37		-143.67
