No.	   Seq		 Alpha		 Beta		Gamma		Delta		 Epsilon	 Zeta		  Chi		  Eta		 Theta

0		A		-72.99		177.27		66.71		99.7		-135.3		-82.06		-148.48		-172.67		-156.7
1		C		-66.31		176.04		63.35		96.36		-135.71		-80.3		-151.38		-172.79		-151.07
2		A		-70.19		171.89		56.09		90.92		-139.6		-77.25		-153.53		178.62		-139.12
3		U		-67.66		171.6		55.36		95.97		-139.07		-83.63		-152.16		-176.15		-152.18
4		A		-63.39		172.63		52.83		94.64		-138.48		-76.18		-145.85		-178.22		-137.51
5		C		-70.38		172.39		57.89		96.27		-140.96		-87.12		-146.78		177.45		-154.67
6		A		-64.87		174.78		61.57		99.96		-136.68		-86.76		-142.52		-174.63		-149.03
7		G		-64.84		174.36		65.56		92.28		-142.67		-81.99		-154.47		-176.39		-154.92
8		G		-63.4		171.79		62.49		93.12		-144.66		-76.9		-154.92		-178.13		-153.4
9		G		-69.44		171.78		60.1		92.04		-143.13		-73.94		-155.13		-179.93		-143.61
10		G		-69.8		176.71		67.74		94.9		-141.54		-81.97		-152.06		-176.04		-150.18
11		G		-72.5		173.06		58.78		98.23		-136.38		-76.23		-147.62		-172.19		-147.03
12		U		-67.98		172.42		62.07		97.4		-141.63		-81.18		-148.82		-176.98		-161.97
13		A		-73.32		179.68		64.92		99.89		-135.61		-77.72		-146.01		-172.57		-153.16
14		U		-66.26		173.72		58.59		97.51		-139.08		-69.95		-148.45		-174.43		-153.16
15		U		-71.61		177.49		61.6		99.61		-135.59		-77.38		-139.41		177.84		-154.41
16		A		-81.26		-177.32		74.84		102.63		-136.81		-84.17		-145.11		-165.43		-158.37
17		A		-70.11		179.68		70.87		104.14		-131.79		-81.16		-142.37		-173.49		-149.48
18		U		-62.96		-178.9		67.53		103.88		-132.37		-82.63		-144.53		-168.26		-160.76
19		U		-63.19		179.69		61.97		98.12		-136.49		-79.29		-142.83		179.63		-145.19
20		U		-72.68		174.64		63.04		102.06		-136.61		-74.32		-145.48		-174.49		-149.45
21		G		-75.44		175.23		73.37		99.41		-138.55		-81.89		-147.93		-175.32		-156.08
22		A		-81.54		-178.66		71.99		104.38		-134.75		-82.23		-144.08		-165.12		-160.71
23		A		-71.95		174.48		74.75		100.52		-135.66		-78.21		-146.5		-178.78		-150.25
24		A		-73.54		176.34		72.31		101.98		-137.0		-79.94		-146.05		-177.59		-152.94
25		A		-68.78		173.23		63.24		97.69		-141.79		-75.76		-151.23		174.96		-151.06
26		A		-69.09		174.33		60.06		100.08		-141.92		-77.49		-145.4		179.87		-150.41
27		G		-66.71		175.65		61.71		98.15		-143.74		-77.0		-149.77		-178.94		-160.35
28		A		-66.15		172.81		59.15		91.5		-147.35		-73.01		-152.96		176.83		-148.1
29		A		-66.69		176.29		59.75		92.4		-147.68		-74.41		-153.0		177.18		-151.03
30		A		-63.24		172.31		54.74		92.45		-146.71		-73.99		-150.65		174.47		-147.93
31		A		-66.64		179.07		65.53		92.06		-145.33		-75.17		-154.21		179.65		-150.82
