No.	   Seq		 Alpha		 Beta		Gamma		Delta		 Epsilon	 Zeta		  Chi		  Eta		 Theta

0		G		-81.55		179.67		69.35		84.11		-145.0		-76.43		-165.1		167.3		-142.82
1		C		-79.85		-179.78		64.95		85.79		-144.21		-75.99		-161.35		168.83		-143.49
2		G		-80.26		-179.14		67.81		84.43		-141.69		-78.37		-165.26		169.0		-141.82
3		C		-89.84		179.24		65.86		86.65		-142.83		-79.59		-162.11		166.58		-144.65
4		A		-95.98		-178.8		73.1		84.94		-142.71		-77.94		-164.08		166.26		-145.94
5		A		-76.81		178.48		58.25		87.04		-140.83		-77.79		-155.71		170.2		-134.93
6		C		-88.42		178.6		68.71		89.5		-138.08		-83.23		-157.08		164.87		-145.15
7		A		-81.12		-178.81		64.29		94.41		-138.02		-84.19		-155.16		173.56		-139.42
8		U		-131.97		-175.3		88.46		99.8		-134.77		-79.34		-158.52		175.55		-137.33
9		C		-98.28		-178.15		75.21		89.82		-140.84		-78.08		-160.75		164.41		-140.93
10		C		-86.57		178.51		67.62		85.15		-143.24		-78.53		-160.43		169.47		-141.52
11		C		-78.49		-179.86		68.71		85.51		-143.13		-80.33		-161.31		173.1		-148.21
12		C		-90.01		178.0		73.98		87.1		-143.19		-78.39		-163.05		172.79		-148.8
13		G		-83.5		178.88		81.75		91.09		-140.21		-83.02		-160.0		178.8		-147.82
14		C		-84.42		179.39		69.94		89.95		-139.37		-82.72		-157.37		173.02		-143.28
15		C		-82.77		178.07		80.51		88.46		-139.04		-76.82		-159.63		172.13		-141.55
16		G		-92.23		179.58		82.35		89.26		-141.06		-84.26		-162.83		175.42		-148.61
17		G		-80.04		174.54		69.17		90.49		-140.44		-75.92		-161.63		-179.66		-147.88
18		U		-79.87		177.64		70.02		96.12		-133.01		-83.3		-151.86		178.43		-140.68
19		U		-85.54		-179.59		66.44		97.54		-135.2		-84.5		-148.04		179.88		-146.03
20		G		-146.31		179.74		97.88		90.22		-139.99		-78.31		-166.07		162.07		-150.53
21		G		-76.13		175.95		70.14		86.76		-143.54		-76.33		-164.49		178.41		-150.15
22		G		-86.74		-175.94		84.72		81.43		-142.54		-78.5		-166.53		170.57		-143.65
23		C		-72.88		178.42		63.21		81.2		-144.78		-73.26		-164.79		168.67		-136.3
24		G		-94.08		-179.5		72.72		82.01		-143.42		-74.58		-164.63		160.82		-136.89
25		C		-88.44		177.96		65.51		82.31		-144.73		-80.58		-162.3		159.24		-145.48
26		A		-74.58		176.98		58.6		88.05		-138.54		-78.84		-157.32		168.91		-139.03
27		U		-73.88		179.69		66.18		96.33		-132.33		-85.69		-152.27		178.9		-144.63
28		U		-84.13		177.64		61.55		94.58		-132.71		-78.08		-154.21		165.68		-130.67
29		G		-125.4		-178.89		75.57		91.36		-135.34		-78.07		-159.32		152.85		-135.05
30		C		-82.86		-178.64		65.26		86.06		-140.41		-81.02		-160.87		168.06		-142.01
31		A		-71.25		-179.59		62.47		87.2		-138.67		-76.8		-161.29		175.1		-139.91
32		C		-81.37		179.64		70.86		85.47		-141.81		-76.56		-161.42		170.88		-141.88
33		U		-92.06		179.41		70.48		88.64		-139.11		-75.54		-159.99		165.34		-135.1
34		C		-93.68		-179.11		75.95		82.14		-142.86		-77.9		-166.23		158.29		-147.29
35		C		-77.4		175.66		63.28		77.97		-146.85		-72.91		-169.35		163.15		-143.75
36		G		-80.47		177.34		71.15		80.41		-145.81		-77.28		-168.82		168.31		-144.89
37		C		-78.47		178.63		66.52		79.39		-145.07		-75.42		-164.44		162.66		-141.89
38		G		-98.09		178.55		80.93		84.89		-138.61		-77.15		-164.67		166.29		-141.64
39		C		-76.5		174.54		61.56		84.91		-141.95		-83.0		-160.78		163.69		-147.39
40		A		-82.27		-179.7		70.09		86.57		-141.08		-78.72		-163.29		168.01		-143.46
41		G		-80.5		178.36		71.74		86.69		-140.31		-79.46		-162.25		172.77		-140.77
42		U		-80.69		179.66		66.29		89.13		-138.26		-74.51		-158.08		168.36		-140.58
43		G		-85.21		178.49		71.07		90.76		-137.88		-80.72		-157.73		175.15		-145.9
44		A		-91.37		-177.29		65.66		93.84		-136.32		-84.44		-155.29		171.71		-144.65
45		A		-78.09		179.4		69.76		90.8		-137.88		-74.41		-159.91		169.53		-140.02
46		C		-77.95		-177.43		73.25		84.65		-141.36		-78.68		-160.33		171.53		-144.3
47		C		-79.01		177.09		63.77		82.68		-143.72		-71.36		-165.16		165.05		-142.44
48		G		-76.06		178.87		64.13		80.36		-146.63		-76.98		-166.36		168.54		-144.74
49		G		-75.7		178.47		62.67		84.54		-144.1		-78.9		-163.37		173.11		-145.02
50		C		-79.18		174.13		62.92		81.96		-145.46		-73.07		-165.05		162.15		-140.58
51		U		-77.59		177.67		68.31		87.48		-141.21		-80.12		-159.96		171.5		-149.57
52		G		-76.44		176.95		63.19		85.45		-141.94		-79.24		-161.61		168.01		-145.91
53		C		-83.17		176.75		62.98		85.55		-141.59		-78.7		-161.48		164.11		-144.01
54		G		-76.68		177.04		67.76		90.36		-138.49		-80.27		-159.08		174.26		-137.58
55		C		-81.99		179.63		70.35		89.07		-140.5		-75.92		-159.63		172.23		-143.57
56		C		-92.84		-178.02		76.71		91.13		-140.12		-75.74		-160.03		175.52		-145.74
57		G		-86.32		178.26		70.65		90.01		-139.88		-80.14		-159.29		173.53		-140.57
