No.	   Seq		 Alpha		 Beta		Gamma		Delta		 Epsilon	 Zeta		  Chi		  Eta		 Theta

0		G		-76.4		177.13		79.36		85.12		-139.91		-76.76		-169.63		170.38		-144.27
1		G		-61.02		171.24		59.43		95.69		-142.94		-65.39		-147.56		-175.05		-158.23
2		U		-67.08		172.09		66.16		88.81		-141.23		-79.69		-161.16		174.69		-149.21
3		C		-58.0		173.25		62.89		100.11		-138.02		-58.98		-150.23		-158.0		-127.67
4		U		-124.01		-177.59		82.82		83.42		-140.46		-79.91		-167.11		154.15		-139.93
5		C		-65.84		177.42		53.51		86.96		-149.55		-72.1		-152.11		172.25		-149.68
6		U		-63.7		168.66		56.47		79.85		-143.34		-74.63		-165.17		165.4		-138.44
7		C		-58.02		169.54		55.0		93.84		-142.71		-73.36		-150.72		179.4		-145.78
8		U		-63.87		177.43		53.63		95.48		-132.72		-78.51		-148.73		167.89		-117.45
9		U		-64.85		-175.41		68.69		104.58		-126.4		-86.62		-137.92		171.97		-131.19
10		C		-93.24		174.8		67.11		87.82		-138.57		-87.86		-165.14		151.82		-155.89
11		G		-49.94		-175.57		68.49		84.62		-146.67		-73.65		-171.99		-177.51		-148.31
12		G		-75.83		-179.31		63.59		92.86		-139.1		-88.22		-158.2		-179.36		-148.23
13		G		-65.74		179.41		56.44		105.64		-128.55		-77.72		-142.0		-152.22		-135.65
14		G		-100.16		172.64		84.25		94.35		-131.01		-86.57		-160.75		179.95		-145.18
15		A		-71.52		173.08		54.13		109.48		-126.54		-93.29		-137.99		-167.78		-137.39
16		A		-84.91		171.38		80.79		96.31		-133.69		-76.69		-155.78		167.21		-156.77
17		C		-61.42		175.41		55.52		91.73		-140.52		-68.82		-149.47		-179.93		-132.64
18		C		-81.04		172.5		59.9		86.52		-144.85		-69.29		-158.07		165.53		-143.5
19		C		-63.61		176.93		53.12		91.4		-148.16		-78.34		-144.45		-179.7		-154.4
20		A		-101.69		-179.0		86.18		99.02		-133.28		-90.72		-152.45		-174.14		-170.1
21		C		-53.01		170.95		57.5		86.05		-146.29		-66.57		-153.17		168.23		-153.87
22		U		-58.17		166.64		65.95		90.0		-136.52		-74.19		-152.31		174.94		-141.79
23		G		-67.08		176.84		65.15		96.29		-140.13		-76.48		-150.79		172.63		-157.27
24		C		-79.07		165.62		67.11		79.2		-144.48		-65.11		-168.29		162.16		-145.68
25		G		-66.19		169.36		65.1		86.14		-144.52		-72.72		-161.45		177.84		-146.19
26		A		-87.69		177.71		72.47		99.82		-132.81		-91.71		-144.25		-172.1		-160.78
27		A		-70.23		161.73		65.53		91.62		-138.06		-61.19		-154.1		171.85		-150.96
28		A		-71.28		-179.71		88.24		91.03		-137.61		-79.32		-157.1		176.35		-144.76
29		G		-64.9		170.17		59.54		86.07		-143.52		-73.91		-159.23		166.56		-146.91
30		U		-67.0		169.04		69.2		88.88		-141.76		-75.05		-156.45		173.96		-156.9
31		A		-69.59		176.59		58.06		93.47		-145.39		-73.26		-151.41		175.11		-159.28
32		G		-57.04		167.22		52.5		79.03		-150.3		-66.48		-164.51		167.02		-144.42
33		U		-63.06		168.37		51.24		87.25		-144.01		-78.18		-150.05		171.25		-147.41
34		G		-63.68		178.13		62.43		88.26		-144.0		-82.67		-157.11		172.22		-156.99
35		U		-61.9		177.79		65.68		86.58		-147.56		-78.26		-157.59		176.05		-154.65
