No.	   Seq		 Alpha		 Beta		Gamma		Delta		 Epsilon	 Zeta		  Chi		  Eta		 Theta

0		A		-64.54		173.98		64.07		97.4		-137.74		-72.95		-152.45		-176.46		-145.33
1		U		-68.22		170.7		66.07		93.3		-140.91		-70.38		-153.61		177.12		-143.57
2		G		-74.68		175.63		66.56		91.81		-141.77		-80.5		-155.49		176.11		-144.64
3		C		-70.09		173.35		65.9		86.96		-145.62		-73.6		-162.16		174.81		-148.15
4		C		-65.74		174.69		60.5		85.18		-145.2		-74.61		-157.85		179.13		-145.71
5		U		-63.33		172.17		52.29		90.29		-146.02		-75.37		-149.04		178.03		-142.61
6		U		-68.09		173.44		59.65		97.23		-135.92		-89.12		-146.73		-178.27		-151.59
7		A		-67.47		176.31		67.93		93.85		-135.62		-76.21		-151.03		-177.63		-147.93
8		A		-68.9		172.6		68.56		96.08		-137.12		-80.66		-152.08		173.62		-151.96
9		A		-64.48		178.91		71.4		98.19		-134.99		-80.66		-148.83		-176.98		-153.42
10		C		-63.96		172.27		66.17		93.7		-138.35		-81.66		-153.9		-175.84		-148.41
11		U		-57.81		170.85		57.12		92.36		-140.08		-73.62		-148.79		-178.19		-147.9
12		U		-63.89		172.0		54.78		99.89		-137.58		-95.12		-146.31		-171.85		-160.84
13		A		-55.75		172.14		54.54		98.25		-135.56		-76.8		-145.67		-168.57		-153.42
14		U		-71.2		174.33		62.99		98.69		-138.03		-84.94		-148.72		-177.9		-151.93
15		G		-61.2		173.42		64.85		96.4		-142.85		-91.55		-149.31		-176.88		-167.53
16		A		-69.59		174.9		66.44		96.0		-138.78		-78.61		-155.83		-171.5		-147.18
17		G		-63.37		168.78		63.26		91.22		-144.32		-68.72		-156.38		-178.75		-151.51
18		U		-69.04		172.47		61.59		101.19		-136.57		-91.02		-145.54		-174.41		-158.02
19		A		-64.55		170.81		57.83		98.66		-143.22		-81.37		-145.5		-173.77		-171.63
20		A		-77.19		174.63		72.12		100.98		-136.26		-77.89		-150.87		-168.57		-149.74
21		G		-60.61		172.51		57.31		97.0		-142.84		-65.67		-151.69		-177.79		-147.52
22		G		-74.26		-179.82		69.86		96.44		-138.81		-83.12		-152.64		-176.34		-156.22
23		A		-65.2		176.73		61.09		101.27		-136.71		-71.27		-150.35		-168.36		-150.75
24		A		-74.7		171.25		68.34		96.13		-138.43		-73.53		-150.79		175.72		-150.87
25		A		-72.95		176.61		67.66		98.24		-137.68		-82.44		-144.49		-178.63		-151.75
26		A		-69.24		173.71		60.28		100.72		-135.78		-81.88		-144.49		-178.62		-149.89
27		U		-68.65		179.99		68.44		99.22		-136.69		-79.24		-146.42		-179.95		-160.8
28		A		-64.52		173.22		62.38		99.12		-138.63		-76.53		-151.88		-177.06		-147.39
29		A		-66.66		175.71		60.4		97.75		-138.68		-74.0		-148.92		175.63		-145.92
30		C		-70.09		173.47		64.01		89.7		-139.78		-73.45		-157.21		173.13		-139.24
31		G		-69.94		175.24		65.5		93.69		-139.1		-81.07		-151.29		179.43		-147.68
32		A		-74.03		169.91		64.65		95.18		-140.35		-81.66		-156.03		-179.69		-150.65
33		U		-62.83		167.98		57.2		102.67		-134.45		-82.94		-142.86		-176.21		-150.42
34		U		-71.39		175.13		59.93		105.01		-133.38		-86.19		-145.74		-179.63		-148.4
35		C		-76.4		175.81		60.18		99.17		-142.86		-77.76		-150.6		174.95		-151.46
36		G		-69.08		172.85		60.05		91.74		-143.02		-82.26		-158.53		-176.67		-149.22
37		G		-63.33		173.21		58.32		88.79		-143.27		-74.5		-158.13		176.66		-142.56
38		G		-67.31		173.07		63.41		90.75		-141.89		-81.4		-159.86		-178.06		-142.16
39		G		-66.2		173.6		51.87		99.87		-139.1		-79.26		-149.26		-179.48		-144.15
40		U		-73.92		175.86		60.23		100.71		-133.61		-82.64		-150.53		-176.86		-138.73
41		G		-76.35		171.25		61.77		102.56		-133.05		-84.33		-145.53		-179.31		-146.27
42		A		-71.89		170.55		60.53		98.11		-136.73		-81.59		-151.06		-179.02		-141.99
43		C		-69.78		171.98		61.49		95.56		-139.11		-79.91		-150.3		177.22		-147.94
44		G		-72.95		178.48		74.83		93.79		-138.08		-80.0		-159.01		178.39		-143.19
45		C		-70.86		175.51		63.41		92.45		-141.41		-76.41		-151.98		172.12		-140.85
46		C		-71.03		175.77		65.36		87.93		-140.86		-79.86		-158.68		173.26		-143.67
47		C		-66.81		174.85		57.74		92.34		-139.43		-80.71		-153.23		178.89		-146.55
48		G		-79.15		173.05		67.57		90.0		-142.54		-83.04		-158.6		171.3		-153.81
49		A		-72.44		173.87		66.27		99.23		-137.37		-85.45		-148.82		-179.5		-149.62
50		A		-81.26		172.08		73.03		88.64		-139.21		-75.61		-162.33		167.55		-141.03
51		G		-73.36		173.01		67.37		95.88		-137.01		-83.99		-154.97		-179.15		-145.57
52		A		-76.56		173.52		69.59		90.52		-140.2		-79.85		-159.14		174.79		-145.78
53		A		-73.31		176.96		72.31		94.33		-138.01		-78.96		-154.66		179.11		-143.59
54		U		-70.15		171.02		67.89		87.08		-139.81		-75.68		-160.45		171.11		-141.44
55		U		-67.82		172.36		57.67		97.82		-139.96		-80.36		-150.63		175.82		-144.88
56		U		-81.7		179.62		71.71		95.11		-140.33		-81.48		-155.54		177.77		-148.34
57		U		-71.24		175.83		63.17		91.45		-142.54		-78.86		-154.8		174.57		-146.27
58		U		-75.4		175.31		69.83		89.32		-140.68		-80.92		-158.17		173.23		-151.4
59		G		-71.53		177.56		68.4		90.94		-142.15		-86.78		-156.27		176.9		-154.4
60		A		-75.5		178.73		73.76		90.49		-140.51		-80.71		-157.6		177.9		-148.81
61		G		-75.24		-177.86		76.3		87.68		-143.96		-80.82		-159.61		176.28		-148.19
62		C		-80.29		178.1		76.04		89.79		-141.15		-80.5		-160.52		177.01		-144.84
