No.	   Seq		 Alpha		 Beta		Gamma		Delta		 Epsilon	 Zeta		  Chi		  Eta		 Theta

0		U		-66.34		166.88		57.02		87.21		-150.9		-71.14		-161.26		168.08		-142.88
1		G		-82.26		175.79		69.07		81.68		-146.55		-85.94		-169.38		165.58		-156.74
2		U		-60.35		165.26		51.87		83.14		-149.09		-67.86		-155.61		177.71		-125.57
3		U		-73.82		175.89		58.26		77.34		-149.3		-75.84		-165.84		156.5		-140.26
4		G		-67.65		176.39		60.61		84.03		-149.03		-72.17		-162.88		176.55		-140.15
5		U		-86.3		173.03		60.85		83.89		-139.94		-95.45		-164.15		154.68		-162.39
6		A		-56.16		171.19		52.27		89.74		-136.3		-81.84		-144.98		-177.14		-134.46
7		U		-77.16		177.19		54.25		97.08		-128.57		-85.62		-149.69		175.32		-121.24
8		G		-64.23		170.39		75.67		97.43		-130.05		-83.59		-147.76		169.84		-159.22
9		A		-138.91		171.26		77.58		104.32		-121.09		-101.56		-143.87		-159.22		-146.77
10		A		-59.27		166.65		81.89		107.72		-122.59		-177.25		-133.74		-157.97		133.85
11		A		-97.12		174.89		139.19		101.03		-124.61		-83.8		-155.16		-166.59		-136.49
12		G		-85.88		168.69		104.52		94.25		-139.35		-72.8		-163.36		-163.37		-158.57
13		G		-92.19		173.86		92.48		87.92		-139.56		-89.39		-164.84		173.4		-154.58
14		A		-63.19		168.23		75.38		106.75		-135.02		-88.36		-146.39		-130.33		177.52
15		G		-81.65		174.08		141.4		93.4		-137.83		-88.29		-159.68		-173.07		-162.6
16		A		-70.23		173.45		80.62		109.32		-140.87		-56.29		-153.05		-148.39		-145.96
17		G		-90.03		167.26		93.23		95.09		-139.36		-101.76		-160.42		176.59		-171.31
18		A		-66.26		176.9		74.45		101.17		-135.83		-70.48		-157.23		-153.7		-176.87
19		A		-68.86		162.56		76.7		101.4		-136.74		-72.91		-158.76		-172.89		-147.21
20		G		-76.8		177.14		79.37		110.82		-133.74		-73.64		-142.44		-162.05		169.88
21		G		-66.05		177.22		91.2		94.98		-133.51		-80.31		-163.6		-166.46		-148.15
22		U		-54.05		173.24		46.38		106.04		-130.39		-28.39		-138.32		-172.3		-166.96
23		U		-59.5		165.91		56.34		89.32		-141.21		-80.82		-163.47		178.39		-153.86
24		A		-56.18		173.61		45.98		101.92		-142.12		-55.48		-144.69		-174.3		-131.84
25		G		-118.25		178.74		72.51		81.48		-143.95		-69.75		-169.77		158.34		-141.06
26		C		-62.69		-177.65		49.8		90.15		-146.96		-80.65		-146.42		175.45		-153.8
27		A		-71.06		175.09		51.58		80.65		-143.18		-76.71		-171.39		163.28		-142.63
28		C		-59.64		170.13		50.74		85.07		-152.52		-70.49		-166.27		172.74		-134.04
29		U		-69.49		166.56		47.66		88.57		-145.03		-78.43		-157.58		160.54		-136.43
30		C		-66.43		175.22		45.41		81.86		-153.39		-69.46		-152.33		163.74		-140.7
31		C		-64.91		165.16		52.61		78.53		-143.68		-66.89		-172.4		162.54		-127.72
32		C		-59.55		169.99		45.76		87.25		-150.09		-69.39		-157.07		169.04		-135.0
33		C		-70.72		169.03		58.93		79.87		-144.67		-83.63		-171.69		173.61		-153.11
34		U		-52.72		164.93		40.72		102.88		-129.4		-77.84		-138.03		-177.09		-140.15
35		U		-77.39		166.23		66.46		86.95		-136.43		-70.75		-158.87		157.18		-134.88
36		G		-75.0		170.15		56.46		104.06		-128.82		-102.11		-139.15		178.36		-145.45
37		A		-94.6		174.48		75.3		83.61		-141.27		-71.25		-172.91		163.59		-142.82
38		C		-56.85		164.87		66.75		87.11		-139.94		-84.33		-156.88		-179.58		-174.37
39		A		-94.63		171.03		88.69		78.07		-146.08		-75.78		-169.35		163.2		-149.28
40		A		-72.25		170.91		70.04		89.93		-141.4		-73.6		-155.25		169.29		-137.52
41		G		-68.49		163.46		75.53		75.83		-142.41		-74.37		-167.61		166.64		-137.33
42		G		-68.37		172.74		91.19		94.97		-133.87		-94.66		-156.61		-179.41		-154.17
43		A		-75.75		172.2		88.32		96.93		-132.19		-81.11		-156.0		-179.85		-140.77
44		U		-62.67		172.18		72.31		102.62		-131.7		-90.49		-146.88		-174.99		-141.3
45		G		-88.34		178.39		81.48		98.43		-129.43		-91.19		-149.19		173.17		-150.57
46		G		-92.91		171.38		66.3		92.11		-139.75		-88.03		-159.31		-166.59		-150.17
47		A		-62.66		175.02		63.28		90.99		-139.52		-88.01		-151.32		-174.83		-155.95
48		A		-66.1		175.39		75.0		94.8		-132.74		-82.55		-154.34		-171.11		-143.73
49		G		-161.32		-166.88		155.2		96.73		-137.35		-90.89		-164.74		-174.48		-169.44
50		A		-70.84		175.87		63.06		99.24		-135.95		-72.24		-156.27		-174.59		-132.42
51		G		-90.67		-172.48		86.88		85.98		-142.58		-74.64		-166.25		172.24		-150.12
52		G		-71.99		173.91		63.65		81.64		-146.5		-72.92		-168.72		171.7		-138.38
53		C		-71.11		167.85		59.54		80.55		-150.45		-74.12		-164.62		171.15		-150.89
54		C		-76.38		176.41		69.21		80.3		-146.95		-75.84		-164.62		171.57		-150.14
55		G		-106.2		-179.97		69.06		83.15		-141.7		-75.2		-169.16		172.2		-144.98
56		G		-72.5		174.69		66.68		78.64		-145.82		-70.78		-169.22		166.44		-141.33
57		C		-92.26		179.26		80.91		93.52		-135.57		-82.97		-156.62		173.58		-141.9
58		C		-80.73		169.73		64.63		84.56		-143.44		-73.32		-165.22		157.23		-151.48
59		U		-94.7		-174.43		68.7		106.45		-132.28		-95.24		-146.59		179.54		-162.29
60		G		-85.06		171.68		60.62		95.31		-134.07		-78.8		-156.04		168.78		-142.45
