No.	   Seq		 Alpha		 Beta		Gamma		Delta		 Epsilon	 Zeta		  Chi		  Eta		 Theta

0		C		-73.15		171.87		57.19		94.47		-141.32		-69.98		-149.09		-177.02		-146.56
1		G		-71.34		172.09		58.38		91.95		-142.31		-72.73		-151.13		-178.13		-152.52
2		A		-73.5		175.24		57.13		97.83		-139.97		-69.7		-144.98		-171.64		-147.72
3		G		-70.02		172.83		59.77		94.48		-141.58		-77.4		-148.39		-178.46		-158.98
4		A		-67.06		173.61		55.69		94.64		-144.05		-72.81		-145.4		-178.65		-144.52
5		G		-67.81		170.23		59.13		93.29		-143.19		-76.84		-151.72		-179.05		-147.46
6		G		-65.92		176.28		55.49		97.05		-142.39		-74.37		-143.53		-170.54		-152.28
7		U		-66.21		171.78		54.43		95.6		-140.85		-78.41		-144.41		179.7		-148.2
8		A		-70.86		176.48		60.15		97.89		-139.04		-69.72		-144.16		-176.48		-144.62
9		C		-71.44		171.97		62.42		93.81		-141.34		-69.31		-149.66		179.89		-151.07
10		U		-60.34		177.5		58.75		95.08		-140.49		-72.78		-144.15		-175.81		-155.98
11		U		-67.02		174.58		58.64		95.33		-136.82		-72.44		-146.72		-177.08		-148.03
12		U		-60.46		176.79		60.55		102.19		-139.12		-67.21		-138.49		-169.75		-147.18
13		U		-70.35		-178.24		65.42		95.78		-140.42		-70.67		-142.69		-179.98		-150.48
14		C		-62.64		-177.27		64.15		94.8		-145.0		-72.63		-144.5		-177.77		-157.8
15		U		-63.92		179.08		64.64		99.06		-136.72		-72.93		-141.68		-171.05		-155.35
16		U		-56.65		-179.86		57.44		98.05		-143.73		-74.36		-144.38		-166.52		-159.52
17		U		-63.23		176.78		60.84		96.8		-139.72		-69.81		-145.36		-178.02		-150.61
18		U		-62.62		-179.81		57.61		97.3		-144.45		-68.74		-146.97		-175.58		-152.33
19		C		-60.66		-179.7		62.92		95.59		-141.45		-73.5		-146.0		-174.23		-155.0
20		U		-59.61		178.47		54.97		97.55		-146.27		-70.17		-147.0		-170.45		-156.21
21		U		-60.6		174.44		57.35		100.53		-141.21		-76.43		-142.55		-173.99		-156.28
22		U		-59.92		177.76		53.98		100.04		-144.23		-68.36		-145.52		-173.76		-154.07
23		C		-62.87		174.72		57.52		93.66		-146.76		-70.07		-149.55		175.66		-152.71
24		U		-60.05		177.42		52.63		96.16		-146.2		-70.1		-145.17		179.74		-153.43
25		U		-60.81		175.52		56.79		95.42		-145.38		-73.0		-147.53		-179.17		-156.39
26		C		-60.21		174.39		53.62		92.34		-148.26		-67.23		-149.55		177.35		-153.69
27		U		-60.39		174.1		53.93		91.64		-147.81		-69.1		-152.76		174.86		-149.2
28		U		-62.14		179.61		55.85		97.02		-141.95		-76.44		-143.39		177.65		-154.85
29		C		-62.01		174.49		57.59		91.29		-144.21		-70.45		-150.28		175.55		-150.47
30		G		-63.59		177.47		60.37		93.29		-144.28		-74.93		-149.68		-179.2		-149.73
31		G		-62.28		177.69		57.35		93.65		-142.02		-78.65		-149.12		-176.19		-153.85
