No.	   Seq		 Alpha		 Beta		Gamma		Delta		 Epsilon	 Zeta		  Chi		  Eta		 Theta

0		G		-68.53		174.21		66.88		95.72		-140.72		-73.9		-151.21		-174.17		-159.61
1		G		-81.86		177.62		68.46		87.45		-139.92		-86.26		-160.33		171.99		-145.59
2		A		-64.45		166.31		56.71		92.37		-141.8		-66.99		-155.21		-176.21		-142.66
3		A		-83.71		177.45		72.18		89.85		-140.62		-84.29		-160.05		171.35		-148.87
4		C		-63.29		172.5		57.63		96.88		-140.7		-70.47		-146.87		-169.26		-144.84
5		U		-92.95		177.14		73.31		89.47		-140.61		-84.28		-159.78		167.7		-156.15
6		A		-66.78		175.49		61.24		96.08		-140.17		-70.73		-149.33		-174.05		-139.56
7		G		-85.1		172.14		71.82		85.91		-139.81		-78.06		-165.28		169.85		-146.75
8		C		-59.71		174.35		55.37		89.54		-146.03		-69.76		-156.45		175.31		-146.56
9		U		-81.36		179.18		69.92		97.34		-132.95		-81.93		-154.03		-177.07		-146.14
10		C		-68.39		179.84		64.33		90.98		-143.34		-83.72		-150.75		166.88		-152.98
11		A		-79.03		170.2		69.69		92.24		-137.78		-74.02		-162.8		-179.22		-148.63
12		G		-58.26		171.38		54.93		88.92		-145.2		-68.81		-154.79		177.47		-141.18
13		C		-84.92		177.85		76.74		91.0		-138.55		-76.83		-158.14		172.48		-157.03
14		A		-65.58		175.23		64.41		98.18		-134.11		-84.17		-146.42		-173.19		-150.28
15		U		-73.28		172.31		68.49		95.4		-133.63		-87.48		-155.03		169.71		-145.57
16		A		-65.66		173.6		55.05		96.63		-135.96		-67.35		-146.77		172.81		-130.6
17		C		-92.44		172.09		66.04		94.18		-138.99		-83.94		-155.19		167.99		-152.95
18		A		-56.38		179.18		56.75		94.93		-142.57		-77.01		-149.41		-173.08		-160.72
19		C		-72.64		171.25		64.35		90.97		-140.99		-77.44		-155.86		-178.02		-139.5
20		G		-75.63		176.35		67.59		96.32		-143.95		-75.84		-152.51		178.61		-155.63
21		A		-79.04		179.76		85.86		89.98		-141.94		-78.01		-162.53		175.61		-147.64
22		G		-63.08		170.09		61.87		93.29		-142.24		-70.48		-153.57		177.88		-172.83
23		U		-65.0		167.32		55.24		98.25		-133.27		-78.81		-149.37		179.16		-127.56
24		U		-65.35		169.65		57.01		99.43		-138.5		-70.8		-145.06		177.59		-137.85
25		G		-83.09		178.53		63.58		94.16		-136.66		-86.54		-154.07		-179.23		-148.4
26		C		-76.82		175.6		62.62		97.24		-138.81		-74.29		-150.08		-169.83		-163.22
27		A		-74.7		177.99		73.43		92.72		-137.64		-89.97		-151.51		179.97		-153.39
28		A		-57.39		173.13		66.87		94.61		-140.34		-73.25		-148.96		-168.92		-143.57
29		G		-75.43		170.19		68.95		93.09		-135.7		-76.54		-155.56		166.02		-139.24
30		C		-73.26		176.78		74.31		90.39		-141.6		-77.84		-158.6		173.31		-146.43
31		A		-69.43		178.38		65.38		94.58		-137.99		-78.39		-152.08		177.96		-142.41
32		U		-64.26		173.03		65.16		97.87		-138.46		-73.3		-148.17		-174.84		-152.82
33		G		-66.0		172.26		62.98		92.35		-141.34		-77.41		-158.84		-176.94		-149.49
34		G		-63.52		175.75		51.44		100.47		-138.58		-75.46		-146.95		-174.0		-134.07
35		G		-88.53		-179.89		80.35		92.5		-138.24		-82.03		-158.09		179.07		-152.03
36		A		-74.9		177.58		79.76		99.13		-136.23		-86.67		-146.76		-177.91		-156.23
37		A		-81.95		172.81		79.3		90.51		-141.88		-77.0		-163.14		174.14		-143.51
38		G		-65.52		173.1		56.85		99.74		-138.35		-83.32		-147.08		-176.23		-145.19
39		U		-68.48		177.79		57.28		94.69		-139.5		-73.16		-153.12		-178.99		-141.33
40		U		-69.26		173.55		55.97		95.25		-140.04		-79.25		-147.25		167.32		-148.21
41		C		-75.45		174.67		59.32		95.94		-142.2		-83.07		-152.34		-170.95		-150.99
42		A		-63.82		173.98		55.53		88.08		-143.34		-74.0		-156.43		173.01		-151.08
43		A		-70.89		-176.78		78.27		99.43		-134.07		-86.24		-150.42		-171.68		-150.45
44		G		-65.95		172.77		63.75		88.17		-140.3		-73.12		-159.75		159.28		-137.44
45		C		-71.48		173.8		70.27		92.16		-141.05		-78.92		-158.24		176.94		-136.98
46		C		-70.82		172.01		59.07		89.42		-145.18		-81.89		-156.14		171.46		-146.49
47		U		-76.72		-177.57		66.18		95.5		-143.18		-79.33		-153.65		-179.85		-154.5
48		C		-74.45		174.27		58.22		88.6		-142.34		-77.83		-157.78		175.15		-143.56
49		G		-72.53		179.74		70.99		91.97		-140.36		-78.44		-158.5		177.17		-146.43
50		U		-67.47		175.52		61.56		97.06		-136.29		-91.63		-152.15		-175.65		-152.32
