No.	   Seq		 Alpha		 Beta		Gamma		Delta		 Epsilon	 Zeta		  Chi		  Eta		 Theta

0		G		-69.85		171.48		62.91		88.09		-140.45		-79.18		-161.02		176.49		-140.22
1		G		-82.2		175.9		69.9		87.61		-141.1		-79.3		-163.83		169.2		-149.21
2		A		-73.19		179.31		69.63		90.52		-141.03		-85.86		-158.33		177.88		-151.48
3		C		-79.34		175.43		74.0		86.28		-142.02		-79.18		-164.67		171.79		-151.14
4		G		-74.91		174.52		68.14		84.43		-143.52		-76.39		-166.35		169.89		-138.7
5		G		-85.87		177.43		74.63		89.18		-139.33		-78.35		-160.38		172.98		-144.47
6		G		-79.56		177.95		69.14		89.44		-140.71		-84.82		-160.06		171.38		-157.0
7		A		-91.89		174.93		77.61		92.94		-136.14		-77.68		-163.83		178.16		-142.72
8		G		-115.06		179.72		89.37		97.31		-133.82		-81.6		-159.71		178.74		-142.65
9		C		-79.9		178.79		63.93		87.85		-140.71		-76.96		-155.95		171.04		-139.53
10		U		-78.28		178.14		65.25		92.54		-137.9		-78.44		-155.83		176.64		-158.21
11		G		-89.29		174.41		69.7		91.38		-137.37		-82.24		-160.32		-179.12		-149.76
12		A		-95.36		174.87		69.95		92.84		-136.91		-73.78		-156.51		175.66		-144.98
13		A		-81.47		179.14		66.5		89.59		-138.44		-78.2		-155.12		168.6		-134.63
14		C		-89.54		179.93		72.58		88.0		-138.05		-75.71		-160.06		164.39		-149.06
15		C		-82.66		173.97		71.88		84.47		-140.69		-80.15		-162.67		169.41		-146.66
16		A		-76.05		169.78		60.03		91.51		-140.58		-78.4		-153.63		175.46		-142.65
17		U		-79.52		176.63		68.71		92.68		-136.1		-80.26		-153.93		165.08		-143.42
18		C		-85.82		173.18		66.55		91.6		-138.12		-68.84		-155.1		169.55		-137.35
19		C		-103.82		176.66		83.06		85.02		-142.24		-84.52		-164.71		161.74		-153.67
20		A		-69.08		175.85		68.71		95.13		-139.1		-80.36		-152.97		179.74		-152.65
21		G		-87.41		177.4		76.94		84.67		-139.71		-76.89		-166.89		163.9		-145.17
22		C		-71.93		173.26		66.98		90.87		-142.09		-73.62		-157.53		174.62		-143.34
23		G		-96.79		176.2		81.16		86.93		-139.9		-82.83		-163.85		166.27		-154.59
24		A		-75.77		178.47		65.72		93.59		-139.15		-81.78		-153.01		179.7		-154.1
25		A		-82.36		172.47		64.18		87.96		-139.57		-70.96		-165.04		170.95		-139.72
26		G		-72.36		175.83		67.26		88.47		-143.71		-81.1		-159.59		172.99		-153.14
27		A		-81.06		176.27		63.68		90.08		-137.89		-77.18		-159.0		170.63		-147.06
28		A		-72.5		173.74		68.35		93.23		-136.07		-71.36		-155.45		173.27		-141.53
29		C		-76.11		174.09		72.08		86.58		-140.54		-79.32		-161.18		169.95		-144.48
30		G		-68.6		176.0		60.46		89.06		-141.71		-78.82		-158.51		-179.71		-146.94
31		U		-79.46		173.92		69.12		87.68		-139.68		-76.17		-161.09		172.36		-141.36
32		C		-70.9		-180.0		63.41		93.63		-143.17		-74.6		-150.73		171.83		-149.51
33		C		-75.16		175.94		66.47		85.07		-142.97		-77.77		-160.87		169.31		-139.93
34		C		-75.52		176.98		66.78		89.49		-142.45		-79.09		-159.51		176.48		-152.5
35		G		-85.1		174.87		83.88		89.16		-140.65		-82.29		-163.1		176.6		-152.73
36		A		-67.71		-179.17		60.33		90.38		-142.83		-74.38		-156.66		-177.13		-141.87
37		C		-71.62		171.1		68.8		85.53		-141.17		-72.61		-163.05		166.99		-134.76
38		G		-74.5		176.4		70.0		94.6		-139.87		-79.67		-156.22		179.09		-150.24
39		G		-82.64		177.84		70.82		92.57		-140.8		-82.67		-160.66		176.95		-152.29
40		A		-65.51		176.06		56.42		94.13		-143.0		-70.67		-154.46		-174.31		-139.4
41		U		-71.92		170.52		66.87		87.29		-138.55		-73.08		-160.32		168.25		-139.99
42		G		-78.18		175.77		70.37		95.4		-139.37		-81.2		-154.18		176.52		-150.99
43		G		-78.91		176.66		66.06		84.12		-143.92		-75.72		-166.16		168.28		-147.54
44		U		-61.62		173.64		52.9		93.27		-142.15		-76.47		-148.8		178.51		-140.77
45		U		-84.59		178.97		76.14		87.68		-137.78		-78.18		-159.91		166.33		-145.44
46		C		-79.0		175.62		69.13		91.09		-143.1		-75.06		-157.65		167.53		-152.42
47		G		-75.54		175.73		62.01		86.72		-142.44		-79.4		-160.06		169.43		-148.12
48		U		-65.23		176.19		58.39		91.22		-140.9		-79.66		-153.23		179.33		-142.76
49		C		-78.93		171.59		68.7		83.97		-140.69		-76.11		-164.2		162.83		-140.73
50		G		-73.11		178.65		73.98		93.28		-141.06		-80.87		-156.32		-178.15		-151.67
