No.	   Seq		 Alpha		 Beta		Gamma		Delta		 Epsilon	 Zeta		  Chi		  Eta		 Theta

0		G		-69.71		170.66		62.5		77.35		-148.74		-76.65		-168.21		166.62		-146.8
1		G		-64.97		172.94		54.31		85.62		-142.42		-68.47		-166.62		170.28		-144.59
2		C		-70.94		178.45		74.88		79.72		-139.33		-71.94		-173.25		167.02		-140.86
3		A		-75.02		176.54		65.53		86.29		-139.15		-80.85		-162.56		166.09		-149.69
4		A		-94.2		177.42		77.53		83.87		-137.46		-77.29		-172.02		155.83		-138.96
5		G		-85.11		173.86		78.65		80.87		-139.93		-74.62		-172.27		168.37		-138.47
6		G		-82.24		177.27		67.28		88.01		-136.31		-71.51		-162.38		172.47		-131.85
7		U		-76.86		175.79		56.99		93.86		-136.78		-97.06		-147.41		161.17		-152.09
8		A		-163.83		-177.81		92.01		115.2		-123.31		-128.93		-144.15		-162.77		-154.81
9		C		178.17		175.13		82.25		87.6		-140.3		-81.28		-164.74		143.5		-151.06
10		G		-74.58		-173.63		87.54		76.46		-147.46		-75.54		-177.18		169.52		-147.94
11		G		-74.66		-172.99		60.4		82.49		-141.59		-84.03		-166.98		170.95		-138.48
12		C		-110.91		179.61		73.81		80.17		-138.81		-70.08		-174.96		161.02		-128.9
13		G		-93.4		177.28		74.8		89.98		-138.7		-93.6		-156.4		170.03		-148.0
14		A		-118.69		-173.76		78.79		113.56		-124.2		-139.16		-133.72		-172.45		-175.05
15		A		-128.35		173.57		86.49		113.67		-111.92		-98.76		-134.01		-176.06		-120.39
16		A		-146.21		173.3		105.88		98.9		-125.18		-87.78		-152.9		161.5		-131.4
17		G		-70.41		176.75		78.07		105.39		-127.42		-101.93		-144.56		-178.24		-159.89
18		C		-67.7		178.02		66.5		85.41		-141.26		-71.69		-160.11		175.04		-137.58
19		C		-72.4		-177.87		70.39		98.44		-134.84		-76.48		-145.27		-172.32		-150.58
20		G		-49.5		-175.38		59.06		89.15		-138.75		-89.23		-152.92		-168.42		-144.05
21		U		-60.56		167.19		73.13		107.54		-123.44		148.2		-135.03		-161.66		92.41
22		A		-120.53		173.04		98.83		109.25		-127.64		-94.06		-145.7		-157.33		157.22
23		G		177.23		174.12		103.34		86.22		-145.5		-75.61		-170.43		158.32		-158.32
24		G		-77.49		173.31		88.43		85.39		-141.39		-69.12		-172.44		178.69		-139.55
25		G		-88.33		169.39		91.09		81.58		-144.1		-69.02		-172.19		175.82		-143.56
26		G		-76.41		178.41		89.96		78.02		-144.18		-73.5		-172.09		174.4		-138.71
27		C		-68.53		165.68		48.79		85.06		-142.98		-64.14		-161.01		164.74		-131.52
28		U		-62.16		-179.78		53.64		85.0		-138.55		-82.97		-158.22		171.07		-142.09
29		U		-98.79		173.55		54.94		106.32		-123.57		-68.88		-140.58		90.47		-110.83
30		G		153.79		-174.42		79.27		86.99		-138.22		-79.54		-171.62		29.86		-144.56
31		A		-58.86		-177.38		50.82		104.38		-120.97		-61.56		-142.83		-157.78		-109.92
32		G		-176.1		-172.36		72.23		93.49		-127.96		-88.44		-156.16		127.09		-138.95
33		A		-66.92		-170.63		61.03		106.27		-126.15		-75.72		-136.54		-174.84		-126.17
34		A		-70.28		-179.3		62.9		96.8		-131.91		-72.33		-158.04		161.74		-110.11
35		C		-69.14		-179.96		53.1		79.67		-148.31		-65.11		-162.68		161.09		-136.93
36		C		-74.73		-178.59		56.17		71.86		-148.37		-69.32		-176.26		159.06		-135.69
37		C		-65.78		176.18		50.65		73.5		-158.83		-68.71		-169.79		165.15		-143.28
38		C		-67.97		174.39		50.71		73.48		-154.42		-71.37		-172.03		165.83		-139.88
39		C		-66.94		171.07		48.25		80.33		-152.63		-74.18		-160.37		168.63		-141.25
40		C		-80.11		-177.16		68.56		79.45		-145.37		-82.2		-165.64		164.87		-153.61
41		C		-61.3		177.8		62.13		82.87		-150.34		-77.7		-157.74		173.17		-158.35
42		U		-68.52		168.97		57.46		77.75		-148.11		-75.0		-167.18		161.97		-146.28
43		C		-62.65		168.2		54.82		86.77		-148.36		-67.46		-161.4		170.12		-150.33
44		C		-74.56		174.07		66.78		75.8		-150.24		-66.65		-170.91		163.3		-147.06
45		C		-69.62		176.55		51.31		84.32		-149.97		-70.44		-159.06		178.46		-144.16
46		C		-79.0		171.8		65.45		80.96		-144.43		-76.3		-163.11		165.35		-147.71
47		A		-65.59		172.68		60.76		98.56		-132.72		-76.51		-146.07		-176.44		-150.66
48		C		-72.95		173.47		65.85		91.6		-135.61		-77.22		-153.78		165.74		-152.92
49		U		-70.37		-179.64		68.3		103.34		-131.31		-79.04		-142.03		-177.61		-163.56
50		C		-92.35		177.01		77.22		89.53		-138.57		-74.39		-156.85		161.97		-148.46
