No.	   Seq		 Alpha		 Beta		Gamma		Delta		 Epsilon	 Zeta		  Chi		  Eta		 Theta

0		G		-70.28		174.83		56.53		94.22		-141.64		-70.68		-149.92		-171.49		-142.59
1		G		-76.04		171.95		69.79		84.23		-145.08		-75.42		-169.12		169.32		-147.01
2		A		-75.95		175.34		57.74		94.24		-137.69		-71.36		-150.03		-171.23		-142.33
3		G		-80.88		179.84		74.23		89.01		-139.92		-85.56		-160.18		171.44		-153.01
4		U		-70.19		175.83		53.61		101.24		-136.71		-71.91		-139.68		-169.01		-148.23
5		G		-98.47		174.02		79.57		85.45		-140.59		-75.34		-164.46		168.78		-140.3
6		G		-68.86		178.14		51.27		102.77		-132.73		-69.64		-142.93		-152.32		-131.74
7		U		-72.44		-179.71		61.43		95.75		-134.02		-79.05		-151.68		175.05		-150.57
8		U		-68.45		-178.57		53.84		106.93		-132.12		-92.35		-134.59		-154.15		-150.85
9		A		-137.44		177.68		81.39		99.77		-134.31		-80.43		-156.05		165.43		-137.54
10		G		-66.91		-178.06		59.24		93.13		-147.22		-71.07		-145.69		-177.29		-143.56
11		U		-72.07		-178.43		62.36		90.93		-136.29		-86.64		-152.54		176.86		-144.24
12		C		-73.86		177.9		51.04		101.08		-136.94		-72.21		-143.5		-146.43		-146.69
13		U		-85.92		174.8		69.15		91.45		-139.59		-82.53		-158.07		-179.48		-142.98
14		A		-65.99		-176.31		46.92		101.56		-138.4		-69.33		-134.52		-167.26		-134.91
15		C		-99.79		174.62		72.96		86.11		-137.0		-78.09		-157.25		157.68		-138.67
16		G		-62.79		-169.3		80.87		106.18		-132.97		-75.48		-137.07		-160.45		-150.54
17		U		-64.95		172.81		64.42		102.95		-130.89		-94.25		-144.64		-173.27		-146.79
18		U		-67.72		-171.93		69.5		116.36		-130.78		-74.47		-125.88		-164.61		-161.07
19		U		-81.54		175.95		66.45		109.83		-125.37		-96.3		-142.04		-179.82		-127.84
20		C		-65.3		-170.51		55.77		92.85		-151.02		-67.58		-148.71		173.15		-159.24
21		G		-76.07		177.63		82.49		86.33		-142.71		-83.61		-161.83		-179.59		-160.42
22		A		-62.63		-171.19		51.54		102.62		-149.91		-69.98		-142.95		-162.63		-171.15
23		C		-62.67		172.53		68.34		79.08		-146.54		-73.25		-168.99		168.91		-144.96
24		G		-62.06		-179.36		55.51		96.89		-150.95		-67.86		-147.45		-171.21		-147.45
25		U		-84.11		175.17		64.01		86.7		-142.33		-78.63		-158.6		161.27		-150.86
26		A		-62.31		174.87		57.56		90.04		-152.95		-64.57		-151.63		-177.21		-149.82
27		G		-68.65		166.78		59.24		79.34		-144.03		-74.05		-167.51		166.64		-140.32
28		U		-61.78		179.94		47.18		100.96		-151.36		-69.28		-144.33		-177.42		-153.95
29		U		-75.51		-179.78		65.93		91.74		-137.52		-84.49		-155.05		174.32		-144.35
30		C		-62.41		-174.71		49.81		96.72		-149.65		-59.13		-145.09		178.01		-145.76
31		U		-73.61		171.77		65.37		83.0		-139.88		-82.3		-162.7		172.83		-146.4
32		A		-62.1		-176.81		51.19		109.54		-137.81		-85.58		-130.18		-171.38		-165.91
33		A		-89.54		-178.83		70.28		95.31		-135.73		-76.79		-156.12		173.55		-143.01
34		C		-63.74		-172.83		64.61		100.0		-145.0		-70.08		-146.72		-179.3		-146.3
35		C		-77.61		175.33		69.7		90.47		-139.26		-78.57		-159.01		171.36		-144.13
