No.	   Seq		 Alpha		 Beta		Gamma		Delta		 Epsilon	 Zeta		  Chi		  Eta		 Theta

0		G		-76.59		171.85		65.43		90.43		-141.78		-78.59		-159.68		173.8		-150.1
1		G		-80.05		-179.49		71.3		90.25		-137.86		-80.87		-161.01		174.19		-146.63
2		C		-70.61		174.24		61.6		84.49		-142.74		-80.23		-160.47		168.04		-141.29
3		C		-81.17		177.92		75.96		83.3		-143.93		-83.29		-164.2		170.07		-151.8
4		A		-79.81		177.29		69.02		88.98		-140.66		-79.37		-159.97		175.93		-138.36
5		G		-86.51		174.96		74.14		83.24		-143.85		-73.92		-164.24		162.34		-140.77
6		U		-67.11		172.63		60.4		91.24		-139.66		-84.23		-152.38		174.67		-145.45
7		C		-77.78		176.21		70.4		94.35		-135.81		-77.69		-156.81		174.0		-147.05
8		U		-111.94		176.94		78.59		91.78		-137.7		-80.88		-158.57		173.25		-149.92
9		G		-89.3		175.25		71.78		92.85		-137.96		-82.21		-159.25		177.86		-149.72
10		G		-74.6		178.44		65.3		85.25		-141.5		-79.01		-163.4		175.11		-143.61
11		C		-94.9		177.59		80.42		81.79		-144.7		-73.52		-167.84		172.51		-136.03
12		G		-102.33		176.7		92.9		96.08		-136.46		-83.06		-161.46		-171.92		-149.97
13		U		-76.44		177.79		67.42		94.01		-138.52		-86.25		-152.14		179.91		-147.66
14		U		-70.71		168.97		54.38		98.12		-132.87		-79.93		-146.91		173.7		-139.69
15		U		-80.33		171.11		59.81		100.87		-131.04		-77.48		-148.47		168.72		-128.98
16		G		-148.36		-177.33		124.58		95.17		-134.74		-78.2		-165.13		176.49		-160.19
17		G		-72.17		-179.98		74.21		95.42		-131.23		-88.8		-152.47		-171.56		-141.38
18		U		-78.6		174.25		64.01		96.7		-129.89		-76.21		-152.98		177.05		-131.27
19		G		-129.18		-176.97		92.24		102.01		-127.62		-96.09		-151.72		-162.53		-139.32
20		A		-76.44		-178.78		61.76		94.37		-137.23		-71.57		-154.03		177.42		-140.53
21		C		-76.64		172.64		67.51		86.91		-140.43		-76.8		-159.2		158.38		-146.12
22		A		-75.48		171.17		67.85		92.26		-136.99		-78.24		-155.13		179.4		-139.27
23		G		-78.74		178.22		84.18		84.35		-144.09		-78.45		-166.8		167.65		-156.31
24		C		-67.3		172.84		62.87		81.58		-147.85		-71.87		-167.5		169.19		-140.5
25		G		-73.93		-179.11		66.31		77.76		-143.98		-74.0		-173.17		159.66		-137.97
26		C		-64.16		174.2		55.25		79.77		-143.19		-77.63		-159.16		169.08		-138.59
27		C		-67.35		172.72		55.53		82.01		-141.13		-83.84		-158.48		169.15		-149.57
28		A		-67.28		178.99		60.11		96.69		-138.35		-91.55		-146.09		-178.29		-157.34
29		A		-117.15		176.36		77.8		90.03		-136.77		-78.4		-166.03		168.77		-137.54
30		G		-65.33		173.29		84.26		94.66		-133.32		-76.2		-155.85		-175.06		-151.74
31		U		-73.45		176.69		66.8		89.41		-136.96		-75.71		-157.55		172.49		-139.4
32		U		-64.74		175.94		61.26		99.18		-134.94		-80.49		-144.67		-177.3		-140.17
33		C		-80.3		172.87		62.81		89.45		-137.42		-75.43		-156.87		171.94		-142.72
34		U		-63.59		178.24		61.62		95.32		-135.87		-81.3		-151.14		-177.16		-163.67
35		U		-66.75		176.57		58.19		91.6		-135.73		-82.29		-153.41		176.73		-143.65
36		C		-82.09		175.48		68.19		87.31		-141.49		-69.39		-165.05		167.68		-138.66
37		G		-82.69		174.47		84.85		81.08		-144.17		-77.34		-169.22		174.63		-142.06
38		G		-75.14		177.52		71.64		80.51		-147.76		-79.69		-162.57		169.95		-157.22
39		A		-79.78		168.51		78.34		87.18		-137.9		-77.21		-160.91		170.53		-144.81
40		A		-67.41		171.7		66.52		93.97		-135.78		-80.84		-153.52		178.3		-141.28
41		U		-62.65		174.56		73.0		95.16		-132.21		-80.18		-154.1		172.5		-137.16
42		U		-77.11		-179.9		60.1		106.85		-129.7		-93.42		-140.77		-163.09		-147.87
43		G		-98.67		179.42		79.03		95.29		-136.87		-78.95		-162.82		-178.63		-142.35
44		G		-57.41		-178.68		58.17		88.96		-142.72		-73.42		-159.45		-166.75		-139.56
45		G		-80.75		179.38		74.34		89.82		-138.16		-84.2		-158.11		-178.59		-151.42
46		A		-88.84		177.98		86.72		105.9		-128.44		-87.97		-143.45		-165.64		-151.3
47		A		-103.02		178.72		93.77		89.36		-139.54		-83.68		-161.64		172.17		-158.27
48		A		-69.02		172.97		58.87		99.64		-134.85		-78.47		-146.3		179.51		-133.41
49		U		-80.86		175.04		68.54		89.99		-139.22		-76.44		-156.81		164.17		-141.97
50		C		-68.83		179.82		66.86		88.38		-144.72		-72.57		-158.22		178.14		-145.41
51		C		-63.74		172.29		52.38		77.46		-147.48		-68.38		-168.12		168.51		-136.81
52		U		-67.88		179.06		56.49		92.0		-143.49		-82.93		-152.77		177.4		-148.39
53		A		-80.46		-179.11		72.64		94.73		-134.89		-85.8		-154.93		174.07		-144.47
54		C		-63.92		171.27		62.61		85.68		-143.12		-71.66		-158.99		165.42		-142.78
55		U		-76.17		177.68		75.93		92.02		-137.47		-87.04		-157.22		173.1		-147.19
56		G		-69.55		173.76		59.9		89.54		-145.23		-80.39		-157.09		171.8		-150.06
57		G		-81.27		176.24		69.28		87.87		-142.53		-73.05		-163.44		172.93		-140.87
58		C		-71.04		179.45		65.34		86.69		-144.79		-73.02		-161.92		177.17		-143.08
59		C		-71.02		176.33		57.99		86.01		-144.25		-76.66		-159.75		172.56		-147.58
