No.	   Seq		 Alpha		 Beta		Gamma		Delta		 Epsilon	 Zeta		  Chi		  Eta		 Theta

0		C		-53.82		165.27		57.26		90.01		-141.72		-65.27		-155.1		177.75		-151.16
1		U		-63.24		166.03		56.64		88.9		-146.04		-57.66		-156.68		173.53		-150.22
2		G		-63.27		172.62		60.27		90.35		-143.2		-77.48		-154.36		174.08		-158.85
3		C		-59.57		165.58		54.56		89.13		-149.24		-52.75		-151.71		173.22		-166.91
4		U		-55.31		169.74		55.43		83.93		-145.96		-68.79		-160.91		177.98		-138.58
5		C		-53.83		169.58		55.95		89.89		-143.2		-66.83		-149.87		-173.91		-142.62
6		U		-58.61		170.02		56.24		88.72		-144.77		-71.47		-151.58		165.05		-150.58
7		A		-56.29		170.34		50.22		87.94		-149.19		-64.25		-148.12		-179.52		-141.46
8		C		-54.74		168.6		50.09		87.07		-143.34		-64.1		-153.59		161.18		-135.19
9		C		-53.51		169.74		55.56		86.06		-147.25		-67.94		-153.19		172.33		-153.05
10		U		-55.08		170.98		51.74		91.39		-136.91		-75.4		-149.09		179.27		-149.81
11		U		-46.07		162.73		54.37		88.26		-144.48		-61.37		-155.87		167.8		-154.47
12		C		-61.71		165.94		56.1		88.84		-142.98		-65.73		-156.91		176.69		-146.17
13		A		-50.59		169.49		51.33		86.97		-150.22		-64.07		-156.73		-176.78		-144.9
14		C		-64.42		169.25		70.44		88.08		-140.92		-67.59		-152.58		168.28		-155.36
15		C		-51.65		165.12		62.49		89.83		-148.0		-73.62		-154.2		-176.05		-165.2
16		A		-57.22		169.23		61.29		90.24		-146.94		-65.21		-156.25		-179.47		-153.36
17		U		-55.37		163.22		55.86		91.16		-146.51		-66.42		-151.75		176.7		-161.37
18		G		-54.61		165.1		63.45		95.71		-137.3		-62.87		-150.16		-178.27		-154.56
19		C		-55.47		166.18		53.97		83.91		-153.92		-59.69		-162.52		175.3		-148.62
20		C		-59.01		162.71		60.38		90.01		-146.35		-68.98		-150.02		-170.88		178.79
21		A		-54.05		173.91		57.61		101.5		-133.52		-90.0		-140.36		-151.78		150.71
22		A		-42.37		160.01		63.56		93.83		-139.39		-50.61		-155.45		-165.92		-169.73
23		G		-45.24		160.99		52.6		96.15		-140.28		-48.99		-148.74		-176.52		-164.04
24		U		-53.07		167.5		63.48		101.15		-130.89		-52.35		-139.48		-167.97		-157.82
25		G		-67.0		168.26		80.08		94.76		-139.03		-80.18		-153.56		178.78		169.8
26		G		-49.33		166.54		55.76		91.93		-148.49		-64.27		-152.54		-170.03		-154.93
27		U		-56.22		168.35		51.64		89.29		-145.74		-61.79		-149.97		177.23		-144.48
28		C		-56.3		168.86		57.5		91.15		-141.48		-66.97		-149.92		178.46		-170.81
29		C		-53.03		165.13		52.39		92.06		-140.85		-64.61		-146.3		178.3		-178.0
30		C		-49.95		168.44		50.23		85.28		-148.29		-79.89		-153.74		-177.04		-161.53
31		A		-53.48		171.55		58.54		93.19		-136.98		-70.54		-148.42		-177.76		-142.17
32		G		-55.46		172.66		69.12		87.66		-140.3		-63.75		-163.71		166.33		-155.13
33		G		-51.84		168.82		55.88		92.58		-135.68		-64.94		-154.57		-179.73		-141.91
34		C		-49.18		167.1		46.28		91.79		-139.58		-63.78		-148.89		165.52		-138.54
35		U		-60.6		165.06		51.64		94.1		-137.25		-76.46		-144.61		172.32		-141.58
36		G		-62.24		168.79		54.89		94.0		-135.22		-76.8		-151.43		178.98		-161.68
37		C		-53.39		159.69		53.3		80.42		-146.47		-61.97		-162.78		160.73		-146.75
38		A		-57.94		174.81		56.37		87.71		-139.79		-68.18		-156.53		-179.65		-137.17
39		C		-57.04		166.14		54.51		85.07		-141.1		-68.72		-157.54		162.87		-142.31
40		C		-61.13		171.71		59.47		82.68		-147.48		-62.71		-160.29		164.05		-145.29
41		C		-63.32		167.28		64.78		85.16		-145.58		-89.25		-154.37		164.94		-162.07
42		A		-55.98		165.16		52.92		91.51		-138.23		-65.81		-146.32		170.07		-162.02
43		U		-46.49		158.82		65.66		89.81		-131.9		-70.16		-157.61		165.26		-164.74
44		G		-53.96		158.71		54.24		90.21		-141.23		-72.13		-151.6		166.0		-143.9
45		G		-56.69		165.6		56.99		89.18		-141.51		-73.45		-160.04		172.16		-146.53
46		C		-57.04		168.73		61.1		88.64		-139.91		-74.84		-153.71		177.27		-158.31
47		A		-58.03		167.77		68.47		88.05		-134.9		-72.55		-161.49		178.32		-157.18
48		G		-58.32		164.46		67.38		89.91		-140.97		-86.45		-153.5		179.47		-170.49
49		A		-61.31		165.03		62.1		92.89		-135.98		-77.19		-157.46		-179.97		-159.78
50		A		-56.16		172.22		68.98		91.06		-140.31		-69.33		-156.78		175.78		-156.62
51		G		-68.63		173.0		75.2		92.34		-139.41		-83.06		-155.45		172.13		-171.52
52		G		-57.34		169.76		73.12		91.09		-143.7		-77.0		-157.89		-174.25		-168.36
53		A		-56.37		169.1		65.69		85.84		-140.77		-76.28		-161.85		-177.75		-158.55
54		G		-52.15		168.6		64.58		85.82		-142.16		-71.06		-161.29		178.93		-155.62
55		G		-61.21		162.98		60.75		81.62		-145.61		-70.17		-165.9		170.07		-153.2
56		G		-66.66		170.21		69.9		86.27		-144.69		-79.29		-162.36		178.6		-157.9
57		C		-66.4		170.33		64.6		82.13		-146.71		-74.68		-164.08		173.59		-152.24
58		A		-64.71		178.19		60.33		95.92		-138.65		-83.12		-152.25		-172.82		-161.38
59		G		-70.47		170.48		77.25		95.55		-134.86		-81.06		-156.62		-179.75		-156.18
