No.	   Seq		 Alpha		 Beta		Gamma		Delta		 Epsilon	 Zeta		  Chi		  Eta		 Theta

0		G		-72.04		172.87		70.73		82.97		-145.82		-76.39		-163.21		172.6		-150.67
1		G		-63.36		167.73		53.27		87.0		-146.56		-71.43		-156.67		-178.13		-153.64
2		C		-69.15		168.05		63.48		85.78		-143.86		-66.6		-163.49		168.91		-141.9
3		U		-65.44		175.0		59.77		94.25		-138.19		-75.59		-149.93		-172.62		-150.06
4		C		-62.25		172.69		55.91		88.83		-139.24		-77.3		-151.1		176.81		-154.25
5		U		-66.52		169.27		54.16		94.65		-134.64		-68.8		-151.01		178.76		-131.22
6		G		-66.2		171.83		58.37		94.59		-138.94		-70.83		-153.08		-178.58		-144.02
7		G		-72.91		173.61		62.29		93.58		-137.06		-70.01		-152.33		-170.99		-148.81
8		U		-70.5		167.02		60.37		97.31		-133.86		-82.56		-143.94		-177.16		-159.8
9		A		-93.34		173.53		76.42		92.88		-135.35		-75.51		-149.85		168.75		-151.63
10		A		-69.5		170.6		61.11		93.38		-137.8		-78.27		-150.16		-179.06		-152.88
11		C		-63.59		178.14		55.4		88.3		-142.11		-62.87		-154.38		174.13		-156.42
12		U		-59.13		172.46		53.65		94.58		-136.08		-88.52		-149.19		-175.6		-155.87
13		A		-67.8		174.08		53.27		99.68		-135.74		-59.83		-140.96		-144.2		-134.14
14		G		-68.18		171.17		64.82		96.85		-135.68		-78.01		-153.74		-174.99		-152.67
15		A		-61.83		175.43		51.49		102.04		-133.16		-58.81		-138.09		-169.01		-142.66
16		G		-76.63		168.42		78.05		101.05		-128.72		-97.98		-148.96		-178.24		-173.83
17		A		-59.56		165.8		65.64		112.26		-121.35		-46.93		-134.72		-150.16		-151.74
18		U		-68.71		165.71		59.51		103.95		-129.31		-86.93		-143.57		176.43		-164.01
19		C		-62.67		175.74		54.13		98.7		-142.15		-59.48		-140.23		-177.39		-143.04
20		C		-78.45		171.98		57.64		90.03		-140.45		-71.29		-162.87		172.69		-144.96
21		C		-56.33		177.88		53.71		87.2		-157.15		-62.7		-155.1		-174.29		-158.08
22		U		-61.71		172.4		54.48		81.17		-150.27		-67.53		-158.93		175.99		-139.37
23		C		-64.77		171.9		55.89		90.39		-155.84		-65.67		-147.67		170.78		-162.29
24		A		-78.29		170.27		71.5		86.12		-142.3		-74.52		-159.21		168.17		-150.0
25		G		-53.64		176.41		66.42		89.93		-149.62		-76.67		-152.33		175.8		-168.69
26		A		-68.02		164.91		59.96		92.67		-132.37		-60.0		-157.53		176.1		-127.14
27		C		-54.92		170.77		55.92		88.78		-148.9		-62.16		-153.54		175.71		-134.99
28		C		-72.11		171.72		65.55		88.21		-141.0		-73.28		-153.93		178.29		-153.29
29		C		-54.76		-178.99		49.19		93.26		-147.91		-66.71		-148.82		-168.9		-153.82
30		U		-61.08		164.65		64.96		94.02		-138.89		-72.93		-146.93		-173.38		-155.29
31		U		-54.68		-177.84		56.98		107.27		-124.27		-80.22		-136.2		-165.12		-161.36
32		U		-57.18		162.39		57.48		100.6		-129.61		-71.72		-138.8		-177.39		-160.5
33		U		-62.77		-178.19		52.71		112.15		-129.26		-111.91		-127.23		-178.52		-179.87
34		A		-58.71		164.28		61.08		93.98		-143.33		-73.87		-150.95		175.31		-155.42
35		G		-49.77		170.0		54.9		87.28		-145.71		-64.85		-156.72		-179.72		-147.2
36		U		-54.41		158.19		52.86		85.86		-149.02		-63.48		-154.3		-170.45		-149.2
37		C		-57.26		169.6		51.47		86.17		-152.28		-72.59		-147.73		171.66		-162.88
38		A		-62.8		166.13		71.38		90.06		-144.62		-69.65		-160.66		-175.29		-158.27
39		G		-58.36		164.84		58.14		93.26		-142.45		-66.8		-149.91		174.19		-153.54
40		U		-55.99		163.3		65.23		96.35		-139.99		-70.32		-150.44		-175.41		-151.94
41		G		-55.5		164.05		52.98		94.44		-138.2		-65.93		-145.87		-179.79		-132.61
42		U		-56.64		171.57		66.74		85.75		-145.22		-75.54		-157.83		-176.22		-154.56
43		G		-57.37		167.3		54.15		89.27		-144.57		-72.94		-149.11		173.27		-146.7
44		G		-61.55		178.42		69.19		94.03		-141.44		-98.22		-149.14		-154.04		-176.35
45		A		-54.78		178.04		58.0		91.98		-139.21		-69.12		-149.04		-174.12		-153.95
46		A		-55.97		170.28		72.37		88.0		-142.68		-68.35		-154.34		-177.55		-158.1
47		A		-68.49		168.48		64.63		93.03		-137.39		-75.08		-151.33		162.88		-145.29
48		A		-49.64		168.93		56.53		99.28		-135.02		-63.34		-148.63		-173.43		-139.74
49		U		-57.63		172.2		56.07		101.27		-129.18		-78.68		-137.93		176.84		-135.88
50		C		-58.13		173.17		49.53		104.02		-136.64		-51.18		-140.82		-177.02		-144.36
51		U		-60.67		168.86		60.83		91.88		-137.09		-79.77		-152.44		172.48		-155.45
52		C		-57.0		170.96		53.33		89.35		-143.66		-69.32		-150.33		178.84		-165.2
53		U		-55.25		168.32		61.18		85.24		-138.88		-82.58		-156.55		164.15		-153.35
54		A		-63.28		169.54		60.08		86.93		-145.66		-71.51		-160.77		168.46		-143.35
55		G		-58.67		165.15		67.0		80.89		-143.75		-73.12		-167.43		168.05		-142.79
56		C		-62.09		168.28		52.88		84.12		-149.47		-68.82		-160.15		168.27		-148.53
57		A		-55.46		168.42		52.3		88.49		-146.97		-76.42		-159.67		176.15		-147.6
58		G		-56.56		168.29		50.66		98.71		-140.76		-69.88		-148.86		-174.68		-174.34
59		U		-54.74		169.06		62.65		93.16		-135.77		-65.7		-162.74		175.13		-145.91
60		G		-59.23		169.88		54.82		93.56		-140.84		-76.28		-152.74		173.08		-144.07
61		G		-57.72		168.1		55.76		87.05		-143.36		-76.11		-167.71		174.32		-145.7
62		C		-54.94		160.64		52.73		90.31		-138.14		-66.41		-157.39		-177.82		-132.34
63		G		-68.31		173.17		81.0		87.61		-138.83		-81.06		-167.13		177.64		-151.95
64		C		-64.47		172.01		60.62		93.57		-136.44		-77.79		-151.12		176.9		-144.27
65		C		-66.8		165.79		58.47		80.55		-143.58		-75.8		-169.66		163.47		-158.16
66		C		-57.01		174.48		56.24		84.69		-145.34		-81.59		-156.8		177.21		-144.03
67		G		-75.74		167.59		67.72		85.11		-142.47		-80.12		-163.91		156.47		-154.6
68		A		-59.78		170.87		58.14		103.02		-130.09		-91.28		-144.24		-169.96		-146.76
69		A		-57.23		169.79		74.0		94.06		-127.82		-71.04		-166.65		178.55		-135.82
70		C		-61.49		170.7		61.25		94.36		-134.25		-89.06		-152.21		173.19		-146.18
71		A		-68.28		168.98		65.79		89.45		-138.22		-76.87		-167.0		177.83		-140.97
72		G		-54.9		162.07		57.82		86.41		-142.7		-78.34		-161.72		174.45		-147.9
73		G		-66.18		164.75		61.13		86.04		-140.96		-70.34		-163.61		174.06		-138.65
74		G		-69.78		168.52		63.37		89.6		-139.59		-78.89		-159.51		173.69		-144.99
75		A		-82.39		174.81		91.48		88.92		-135.75		-79.55		-165.87		175.54		-142.36
76		C		-64.17		166.86		72.11		81.62		-140.69		-73.41		-166.13		165.91		-155.15
77		U		-64.37		168.82		58.96		85.32		-140.13		-82.66		-159.32		172.15		-142.66
78		U		-64.86		167.18		56.34		88.77		-138.76		-72.49		-157.34		171.41		-148.11
79		G		-76.72		170.34		73.68		85.82		-138.58		-78.13		-159.97		161.39		-148.99
80		A		-78.73		170.49		66.96		88.12		-138.21		-73.9		-164.43		170.28		-144.14
81		A		-75.53		175.09		90.38		88.52		-138.75		-85.91		-161.83		168.01		-153.13
82		A		-82.18		172.95		91.87		90.85		-136.68		-77.83		-162.44		178.47		-152.41
83		G		-73.93		176.38		96.2		81.4		-141.98		-80.91		-167.46		169.97		-150.74
84		C		-74.49		167.0		63.98		84.01		-140.83		-75.6		-162.04		169.91		-139.35
85		G		-84.58		177.08		87.49		85.87		-137.69		-83.8		-163.17		176.3		-149.78
86		A		-122.77		172.71		85.32		98.89		-131.53		-89.12		-154.35		-164.43		-152.41
87		A		-111.48		-178.03		118.46		87.4		-140.45		-76.31		-167.34		167.98		-149.74
88		A		-76.52		178.27		79.29		103.15		-129.84		-86.47		-147.99		-172.3		-137.06
89		G		-107.94		179.73		90.42		95.72		-131.21		-84.1		-158.95		169.08		-151.37
90		U		-62.79		168.01		77.64		102.54		-129.66		-86.2		-147.27		-175.99		-157.48
91		A		-105.26		179.91		82.07		110.87		-131.09		-107.68		-144.82		-169.82		-168.99
92		A		-70.7		169.97		73.09		98.91		-133.06		-72.55		-156.28		-178.58		-152.12
93		A		-86.42		177.08		82.69		95.48		-135.34		-77.69		-158.69		174.94		-154.84
94		G		-61.29		174.94		67.66		85.36		-143.52		-76.07		-163.78		171.11		-146.81
95		C		-74.02		176.78		66.14		88.24		-142.46		-78.74		-159.83		171.74		-145.17
96		C		-70.88		172.19		77.4		85.56		-141.75		-77.45		-166.48		173.17		-154.69
97		A		-98.34		-179.5		96.46		93.84		-137.26		-85.44		-159.32		179.66		-154.63
98		G		-80.37		169.59		66.47		82.68		-142.94		-74.33		-168.06		165.83		-145.97
99		A		-76.73		170.8		65.01		87.61		-141.51		-74.48		-163.15		171.55		-131.95
100		G		-71.32		170.84		67.46		81.99		-145.02		-76.92		-167.45		167.29		-142.92
101		C		-82.23		175.64		75.8		91.46		-143.98		-80.83		-158.62		171.6		-151.54
102		C		-78.26		176.05		69.31		89.77		-142.18		-77.7		-162.27		-179.96		-147.86
