No.	   Seq		 Alpha		 Beta		Gamma		Delta		 Epsilon	 Zeta		  Chi		  Eta		 Theta

0		G		-76.38		175.43		65.17		95.29		-144.22		-70.49		-150.11		-176.24		-149.08
1		U		-84.49		175.18		71.73		88.5		-140.55		-81.44		-159.51		170.36		-148.08
2		G		-76.99		177.92		68.18		94.52		-144.21		-72.79		-149.99		-177.15		-147.14
3		U		-82.89		174.44		68.86		88.82		-140.9		-81.5		-158.77		170.06		-148.53
4		G		-68.28		-175.73		70.51		93.38		-145.9		-72.51		-145.97		-175.62		-147.51
5		U		-80.49		174.19		67.62		90.07		-139.25		-83.17		-156.96		172.9		-148.28
6		G		-66.44		-174.91		69.57		96.96		-142.26		-73.63		-142.25		-172.32		-144.93
7		U		-78.97		174.24		65.19		90.77		-138.63		-81.88		-156.1		173.04		-145.55
8		G		-59.0		-172.01		73.47		95.93		-141.4		-75.46		-149.32		-177.54		-151.2
9		U		-86.34		174.23		68.09		92.59		-137.06		-82.24		-155.37		174.78		-144.05
10		G		-56.48		-172.51		68.58		94.56		-142.65		-74.41		-151.5		-176.93		-150.61
11		U		-87.29		175.94		68.9		91.7		-137.54		-81.76		-157.17		175.24		-143.59
12		G		-59.2		-178.66		58.33		98.85		-145.34		-77.52		-147.47		-165.52		-147.25
13		U		-89.43		176.24		71.56		92.59		-136.97		-83.18		-156.28		176.23		-143.96
14		G		-58.94		-177.74		58.28		98.85		-144.77		-77.36		-148.52		-165.16		-146.67
15		U		-87.36		175.7		71.05		92.39		-137.25		-83.83		-155.86		175.39		-144.47
16		G		-62.79		-177.69		53.72		99.64		-146.4		-69.16		-149.14		-172.16		-146.49
17		U		-87.44		176.71		71.41		95.26		-135.32		-86.36		-152.86		176.13		-143.16
18		G		-63.75		-177.02		53.39		100.86		-145.1		-68.8		-147.87		-172.95		-148.77
19		U		-85.38		177.58		72.45		96.24		-136.08		-86.56		-152.77		177.97		-144.66
20		G		-65.64		-176.5		51.63		100.9		-143.68		-67.43		-145.05		-178.88		-156.36
21		U		-79.95		175.77		69.16		90.9		-138.47		-81.44		-157.62		173.93		-142.47
22		G		-67.4		-175.88		51.64		99.01		-145.5		-66.09		-147.04		177.33		-156.42
