No.	   Seq		 Alpha		 Beta		Gamma		Delta		 Epsilon	 Zeta		  Chi		  Eta		 Theta

0		G		-67.55		170.71		59.13		93.65		-137.87		-78.8		-154.19		-177.35		-141.28
1		A		-76.0		175.86		66.78		97.69		-139.78		-84.85		-148.62		-176.2		-151.76
2		A		-71.48		174.77		67.89		93.54		-139.46		-81.75		-150.66		-179.47		-151.71
3		C		-81.86		174.02		69.52		96.38		-137.31		-89.88		-151.64		179.53		-153.72
4		G		-69.51		174.14		68.41		88.85		-142.86		-77.51		-159.25		177.91		-147.52
5		C		-72.96		174.58		56.88		88.69		-145.61		-79.24		-156.06		175.28		-143.19
6		G		-69.45		176.81		59.31		93.48		-142.3		-75.28		-156.56		-178.32		-149.81
7		C		-74.24		173.59		57.95		89.96		-141.47		-76.65		-154.77		173.35		-140.6
8		G		-72.24		173.37		66.24		92.12		-142.86		-81.44		-153.63		178.65		-153.06
9		A		-81.97		-179.47		73.1		101.91		-134.6		-79.52		-148.85		-176.33		-152.01
10		U		-69.73		172.53		68.63		93.26		-139.21		-77.17		-154.25		177.51		-150.14
11		A		-73.43		179.75		68.82		96.74		-135.16		-78.99		-150.6		178.51		-140.39
12		C		-72.24		170.53		59.15		92.74		-140.6		-72.61		-152.63		174.28		-136.88
13		U		-75.29		-179.39		68.85		94.3		-136.51		-79.9		-149.34		179.05		-149.9
14		C		-68.29		175.74		59.32		89.39		-142.19		-75.32		-152.86		176.93		-144.94
15		U		-66.02		169.79		58.18		91.82		-139.31		-76.56		-151.9		177.95		-146.78
16		U		-67.51		175.49		64.91		100.29		-135.15		-81.49		-145.67		-176.52		-157.41
17		U		-81.87		174.48		72.76		97.28		-134.34		-73.82		-148.45		174.42		-149.13
18		G		-100.41		178.46		92.64		95.92		-138.4		-79.28		-156.32		173.81		-160.58
19		A		-73.93		172.74		71.09		98.44		-136.2		-86.4		-149.4		-175.06		-153.51
20		A		-73.37		176.54		74.92		93.87		-137.84		-80.18		-153.53		179.55		-157.12
21		C		-65.3		174.93		64.38		95.27		-142.31		-78.59		-153.74		-174.39		-146.72
22		G		-68.79		174.78		63.87		94.5		-143.26		-76.51		-153.18		178.44		-151.51
23		C		-68.97		175.95		58.88		94.88		-142.53		-83.52		-150.4		-174.63		-150.12
24		A		-72.56		173.2		63.86		96.92		-137.13		-73.91		-149.42		-179.76		-150.64
25		C		-63.92		173.99		65.43		90.19		-143.71		-81.39		-156.62		178.13		-155.94
26		A		-61.31		171.98		59.06		96.25		-138.26		-76.74		-148.78		-176.78		-159.33
27		U		-65.93		171.18		61.05		101.93		-131.58		-82.78		-146.69		-177.4		-141.2
28		U		-61.91		175.94		58.24		103.3		-134.68		-91.36		-138.12		-175.21		-168.27
29		G		-64.64		176.63		69.06		98.07		-135.34		-84.57		-151.23		-165.77		-149.7
30		C		-74.56		174.89		69.97		90.67		-145.52		-73.46		-157.48		174.78		-156.59
31		G		-69.26		-179.35		73.38		89.19		-142.38		-79.26		-161.11		-175.11		-151.8
32		C		-64.39		174.94		57.35		83.78		-148.08		-71.21		-157.69		173.6		-141.71
33		C		-73.64		172.38		62.68		87.1		-144.02		-74.95		-159.67		173.51		-143.2
34		C		-70.82		174.32		65.81		86.14		-145.6		-79.09		-158.21		175.04		-144.94
35		C		-71.08		175.66		62.07		85.51		-143.83		-75.71		-159.57		172.87		-152.22
36		U		-58.55		174.35		59.71		95.98		-135.32		-83.88		-150.11		-170.56		-149.35
37		U		-63.96		170.96		57.41		93.48		-136.87		-75.08		-153.86		175.62		-137.16
38		G		-83.06		-178.97		70.21		102.02		-132.4		-82.7		-149.29		-176.07		-143.28
39		G		-77.01		176.35		63.61		94.06		-136.82		-76.47		-155.1		174.55		-139.58
40		U		-63.64		176.0		61.35		100.59		-133.56		-92.33		-143.46		-179.64		-156.54
41		A		-66.51		170.89		64.55		96.71		-133.65		-81.23		-152.26		-175.25		-138.46
42		U		-69.92		174.13		59.85		102.42		-134.32		-77.05		-148.79		178.53		-140.49
43		U		-67.87		174.78		58.68		92.97		-138.7		-76.14		-152.03		172.93		-140.45
44		C		-70.31		179.24		58.57		90.44		-141.8		-78.79		-150.96		173.12		-151.87
45		C		-69.74		174.63		67.41		86.31		-144.13		-79.06		-158.85		168.49		-154.28
46		A		-65.78		176.79		62.69		89.99		-141.67		-85.09		-155.71		-179.32		-154.41
47		G		-66.67		174.01		72.91		86.1		-140.51		-80.44		-160.36		170.77		-152.54
48		G		-70.46		168.84		66.25		84.54		-141.56		-77.51		-163.19		167.12		-145.57
49		G		-67.07		172.69		71.07		86.41		-142.77		-80.62		-161.31		174.28		-146.95
50		G		-68.82		170.05		60.58		89.58		-141.74		-80.09		-156.36		174.7		-145.32
51		G		-74.26		177.51		73.97		94.08		-139.66		-85.08		-155.88		-173.36		-153.96
52		C		-71.52		173.24		66.34		93.77		-137.08		-82.09		-152.86		179.02		-149.68
53		A		-79.27		-175.9		79.99		97.57		-134.27		-88.5		-152.52		-174.71		-154.34
54		A		-75.1		177.39		70.75		100.93		-132.02		-89.7		-148.49		-173.12		-149.17
55		G		-74.0		179.51		81.63		96.19		-135.84		-85.67		-153.46		179.73		-155.71
56		C		-78.52		-178.58		85.7		95.75		-136.44		-84.24		-154.19		-176.79		-148.81
57		G		-83.18		-177.54		77.15		95.96		-135.72		-80.99		-155.43		177.31		-152.32
58		U		-72.96		174.33		70.03		93.47		-138.06		-80.45		-156.11		179.22		-150.92
