No.	   Seq		 Alpha		 Beta		Gamma		Delta		 Epsilon	 Zeta		  Chi		  Eta		 Theta

0		G		-72.0		172.8		55.1		87.59		-146.45		-73.87		-155.81		176.15		-146.61
1		G		-76.56		178.21		61.82		88.87		-140.94		-74.78		-159.88		172.07		-141.19
2		G		-74.81		175.4		55.98		93.75		-145.49		-75.4		-151.27		177.03		-151.79
3		A		-77.76		171.37		58.06		97.75		-134.47		-86.08		-150.29		171.67		-142.65
4		A		-71.93		175.42		53.87		90.59		-141.14		-62.69		-152.18		-176.22		-123.73
5		C		-81.42		173.06		63.68		82.6		-147.83		-67.08		-160.89		161.66		-133.9
6		C		-79.25		176.91		62.75		87.35		-152.81		-66.92		-153.77		174.02		-152.32
7		C		-81.56		169.17		66.05		84.97		-143.84		-75.99		-157.13		-179.62		-153.74
8		U		-68.24		171.92		57.38		103.59		-131.41		-65.55		-140.47		-170.03		-147.82
9		U		-75.11		168.06		57.96		101.43		-134.14		-86.87		-141.29		177.66		-148.23
10		C		-92.19		-167.34		71.24		91.92		-142.4		-69.51		-155.03		160.87		-146.59
11		C		-72.48		174.49		57.18		86.88		-145.56		-73.62		-155.63		170.38		-138.94
12		C		-68.35		-174.94		58.93		89.67		-155.96		-74.85		-147.07		-174.37		-166.19
13		A		-71.12		172.45		70.95		96.39		-138.94		-88.79		-150.74		-164.66		-158.9
14		A		-68.19		167.63		57.74		92.0		-147.61		-53.78		-151.27		177.22		-143.03
15		U		-69.83		168.52		69.84		97.96		-130.83		-97.56		-143.22		169.56		-164.64
16		A		-54.8		-178.23		51.51		111.85		-121.78		-79.47		-122.29		-162.51		-146.15
17		U		-65.99		167.76		62.09		101.21		-130.1		-88.78		-143.5		170.88		-147.55
18		G		-54.93		179.24		67.79		109.2		-135.01		-65.84		-137.88		-152.65		-152.02
19		G		-92.38		178.78		74.21		97.02		-137.31		-79.81		-156.51		-161.24		-154.45
20		C		-58.93		-178.38		54.51		90.06		-156.61		-60.45		-149.17		-174.07		-161.55
21		U		-67.25		170.74		68.56		83.77		-143.24		-76.62		-159.07		-176.95		-150.83
22		G		-71.98		174.65		62.43		96.23		-157.06		-74.01		-147.34		179.98		-172.86
23		U		-73.42		171.66		63.67		101.48		-138.57		-80.21		-145.53		-171.59		-169.6
24		U		-56.1		-176.01		52.56		104.89		-140.36		-70.07		-135.53		-176.8		-162.29
25		C		-95.81		177.67		67.26		91.31		-137.48		-70.09		-157.47		153.04		-140.89
26		G		-59.51		179.13		56.27		90.67		-147.89		-70.08		-156.82		-156.99		-137.77
27		C		-66.1		174.79		51.86		80.25		-147.49		-69.84		-154.75		175.63		-136.37
28		C		-62.36		-168.4		61.53		88.89		-145.7		-82.94		-142.61		-173.04		-159.88
29		A		-68.8		177.67		77.8		102.16		-128.27		-86.25		-140.06		-166.72		-140.82
30		U		-57.66		178.17		67.33		117.25		-115.59		-96.41		-126.96		-173.92		-147.1
31		U		-56.43		176.05		68.43		118.42		-111.75		-86.04		-127.16		-163.23		-60.35
32		U		-61.09		-173.18		54.06		110.47		-120.0		-66.91		-135.29		162.91		-131.39
33		C		-63.88		174.98		57.76		96.99		-139.58		-74.86		-146.93		172.43		-155.06
34		G		-57.95		-174.03		56.11		95.68		-139.62		-78.53		-140.72		-171.15		-155.93
35		G		-59.77		177.2		60.92		85.8		-147.01		-76.92		-157.9		-179.07		-151.36
36		G		-60.51		174.9		59.77		92.53		-144.42		-76.78		-150.84		179.14		-161.65
37		A		-68.18		168.73		69.77		87.65		-143.64		-71.62		-161.21		173.0		-153.37
38		A		-70.36		170.31		59.67		83.27		-152.23		-71.51		-160.26		161.04		-150.11
39		G		-64.33		161.38		57.25		78.14		-149.99		-71.55		-165.01		168.28		-145.08
40		G		-63.26		163.8		50.92		82.54		-148.6		-69.7		-156.58		168.76		-141.61
41		G		-59.52		173.91		54.82		83.93		-145.75		-77.46		-159.58		-177.41		-148.3
42		U		-58.09		168.64		50.73		89.04		-142.82		-71.53		-145.58		168.99		-140.69
43		U		-61.28		179.66		60.2		98.75		-133.77		-89.19		-143.33		-175.57		-151.95
