No.	   Seq		 Alpha		 Beta		Gamma		Delta		 Epsilon	 Zeta		  Chi		  Eta		 Theta

0		G		-89.53		170.72		93.93		71.88		-151.83		-74.57		171.27		152.06		-152.91
1		G		-93.5		166.24		74.35		72.44		-148.86		-77.14		178.93		151.96		-142.56
2		G		-67.65		169.53		56.45		67.18		-156.95		-71.17		-174.17		158.47		-134.88
3		C		-67.96		171.1		56.88		72.78		-150.87		-71.09		-165.48		163.27		-132.82
4		C		-89.61		171.26		65.64		84.22		-146.49		-107.77		-158.78		158.55		176.58
5		A		-68.42		171.04		68.63		93.36		-134.58		-92.46		-162.93		-164.81		-160.3
6		U		-52.52		166.34		47.01		88.84		-136.66		-77.22		-148.63		165.7		-122.69
7		G		-66.82		178.67		67.77		87.92		-139.3		-74.58		-158.9		162.86		-127.43
8		G		153.45		-178.55		119.55		99.39		-126.07		-72.9		-168.11		43.45		-120.9
9		G		163.67		-177.64		153.2		97.05		-131.15		-89.87		-171.97		-149.74		-170.02
10		G		-57.01		178.29		59.86		95.06		-132.72		-80.01		-152.75		-159.21		-146.48
11		U		-71.02		168.78		46.43		87.81		-144.21		-70.75		-154.47		171.51		-138.36
12		G		-93.97		167.9		74.24		79.52		-147.25		-69.87		-173.16		160.48		-147.73
13		G		-121.17		172.34		72.2		78.64		-146.9		-66.35		-174.23		173.94		-150.59
14		G		-86.8		170.39		70.43		78.28		-146.67		-77.11		-170.19		167.41		-156.2
15		A		-75.96		178.9		77.77		102.47		-125.46		-77.25		-144.17		-156.83		-124.9
16		G		-110.51		175.61		103.26		109.54		-115.72		-112.15		-141.51		173.08		-134.78
17		C		-72.0		172.8		60.99		89.67		-133.64		-71.24		-151.37		159.91		-129.17
18		U		-66.74		171.24		59.23		105.46		-120.95		-123.74		-130.97		169.83		-150.75
19		G		-78.13		176.27		62.77		108.67		-122.01		-170.97		-128.64		-156.82		-171.97
20		G		176.09		175.6		87.19		89.74		-143.45		-69.81		-167.42		-177.86		-158.79
21		G		-62.18		-172.19		121.61		96.01		-133.8		-75.65		-159.36		-172.12		-149.43
