No.	   Seq		 Alpha		 Beta		Gamma		Delta		 Epsilon	 Zeta		  Chi		  Eta		 Theta

0		U		-88.03		176.52		72.59		90.56		-140.11		-75.77		-157.99		177.49		-143.74
1		G		-90.85		-178.5		81.88		94.36		-141.42		-81.1		-157.91		177.14		-152.99
2		A		-92.34		177.49		73.05		96.43		-136.62		-82.81		-153.67		177.82		-145.78
3		A		-88.88		-179.83		73.16		95.05		-138.89		-85.72		-154.71		176.85		-150.14
4		C		-80.85		-178.97		69.29		103.49		-134.61		-88.82		-148.82		-170.72		-148.91
5		G		-79.96		-179.36		68.23		94.69		-142.36		-82.56		-153.82		179.99		-151.77
6		C		-78.51		179.63		58.38		97.82		-138.61		-85.34		-148.43		-176.48		-146.16
7		A		-85.26		177.67		70.11		94.91		-137.24		-77.87		-154.2		179.4		-141.05
8		C		-78.71		179.45		67.68		91.83		-140.6		-90.38		-151.46		175.22		-159.13
9		A		-70.96		176.1		62.18		93.91		-139.67		-78.73		-154.14		-178.33		-148.7
10		U		-81.13		175.75		61.13		103.24		-131.26		-81.02		-146.31		-179.86		-133.7
11		U		-79.16		179.25		69.42		104.78		-132.82		-89.8		-142.64		-175.92		-151.11
12		G		-86.59		179.33		67.51		96.53		-135.39		-85.18		-150.4		177.06		-147.58
13		C		-87.93		177.84		71.84		98.45		-142.31		-80.48		-155.5		-177.96		-157.05
14		G		-86.52		-178.25		72.72		92.41		-140.72		-77.92		-156.97		-177.03		-147.47
15		C		-74.2		178.31		59.47		87.72		-147.29		-80.3		-154.36		177.12		-146.04
16		C		-78.99		172.39		62.28		88.21		-141.55		-74.38		-155.36		170.8		-142.57
17		C		-78.36		179.16		66.14		88.08		-145.83		-79.68		-157.98		175.12		-147.5
18		C		-79.74		178.07		65.95		87.83		-142.42		-75.63		-155.84		175.58		-148.98
19		U		-70.04		177.26		61.46		97.92		-137.85		-89.14		-149.78		-177.24		-154.59
20		U		-72.21		175.05		60.8		97.98		-132.98		-78.6		-146.45		-179.5		-138.37
21		G		-129.83		-176.99		72.13		102.75		-134.66		-80.43		-151.95		177.55		-142.17
22		G		-81.8		177.52		65.76		101.07		-133.41		-73.87		-145.22		-172.03		-139.57
23		U		-80.96		-176.29		70.67		109.33		-128.17		-104.79		-139.1		-175.99		-164.3
24		A		-74.21		175.65		68.55		102.19		-128.78		-76.0		-145.55		-164.79		-129.93
25		U		-93.42		178.64		71.07		106.67		-133.04		-78.08		-148.73		177.43		-141.29
26		U		-69.38		179.47		59.73		98.45		-137.83		-74.64		-147.0		179.12		-143.37
27		C		-80.6		-179.52		60.1		87.86		-140.99		-78.56		-151.7		166.54		-146.45
28		C		-68.67		172.94		60.46		87.92		-144.17		-73.19		-155.74		171.94		-148.59
29		A		-69.13		179.8		62.02		86.91		-144.23		-84.57		-156.22		176.01		-151.79
30		G		-66.43		176.78		69.1		85.4		-144.15		-79.12		-158.7		170.11		-156.86
31		G		-73.53		169.84		64.27		85.99		-140.87		-78.29		-159.34		165.3		-140.31
32		G		-65.49		175.87		69.53		87.47		-144.8		-76.59		-159.21		175.15		-141.77
33		G		-72.07		171.1		57.85		87.04		-143.62		-80.36		-157.74		171.64		-140.25
34		G		-75.2		176.71		65.59		93.05		-140.61		-71.77		-156.69		-175.37		-146.51
35		C		-76.61		174.83		65.03		95.06		-138.33		-84.58		-151.3		-179.04		-147.07
36		A		-71.6		-173.73		67.03		101.45		-134.61		-82.58		-142.33		-163.79		-152.85
37		U		-74.91		178.2		67.95		104.02		-131.2		-90.65		-144.31		-173.55		-145.41
38		G		-68.8		-177.95		76.01		99.15		-137.02		-74.67		-148.07		-176.3		-148.92
39		C		-81.26		-177.42		74.81		92.41		-140.34		-78.76		-154.65		179.89		-144.71
40		C		-65.25		-176.29		59.72		89.53		-142.34		-69.38		-150.84		176.28		-145.72
41		U		-74.84		175.13		67.47		88.92		-140.79		-79.03		-156.95		176.98		-149.13
42		G		-65.31		174.07		59.82		90.01		-145.08		-73.64		-150.74		172.6		-149.16
43		U		-76.83		172.18		62.86		90.3		-140.03		-76.71		-156.74		171.17		-145.22
44		U		-59.9		-179.98		56.31		95.39		-138.26		-78.77		-144.49		176.6		-154.68
45		U		-86.42		179.66		69.0		98.52		-132.49		-86.2		-150.42		173.38		-149.14
46		G		-72.76		177.09		67.33		93.41		-141.75		-77.86		-154.23		173.11		-146.39
47		A		-79.03		178.77		67.1		96.16		-136.14		-82.93		-153.35		-177.99		-143.95
48		G		-63.13		-179.95		62.98		91.51		-142.09		-72.56		-154.29		176.78		-147.57
49		C		-83.26		177.5		69.92		89.93		-141.77		-81.36		-158.69		175.87		-146.63
50		G		-66.9		174.23		61.32		88.57		-147.76		-73.92		-156.98		174.82		-146.83
51		U		-74.48		173.36		60.95		87.79		-142.63		-78.29		-157.96		177.6		-143.52
52		C		-67.98		173.44		54.08		88.89		-144.89		-69.33		-155.12		170.4		-152.28
53		A		-71.0		173.84		60.04		88.76		-142.73		-76.92		-157.6		175.7		-143.58
54		U		-66.33		177.24		60.28		93.64		-141.54		-80.63		-148.11		173.25		-150.59
55		U		-70.9		173.39		60.41		92.76		-139.85		-81.16		-154.56		172.21		-142.69
56		U		-65.53		-179.21		61.63		95.85		-138.93		-82.11		-146.79		179.25		-149.71
