No.	   Seq		 Alpha		 Beta		Gamma		Delta		 Epsilon	 Zeta		  Chi		  Eta		 Theta

0		A		-89.19		177.89		68.81		85.9		-142.81		-80.43		-161.07		173.17		-146.61
1		C		-70.32		168.61		52.42		85.2		-147.29		-70.42		-152.41		175.32		-144.68
2		U		-67.39		173.7		54.56		81.03		-146.96		-74.33		-156.58		169.98		-139.19
3		G		-79.11		170.2		59.02		87.04		-144.14		-73.76		-159.42		166.63		-152.98
4		A		-96.04		169.94		66.84		88.42		-140.82		-80.64		-162.33		163.09		-153.73
5		A		-64.89		168.72		59.89		94.87		-135.67		-70.36		-147.11		-174.13		-141.9
6		A		-71.07		-175.89		68.34		86.83		-138.74		-77.85		-155.97		175.0		-139.33
7		C		-76.65		168.23		52.33		97.06		-128.69		-60.21		-144.42		174.37		-127.75
8		G		-80.33		175.06		83.12		86.05		-137.97		-84.12		-166.37		164.43		-163.87
9		A		-68.49		-176.91		61.31		104.42		-121.98		-82.45		-137.15		-152.78		-144.86
10		U		-60.69		169.18		60.76		91.63		-136.89		-75.71		-155.07		170.37		-152.24
11		U		-67.6		-178.71		60.61		99.82		-125.79		-72.2		-139.57		-167.98		-117.97
12		G		-105.93		179.72		75.34		91.39		-139.51		-78.53		-162.64		164.78		-151.08
13		U		-63.7		173.97		47.33		98.12		-138.19		-69.91		-137.93		-169.21		-146.1
14		U		-77.88		-177.41		78.32		107.01		-130.42		-107.06		-147.82		-165.23		176.26
15		G		-72.04		-179.9		66.01		98.8		-134.23		-79.32		-144.41		-167.15		-139.89
16		U		-79.38		173.15		67.2		97.25		-137.06		-74.78		-158.83		-180.0		-137.84
17		G		-59.31		177.5		51.74		100.77		-134.26		-82.1		-143.19		-173.12		-140.85
18		C		-81.69		-179.83		59.25		83.08		-143.5		-73.0		-164.93		171.71		-138.51
19		C		-67.66		172.83		55.86		99.25		-140.71		-68.32		-141.42		-168.59		-138.26
20		C		-71.86		179.79		68.52		92.3		-140.11		-92.6		-150.84		-178.22		-158.7
21		C		-59.32		177.93		51.81		97.95		-137.08		-62.91		-143.7		-171.11		-167.24
22		U		-63.03		169.87		57.32		95.02		-133.25		-81.08		-155.5		170.65		-132.64
23		G		-57.63		-174.94		58.73		103.6		-140.59		-71.02		-140.15		-171.68		-154.95
24		G		-66.48		177.34		59.1		93.07		-136.37		-82.78		-149.0		172.68		-141.75
25		C		-69.1		-169.11		73.23		91.15		-147.32		-62.67		-149.56		177.43		-141.34
26		G		-71.22		175.84		82.23		91.99		-138.91		-87.57		-163.15		176.53		-161.17
27		G		-53.92		177.96		56.49		93.63		-146.58		-60.22		-154.58		-160.01		-176.23
28		U		-63.06		167.85		53.75		88.49		-139.0		-73.03		-158.9		170.66		-137.57
29		C		-66.99		175.93		55.99		94.83		-145.26		-65.68		-141.68		174.51		-142.42
30		G		-90.62		173.45		75.63		78.61		-144.63		-72.88		-171.44		157.05		-150.25
31		C		-58.34		174.35		53.66		87.19		-151.52		-71.14		-156.16		-176.03		-155.04
32		U		-60.87		169.16		54.49		78.53		-143.09		-73.59		-165.47		164.64		-141.55
33		U		-52.73		176.01		48.76		102.02		-136.22		-67.71		-135.27		-171.16		-131.92
34		U		-82.44		163.98		58.11		79.11		-141.4		-70.71		-164.73		137.06		-137.09
35		C		-62.64		174.44		50.52		91.31		-150.49		-69.19		-144.2		167.98		-153.7
36		A		-83.2		-175.18		68.82		84.56		-139.62		-87.7		-162.62		170.46		-150.55
37		A		-45.71		179.24		52.71		98.19		-142.27		-62.52		-151.0		-167.03		-147.33
38		U		-65.81		169.8		75.9		87.32		-136.43		-69.21		-160.47		168.09		-137.32
39		G		-65.17		-174.41		59.03		97.69		-145.74		-69.66		-149.0		173.33		-144.01
40		C		-74.35		176.73		65.94		80.74		-145.25		-76.2		-167.21		169.68		-143.97
41		C		-61.09		174.49		51.16		86.29		-152.52		-66.49		-150.78		177.7		-157.78
42		U		-76.21		177.14		77.66		84.59		-143.58		-80.91		-162.39		178.23		-157.54
