No.	   Seq		 Alpha		 Beta		Gamma		Delta		 Epsilon	 Zeta		  Chi		  Eta		 Theta

0		G		-76.88		177.26		69.44		85.98		-143.73		-78.68		-165.93		171.56		-144.15
1		G		-65.91		173.72		59.96		89.68		-145.02		-70.83		-158.71		178.6		-148.23
2		U		-85.71		175.94		67.98		85.54		-143.68		-81.74		-161.82		165.58		-142.96
3		A		-67.17		174.27		60.41		89.16		-146.77		-69.33		-156.45		174.05		-139.23
4		C		-76.87		177.31		70.07		81.26		-144.27		-76.1		-166.85		166.22		-142.28
5		C		-66.01		175.09		53.54		87.37		-145.99		-73.63		-154.9		175.73		-149.55
6		U		-74.86		174.56		63.0		89.8		-137.97		-87.38		-158.24		172.92		-150.16
7		A		-61.62		178.32		59.09		96.62		-137.91		-72.47		-146.81		-176.32		-138.16
8		C		-87.84		173.62		68.45		86.73		-138.7		-75.53		-162.08		165.03		-140.3
9		C		-62.01		178.29		60.64		94.15		-135.97		-77.6		-148.25		172.02		-137.33
10		A		-96.45		178.75		85.76		89.53		-136.29		-91.3		-160.71		175.3		-156.37
11		A		-54.66		172.31		64.07		100.34		-137.03		-74.66		-147.52		-169.21		-144.35
12		U		-81.05		170.32		69.33		90.36		-138.09		-73.69		-161.54		171.05		-138.69
13		C		-76.8		-175.56		81.25		94.9		-140.22		-82.79		-151.3		179.64		-152.27
14		G		-90.13		176.34		82.46		92.17		-136.11		-87.63		-158.56		-178.38		-156.53
15		U		-59.44		174.09		66.87		93.77		-143.4		-81.67		-157.59		-173.54		-164.2
16		A		-73.05		173.14		69.57		90.09		-137.97		-79.65		-162.3		178.65		-137.04
17		G		-73.52		179.73		71.5		96.33		-141.1		-78.86		-150.4		177.25		-152.96
18		C		-89.62		177.05		85.85		90.46		-138.39		-82.3		-160.46		171.67		-151.94
19		G		-58.85		176.4		66.9		98.82		-138.69		-80.02		-151.13		-160.94		-166.63
20		U		-80.63		175.0		74.91		90.9		-138.83		-83.27		-159.5		174.67		-147.58
21		G		-64.09		171.47		58.98		110.64		-128.3		-70.52		-139.09		-155.34		174.25
22		U		-77.37		177.51		68.84		88.4		-136.76		-78.48		-159.93		170.17		-145.84
23		C		-66.35		177.65		56.56		98.53		-136.0		-69.44		-145.52		-173.38		-148.69
24		G		-85.99		171.91		65.26		85.58		-139.24		-81.51		-164.38		165.49		-139.62
25		A		-63.61		179.04		62.38		97.18		-138.31		-73.06		-148.75		-167.38		-156.38
26		C		-81.3		175.26		66.8		82.62		-142.22		-76.31		-162.75		167.7		-142.33
27		C		-70.39		176.26		58.21		86.46		-147.95		-70.36		-154.05		169.45		-146.87
28		A		-99.14		175.86		83.8		85.25		-138.76		-77.33		-165.23		164.76		-142.03
29		G		-71.06		173.13		62.26		89.88		-144.02		-81.4		-153.29		172.99		-155.17
30		C		-70.98		172.94		56.72		83.12		-141.84		-71.93		-165.92		167.39		-141.71
31		U		-63.3		170.19		52.54		92.33		-140.03		-73.18		-152.62		171.04		-138.37
32		G		-90.53		179.47		82.2		88.03		-136.5		-79.1		-162.22		165.68		-151.26
33		C		-67.43		166.2		52.27		92.61		-137.29		-70.97		-150.83		165.03		-135.22
34		G		-77.19		176.92		70.89		87.33		-138.32		-84.07		-164.71		172.52		-151.29
35		A		-73.01		175.92		59.16		100.94		-130.77		-80.24		-142.43		-177.44		-145.37
36		A		-103.09		171.17		77.51		87.29		-138.19		-73.83		-161.09		160.82		-151.53
37		A		-75.01		172.02		65.5		96.24		-135.2		-76.42		-148.8		169.37		-143.67
38		C		-77.12		176.79		64.56		86.24		-139.33		-79.77		-161.82		165.17		-145.59
39		A		-67.39		173.28		57.35		88.95		-139.82		-72.39		-154.22		176.04		-144.93
40		C		-81.19		174.01		76.16		79.88		-145.52		-75.76		-169.06		160.93		-148.85
41		G		-63.47		173.88		58.97		82.39		-148.83		-71.15		-161.95		170.36		-144.35
42		C		-75.44		172.83		62.83		81.71		-142.74		-75.83		-165.77		170.5		-136.58
43		A		-72.56		172.11		69.34		93.23		-139.58		-77.35		-152.97		174.03		-150.82
44		G		-98.07		-177.59		96.47		87.81		-139.9		-83.59		-164.95		173.15		-152.74
45		C		-64.49		166.5		58.89		91.55		-140.19		-74.32		-153.49		-179.71		-145.65
46		U		-77.34		174.13		70.06		90.72		-138.46		-84.09		-158.59		171.14		-150.87
47		G		-64.75		-176.44		67.46		102.87		-136.73		-88.67		-144.26		-166.05		-157.85
48		G		-104.72		176.94		66.22		93.38		-136.24		-76.76		-158.83		172.29		-138.12
49		C		-66.73		-179.53		69.25		93.71		-142.48		-73.3		-151.71		-176.99		-147.01
50		A		-80.4		-179.75		74.83		94.74		-135.27		-88.05		-154.61		175.72		-150.89
51		C		-62.13		174.54		58.83		94.54		-142.88		-69.32		-152.48		-175.47		-160.28
52		U		-72.32		170.8		64.72		90.82		-138.33		-79.91		-156.74		168.11		-140.06
53		G		-67.67		177.39		66.8		96.88		-140.45		-77.69		-151.16		-176.83		-147.93
54		G		-96.77		173.83		74.59		85.41		-139.94		-75.42		-165.17		161.38		-148.46
55		C		-64.25		174.84		59.2		91.33		-146.19		-74.39		-155.92		-178.93		-150.65
56		G		-74.85		179.29		69.92		82.42		-144.01		-79.82		-163.78		168.66		-144.68
57		C		-69.99		177.76		63.87		96.18		-138.8		-82.53		-150.39		-174.5		-150.04
58		U		-77.55		171.48		75.39		85.51		-139.56		-76.22		-164.04		164.69		-147.24
59		G		-65.95		178.3		59.3		100.17		-137.62		-85.8		-146.59		-173.12		-152.55
60		U		-75.37		168.3		60.29		86.05		-141.14		-74.78		-162.28		166.47		-140.73
61		A		-68.1		178.65		64.79		101.01		-136.33		-80.19		-146.82		-174.63		-148.81
62		G		-82.42		176.84		80.28		88.86		-138.74		-80.4		-162.61		170.21		-148.52
63		G		-63.53		175.71		55.19		97.51		-139.92		-74.32		-148.14		179.55		-148.04
64		U		-74.33		173.06		72.17		88.61		-138.13		-81.06		-159.81		174.57		-146.9
65		A		-66.99		175.79		62.82		91.08		-142.81		-76.71		-152.1		171.61		-148.93
66		C		-90.43		174.18		71.57		86.49		-141.58		-75.54		-162.67		167.89		-145.39
