No.	   Seq		 Alpha		 Beta		Gamma		Delta		 Epsilon	 Zeta		  Chi		  Eta		 Theta

0		C		-71.26		177.18		66.42		98.22		-134.72		-85.49		-153.57		-179.59		-150.05
1		C		-78.2		176.24		68.15		95.63		-138.22		-85.88		-158.43		178.7		-154.96
2		A		-81.12		177.76		69.91		96.18		-136.94		-90.43		-154.09		-176.56		-154.7
3		A		-71.69		175.52		66.65		96.0		-136.56		-89.23		-151.23		-175.67		-152.62
4		G		-69.68		174.41		65.95		94.03		-135.52		-80.66		-151.63		-176.98		-148.2
5		A		-79.05		176.1		64.17		98.16		-133.94		-86.84		-151.42		-176.88		-144.5
6		A		-97.3		175.47		86.03		100.9		-132.28		-90.88		-150.97		-169.9		-167.67
7		A		-81.89		173.92		71.88		96.25		-136.38		-97.29		-152.42		-177.9		-164.19
8		A		-63.29		168.62		58.16		93.96		-136.29		-76.05		-151.12		-173.9		-145.62
9		G		-87.49		171.03		72.51		93.25		-137.32		-77.6		-157.49		175.1		-140.23
10		G		-76.57		175.06		69.92		102.7		-134.94		-91.64		-147.01		-170.3		-169.97
11		A		-76.92		174.59		71.91		97.1		-137.41		-85.51		-157.2		-176.09		-158.5
12		C		-66.26		167.83		59.5		101.8		-135.8		-74.21		-148.55		-171.99		-152.06
13		U		-76.7		175.38		68.71		93.01		-140.35		-79.83		-155.19		171.15		-149.7
14		G		-73.81		174.21		64.62		90.84		-141.45		-80.87		-155.58		175.76		-158.44
15		G		-80.35		171.54		71.2		87.56		-140.52		-78.27		-163.72		174.43		-154.04
16		A		-66.88		171.69		55.15		94.33		-138.49		-79.73		-152.2		-175.97		-143.36
17		A		-90.83		-178.85		75.85		98.03		-135.87		-86.82		-151.33		-179.96		-147.26
18		G		-90.5		176.03		70.68		95.35		-137.32		-77.3		-153.32		173.02		-154.54
19		A		-80.85		173.07		69.0		95.22		-137.89		-75.08		-155.36		-178.71		-144.03
20		A		-75.15		171.31		62.2		94.29		-136.7		-76.8		-151.7		178.97		-148.02
21		A		-75.89		173.38		65.72		104.69		-133.01		-75.77		-147.32		-175.91		-142.71
22		U		-75.34		177.51		64.07		104.36		-132.11		-72.64		-142.82		-178.01		-145.46
23		C		-79.73		174.16		74.74		95.66		-141.7		-80.55		-154.51		177.72		-149.27
24		A		-67.84		174.81		54.02		102.27		-131.97		-74.53		-142.82		-174.68		-141.11
25		U		-66.82		175.73		62.78		99.31		-136.11		-88.39		-148.58		-178.19		-156.72
26		C		-64.26		170.52		55.98		96.78		-138.91		-76.97		-145.27		176.1		-149.18
27		C		-77.14		171.53		66.31		93.41		-142.42		-83.09		-153.74		175.05		-156.19
28		A		-68.53		168.78		62.16		90.58		-140.02		-73.84		-152.63		-178.51		-149.61
29		A		-71.0		170.0		68.67		93.88		-137.94		-83.02		-154.79		-176.98		-151.31
30		G		-61.89		164.34		60.83		95.66		-139.56		-71.83		-150.82		-174.28		-150.49
31		U		-65.3		171.4		63.68		101.62		-136.32		-82.94		-151.53		-169.24		-139.43
32		U		-63.49		171.06		60.18		100.5		-139.15		-74.4		-143.02		179.55		-164.25
33		G		-78.98		174.43		70.16		97.17		-138.86		-81.62		-155.46		-176.77		-146.67
34		G		-63.53		169.75		59.37		91.22		-148.15		-75.64		-156.87		-172.4		-149.77
35		G		-72.01		178.21		74.38		88.37		-143.39		-77.91		-161.52		-178.47		-146.89
36		G		-70.02		172.27		71.93		90.31		-145.28		-74.62		-155.4		-176.55		-153.91
37		A		-72.77		174.0		64.96		88.31		-144.08		-79.27		-158.63		174.39		-147.91
38		C		-63.0		170.9		58.55		91.78		-141.17		-73.21		-150.24		-175.96		-138.87
39		U		-77.02		178.13		65.36		94.41		-136.25		-88.25		-150.99		178.99		-146.49
40		A		-69.25		-179.11		66.05		104.74		-132.67		-72.7		-141.1		-166.55		-153.76
41		U		-62.36		172.03		58.59		97.52		-134.65		-80.54		-149.91		179.93		-139.07
42		U		-58.92		179.65		56.25		107.43		-128.48		-78.23		-135.03		-170.79		-137.17
43		U		-75.02		179.72		64.15		105.18		-131.45		-87.69		-146.4		-174.72		-139.02
44		U		-60.62		-177.43		67.12		103.9		-136.06		-80.93		-142.01		-168.04		-160.88
45		C		-70.35		173.98		67.7		89.82		-138.49		-76.52		-158.03		176.8		-142.79
46		U		-62.14		174.01		60.7		88.93		-146.14		-75.29		-156.63		176.91		-152.67
47		G		-73.59		175.97		67.33		91.62		-141.73		-79.44		-158.85		176.48		-146.15
48		C		-67.18		174.55		59.58		85.33		-150.87		-68.46		-159.04		171.6		-147.02
49		C		-72.6		175.09		67.63		81.43		-145.77		-75.25		-164.17		169.26		-143.48
50		G		-63.89		173.12		58.79		89.68		-144.18		-75.13		-153.5		177.36		-150.24
51		U		-70.55		172.3		61.65		91.94		-138.6		-82.9		-155.33		174.01		-153.72
52		A		-59.34		168.41		52.91		93.5		-143.5		-71.26		-149.09		171.85		-144.14
53		U		-69.0		172.43		66.42		92.29		-138.27		-83.3		-154.73		171.05		-147.23
54		A		-63.4		175.46		61.06		99.83		-137.66		-76.2		-146.62		-179.14		-157.27
55		G		-71.08		176.13		73.14		91.88		-138.82		-83.11		-157.28		-179.25		-151.2
56		G		-59.95		179.09		58.99		92.75		-144.31		-74.43		-149.83		179.5		-150.52
57		C		-74.59		178.82		75.0		91.92		-136.87		-84.82		-156.35		179.36		-150.26
58		A		-66.7		179.15		72.68		95.11		-139.5		-74.17		-150.46		178.94		-160.36
59		G		-83.3		-179.43		83.38		93.03		-138.73		-83.03		-157.27		178.33		-151.97
