No.	   Seq		 Alpha		 Beta		Gamma		Delta		 Epsilon	 Zeta		  Chi		  Eta		 Theta

0		G		-68.3		170.97		63.08		86.89		-146.07		-73.92		-160.51		171.89		-142.5
1		G		-66.7		172.57		57.62		88.05		-144.01		-79.77		-157.4		178.77		-146.85
2		G		-65.84		174.12		64.76		90.08		-143.61		-74.49		-159.55		179.37		-142.97
3		U		-76.12		177.02		67.72		93.41		-137.91		-84.4		-156.77		176.89		-149.24
4		G		-70.59		176.58		66.09		92.73		-140.29		-82.74		-154.64		179.73		-151.08
5		U		-66.26		173.51		56.45		92.01		-138.58		-81.9		-154.08		176.13		-151.18
6		A		-63.04		176.69		54.35		94.94		-136.92		-79.66		-148.03		-178.42		-137.98
7		G		-68.02		174.75		55.64		98.97		-131.14		-80.7		-148.56		-175.74		-142.55
8		A		-67.36		178.46		64.81		102.5		-129.12		-87.45		-145.68		-173.04		-143.97
9		A		-82.41		174.68		68.27		105.59		-124.82		-92.77		-142.28		-161.58		-164.94
10		A		-70.98		176.2		71.67		96.11		-135.22		-86.93		-149.3		178.22		-151.02
11		A		-69.33		170.07		60.5		96.71		-134.25		-76.77		-147.93		-172.27		-151.75
12		G		-60.98		174.73		64.83		95.29		-137.95		-79.71		-150.33		-173.81		-148.5
13		U		-73.81		170.02		60.23		102.03		-131.03		-79.96		-143.03		-166.36		-151.84
14		A		-76.5		179.62		75.62		108.68		-132.0		-99.85		-143.71		-160.6		-166.54
15		A		-69.14		174.88		67.63		98.79		-135.91		-80.06		-149.86		-169.04		-151.01
16		G		-67.48		175.8		69.66		97.4		-139.75		-78.78		-154.89		-176.12		-155.4
17		G		-65.62		170.61		61.12		97.41		-137.81		-79.25		-149.63		-170.73		-148.85
18		G		-70.14		176.81		70.33		102.4		-137.58		-84.07		-148.9		-169.97		-157.35
19		A		-84.13		171.59		68.17		107.07		-131.26		-98.92		-139.12		-171.42		-162.44
20		A		-76.05		176.44		71.51		104.34		-135.37		-82.47		-148.07		-172.91		-158.41
21		A		-67.23		173.71		63.6		99.97		-135.15		-74.72		-147.01		-173.4		-144.71
22		C		-63.03		176.24		56.08		92.16		-141.04		-68.69		-154.95		179.05		-145.19
23		U		-61.1		176.86		57.33		96.46		-138.37		-70.14		-145.69		-176.7		-140.58
24		C		-70.05		178.46		55.51		97.43		-140.61		-80.25		-146.76		178.86		-148.61
25		A		-69.12		178.48		61.39		93.2		-142.77		-69.19		-148.77		176.18		-146.78
26		A		-73.67		178.94		62.84		100.74		-136.36		-82.15		-147.59		178.56		-147.13
27		A		-63.7		175.85		64.04		92.52		-142.16		-71.67		-155.17		175.24		-149.2
28		C		-68.31		174.0		59.13		93.13		-142.11		-77.38		-152.99		176.22		-141.22
29		C		-69.22		176.86		59.31		88.93		-149.2		-74.19		-156.61		174.62		-151.31
30		C		-69.09		176.38		56.51		89.77		-145.75		-76.34		-154.81		177.08		-146.84
31		C		-62.72		172.59		56.5		88.67		-148.23		-71.22		-157.16		-177.5		-149.96
32		U		-64.39		172.9		53.6		97.1		-138.38		-78.48		-150.39		-178.89		-142.34
33		U		-60.02		171.48		55.47		98.79		-142.22		-76.04		-147.67		-177.11		-149.56
34		U		-69.28		172.43		56.8		102.7		-136.46		-83.8		-145.65		175.55		-144.81
35		C		-65.07		172.94		58.73		96.68		-144.92		-72.46		-150.92		177.43		-151.74
36		U		-68.42		173.7		62.64		96.06		-138.75		-82.86		-151.7		178.92		-151.68
37		A		-62.01		172.37		57.31		99.29		-142.08		-71.97		-147.77		-168.54		-155.49
38		C		-69.41		170.01		59.09		89.57		-143.35		-77.77		-155.55		171.22		-147.73
39		A		-62.37		176.39		60.94		95.06		-144.22		-73.55		-150.17		179.18		-147.03
40		C		-74.14		177.1		67.74		91.34		-142.13		-82.05		-155.02		172.09		-147.56
41		C		-62.65		175.06		63.32		92.85		-145.14		-70.73		-153.21		-179.79		-153.59
42		C		-70.13		173.13		63.65		88.69		-142.08		-79.0		-158.7		178.45		-142.01
