No.	   Seq		 Alpha		 Beta		Gamma		Delta		 Epsilon	 Zeta		  Chi		  Eta		 Theta

0		G		-81.79		173.43		69.14		88.41		-141.66		-79.45		-165.09		170.07		-145.03
1		G		-68.4		172.01		57.92		90.0		-144.47		-75.75		-159.48		179.55		-146.98
2		C		-73.11		177.05		62.45		86.29		-143.76		-78.56		-159.56		172.33		-143.5
3		C		-70.14		172.36		62.84		87.24		-146.18		-75.71		-156.44		174.85		-144.9
4		G		-84.9		176.11		76.27		87.34		-141.18		-83.56		-162.64		171.32		-151.4
5		A		-67.28		174.76		57.48		89.63		-141.2		-73.33		-158.15		176.09		-144.76
6		C		-76.15		172.4		63.21		87.68		-139.04		-79.12		-158.0		166.12		-145.53
7		A		-71.17		176.73		57.99		96.14		-137.31		-90.03		-146.55		175.86		-151.2
8		A		-91.19		178.36		74.12		101.64		-130.0		-83.58		-148.38		-176.12		-137.95
9		G		-91.88		175.68		78.08		99.15		-133.33		-84.47		-150.01		176.43		-152.03
10		A		-88.66		-179.14		72.37		98.6		-134.03		-89.73		-153.19		-176.6		-152.69
11		A		-63.21		178.7		66.76		91.87		-138.21		-74.0		-156.05		-175.66		-143.57
12		C		-86.92		174.03		79.08		87.13		-142.16		-75.96		-160.35		172.13		-148.57
13		A		-76.75		177.47		70.78		91.06		-143.63		-77.33		-155.04		179.1		-145.93
14		G		-80.51		175.73		80.17		89.16		-140.1		-81.02		-160.11		178.57		-148.54
15		U		-62.23		170.15		60.2		96.29		-137.32		-75.62		-152.02		-176.95		-151.14
16		U		-69.98		171.41		64.55		100.73		-134.67		-85.08		-149.37		177.52		-145.58
17		U		-72.59		177.42		65.64		99.64		-139.69		-82.71		-148.89		179.06		-146.15
18		C		-84.0		176.07		66.1		96.12		-136.89		-82.05		-151.81		174.29		-149.97
19		G		-69.87		-179.03		68.58		95.39		-140.76		-88.71		-152.4		-171.15		-164.45
20		A		-74.44		-178.04		77.26		97.42		-138.48		-91.71		-153.35		-171.1		-157.59
21		A		-59.15		172.18		60.69		100.54		-139.38		-71.71		-149.35		-172.76		-151.52
22		U		-70.2		176.77		76.47		97.08		-135.22		-82.65		-153.78		178.09		-140.47
23		C		-67.09		177.11		57.35		90.12		-146.49		-73.06		-156.76		171.99		-148.04
24		G		-73.76		176.17		60.69		85.35		-143.89		-75.59		-162.28		174.13		-143.38
25		G		-65.47		174.36		59.31		87.36		-145.44		-76.39		-157.63		178.71		-146.65
26		C		-70.96		172.87		59.48		82.65		-145.83		-74.61		-162.47		167.84		-143.49
27		C		-69.6		177.43		60.53		94.58		-141.21		-79.7		-150.55		179.51		-146.54
