No.	   Seq		 Alpha		 Beta		Gamma		Delta		 Epsilon	 Zeta		  Chi		  Eta		 Theta

0		U		-73.08		178.29		70.31		85.79		-145.36		-78.14		-162.24		171.01		-159.09
1		C		-59.87		171.37		58.87		95.13		-140.86		-81.4		-158.16		-176.48		-143.62
2		A		-79.41		-179.65		65.15		82.96		-140.59		-76.73		-167.17		164.29		-139.68
3		U		-63.78		172.35		55.62		87.24		-143.88		-73.53		-152.11		173.9		-136.61
4		G		-68.89		167.69		59.92		88.43		-138.72		-80.68		-156.9		170.6		-137.44
5		C		-66.67		179.56		79.06		97.04		-132.33		-73.32		-157.25		-171.67		-148.16
6		U		-66.97		175.39		59.07		95.95		-131.82		-79.49		-150.86		175.0		-123.32
7		U		-62.07		175.84		53.55		101.54		-132.73		-122.25		-139.1		-176.89		-155.09
8		C		-130.69		171.78		77.18		94.0		-137.74		-72.77		-161.84		164.5		-151.08
9		G		-66.75		174.02		67.12		82.17		-144.66		-71.77		-167.65		170.41		-134.42
10		C		-74.67		-178.18		74.0		91.41		-141.08		-89.1		-153.2		-179.86		-158.46
11		G		-68.35		173.8		75.4		89.47		-138.34		-90.32		-159.37		-173.2		-160.1
12		U		-62.82		172.21		68.96		90.12		-139.92		-77.97		-162.08		-179.88		-138.23
13		G		-73.34		168.5		62.34		89.9		-142.05		-73.51		-161.54		164.48		-137.25
14		G		-102.29		178.28		83.55		90.07		-137.92		-84.21		-158.99		173.93		-154.6
15		A		-74.46		176.19		57.96		103.38		-124.54		-84.68		-143.1		-164.09		-144.54
16		G		-132.11		170.05		93.74		93.37		-132.06		-78.75		-158.23		-166.32		-137.27
17		A		-82.99		177.35		75.36		115.42		-125.14		-122.27		-132.74		-156.29		-164.94
18		A		-70.07		179.18		69.17		107.02		-124.3		-82.41		-144.05		-166.23		-137.28
19		U		-63.08		175.01		73.14		99.92		-126.3		-72.32		-145.4		-176.22		-134.04
20		G		-71.28		171.64		63.26		108.35		-128.56		-98.97		-137.16		-176.55		-149.7
21		A		-76.62		177.74		70.67		92.65		-141.83		-69.13		-156.41		179.19		-142.52
22		C		-70.64		179.41		70.88		85.62		-141.36		-79.76		-160.71		171.32		-154.67
23		G		-54.6		177.4		62.79		88.42		-140.91		-67.52		-160.68		-172.12		-151.18
24		U		-66.17		173.36		62.21		83.05		-145.82		-82.28		-159.56		169.47		-149.02
25		A		-62.54		163.67		58.21		93.61		-139.03		-69.67		-148.89		179.07		-142.17
26		G		-87.78		177.9		75.31		81.64		-140.88		-73.35		-170.79		159.93		-141.67
27		C		-67.27		175.02		69.3		85.02		-148.07		-78.45		-162.77		176.21		-159.93
28		A		-69.37		172.26		56.34		82.72		-144.18		-73.33		-166.26		169.51		-139.58
29		U		-62.76		179.33		62.9		96.43		-139.4		-74.5		-151.42		-176.27		-147.31
30		G		-70.23		166.54		57.08		82.94		-144.18		-75.39		-165.57		162.28		-137.61
31		C		-63.58		173.45		50.84		83.91		-151.62		-68.07		-155.79		170.58		-150.72
32		U		-73.1		176.51		61.64		89.81		-136.39		-84.44		-155.29		169.99		-151.25
33		A		-64.92		-177.4		71.26		91.86		-141.76		-72.62		-159.05		-173.8		-157.1
34		C		-68.74		170.36		58.26		89.91		-140.2		-69.08		-158.18		170.9		-139.15
35		G		-73.69		-178.9		62.29		100.11		-133.88		-84.95		-150.62		-175.05		-151.24
