No.	   Seq		 Alpha		 Beta		Gamma		Delta		 Epsilon	 Zeta		  Chi		  Eta		 Theta

0		A		-71.03		176.44		58.19		92.93		-137.2		-75.26		-152.47		-179.99		-143.04
1		C		-72.87		172.62		57.96		92.96		-141.22		-72.73		-153.32		176.85		-142.89
2		G		-72.23		174.18		56.78		91.68		-141.18		-78.07		-151.93		176.97		-148.53
3		A		-68.53		173.91		55.97		92.81		-141.39		-75.66		-151.16		179.86		-144.79
4		G		-72.8		171.95		61.17		93.0		-139.99		-76.79		-150.7		176.15		-145.1
5		A		-76.87		174.21		64.13		97.71		-140.94		-79.53		-147.2		-179.55		-146.52
6		A		-70.26		176.33		63.84		94.03		-140.27		-79.95		-150.59		179.89		-150.29
7		C		-70.08		174.53		61.32		94.92		-138.97		-74.38		-148.84		-178.26		-145.79
8		U		-71.09		171.32		58.64		97.05		-138.99		-80.27		-146.65		179.39		-152.38
9		A		-68.05		178.71		60.79		97.44		-137.65		-77.66		-145.8		-177.5		-147.12
10		G		-69.91		173.33		60.58		96.04		-137.99		-73.75		-149.17		-176.99		-150.93
11		U		-67.08		177.88		62.33		97.18		-137.32		-80.98		-142.84		177.19		-153.61
12		A		-76.56		-177.18		82.18		97.83		-139.61		-82.45		-147.58		-177.23		-157.64
13		A		-66.73		175.86		67.33		96.23		-138.84		-71.21		-148.9		-173.78		-148.21
14		U		-70.51		175.66		65.97		98.14		-137.65		-74.7		-144.84		-179.35		-159.05
15		A		-66.32		177.56		64.2		95.94		-139.58		-81.99		-145.41		-176.7		-151.11
16		A		-73.0		177.68		70.38		103.28		-137.03		-77.93		-144.78		-169.49		-159.56
17		U		-59.8		174.64		61.82		102.48		-136.59		-76.11		-143.52		-171.44		-154.38
18		U		-66.61		-178.67		69.17		97.84		-140.8		-81.38		-149.03		-176.11		-155.53
19		G		-66.27		176.86		62.12		100.41		-140.72		-75.73		-148.72		-173.51		-149.73
20		U		-66.6		176.79		63.93		98.07		-141.51		-77.05		-147.59		-172.77		-151.32
21		C		-70.27		177.09		62.81		96.31		-144.75		-80.02		-147.92		-178.89		-160.61
22		A		-72.5		178.46		69.39		100.87		-141.19		-83.11		-146.5		-170.34		-156.39
23		U		-65.51		175.2		58.84		103.01		-140.4		-78.53		-146.45		-171.45		-159.34
24		U		-63.25		177.01		58.47		100.32		-139.51		-75.46		-145.24		-178.26		-150.96
25		U		-68.36		177.81		57.0		97.0		-142.15		-73.13		-148.73		176.41		-140.01
26		G		-69.47		176.25		58.85		100.67		-141.77		-73.95		-147.79		-179.71		-148.08
27		C		-68.14		179.52		61.25		94.28		-141.72		-76.11		-150.59		-177.12		-149.88
28		A		-68.84		177.92		59.29		98.79		-139.87		-75.01		-146.77		-178.88		-142.75
29		U		-68.95		176.22		59.45		100.02		-137.4		-81.56		-146.0		-177.02		-141.65
30		A		-66.94		175.73		59.76		97.51		-140.68		-72.46		-147.02		176.7		-146.67
