No.	   Seq		 Alpha		 Beta		Gamma		Delta		 Epsilon	 Zeta		  Chi		  Eta		 Theta

0		U		-74.62		173.08		57.21		92.51		-139.8		-74.01		-150.78		-179.37		-147.52
1		U		-74.75		176.41		54.43		95.82		-137.92		-82.62		-148.93		-177.64		-156.73
2		A		-74.07		173.23		56.86		94.12		-140.12		-71.06		-150.77		-176.01		-148.07
3		A		-75.76		176.31		55.52		96.87		-134.65		-78.09		-147.47		178.48		-139.61
4		A		-68.48		177.58		59.32		98.02		-134.68		-73.14		-144.63		-173.59		-143.77
5		G		-74.67		175.41		63.49		96.87		-134.1		-78.69		-149.95		-176.03		-147.46
6		A		-68.8		174.11		57.16		99.53		-135.06		-69.6		-144.14		-167.97		-142.98
7		G		-72.36		174.34		58.87		95.73		-134.84		-67.96		-147.37		-177.69		-138.95
8		U		-65.78		177.27		54.8		100.92		-133.93		-81.72		-139.19		-174.75		-153.38
9		C		-74.43		173.17		60.76		95.05		-134.49		-76.98		-147.36		-177.91		-160.9
10		A		-66.52		174.16		60.85		96.36		-138.14		-76.49		-149.71		-168.09		-149.59
11		A		-68.52		176.56		56.31		97.94		-138.24		-77.87		-143.88		-178.09		-149.55
12		C		-61.43		179.53		59.6		92.68		-145.11		-71.74		-148.05		179.77		-144.47
13		C		-68.83		175.04		58.14		92.28		-145.98		-72.93		-150.45		178.3		-140.73
14		C		-64.31		177.07		60.29		91.52		-150.81		-73.54		-152.81		-179.59		-155.6
15		U		-66.53		174.38		56.89		98.78		-138.95		-78.41		-143.92		-171.27		-155.97
16		U		-65.02		176.26		51.97		102.15		-139.21		-74.47		-141.65		-174.42		-156.62
17		U		-70.54		172.35		54.7		102.64		-137.14		-72.64		-141.86		-174.19		-140.05
18		G		-68.91		178.91		59.07		96.87		-143.26		-71.86		-149.24		-173.44		-150.59
19		C		-68.24		-176.42		64.81		98.57		-140.35		-72.85		-141.75		-173.41		-156.75
20		U		-61.12		-179.3		58.33		99.59		-139.19		-69.3		-142.25		-169.01		-152.17
21		U		-71.49		-176.54		68.25		106.93		-134.46		-84.66		-133.6		-170.42		-166.54
22		A		-69.37		179.29		57.22		103.17		-138.28		-60.42		-141.2		-176.3		-151.2
23		U		-63.83		178.31		62.73		98.48		-140.25		-74.3		-144.24		177.99		-159.61
24		C		-62.8		-178.52		57.01		100.92		-139.67		-76.56		-139.48		-179.47		-158.14
25		U		-61.66		-179.01		65.4		99.76		-141.38		-77.17		-145.84		-170.49		-164.02
26		U		-62.31		178.86		57.72		102.31		-141.85		-76.39		-141.27		-174.35		-160.62
27		C		-59.41		174.94		57.56		90.64		-149.08		-70.21		-152.32		177.07		-151.82
28		C		-61.78		174.36		59.35		89.88		-146.66		-71.53		-152.1		177.59		-147.23
29		C		-63.33		175.7		59.97		91.76		-149.13		-75.45		-151.26		-178.51		-154.02
30		U		-64.9		177.49		61.9		94.41		-147.52		-76.92		-147.81		-178.42		-156.48
31		A		-66.57		173.2		58.2		95.31		-145.98		-71.4		-151.49		179.82		-147.8
32		U		-61.73		171.95		59.5		95.36		-142.56		-68.68		-149.5		175.16		-146.56
33		U		-61.51		175.4		53.39		100.31		-140.95		-73.36		-143.2		-175.31		-150.86
34		U		-64.77		175.44		55.66		99.58		-139.72		-75.68		-141.33		-177.17		-148.34
35		A		-66.21		176.35		59.39		97.65		-144.0		-72.8		-145.14		-177.06		-152.86
36		A		-63.88		177.76		63.52		96.47		-138.54		-76.08		-145.19		-179.81		-153.34
37		A		-61.13		178.81		57.99		97.36		-142.76		-67.18		-145.86		178.58		-149.8
38		U		-62.5		179.25		63.28		95.18		-142.04		-73.43		-147.7		175.81		-148.18
