No.	   Seq		 Alpha		 Beta		Gamma		Delta		 Epsilon	 Zeta		  Chi		  Eta		 Theta

0		G		-69.18		168.88		61.37		91.55		-151.64		-78.95		-152.3		174.49		-159.15
1		A		-83.28		174.59		71.11		86.43		-141.22		-74.01		-165.26		174.67		-147.32
2		G		-67.6		169.58		66.04		84.33		-148.42		-68.65		-166.79		170.83		-135.92
3		U		-81.32		179.13		65.2		89.14		-141.59		-81.09		-155.84		170.46		-144.15
4		C		-63.32		175.8		50.93		80.5		-148.42		-70.39		-159.77		167.98		-141.12
5		U		-73.79		175.5		59.87		91.99		-136.56		-72.38		-154.21		179.1		-138.98
6		G		-70.56		176.64		55.49		98.1		-136.62		-86.89		-136.96		178.31		-160.92
7		A		-80.76		-179.41		66.17		107.27		-125.58		-85.13		-139.41		-171.21		-137.63
8		A		-82.55		-178.11		71.3		104.16		-120.86		-70.39		-138.23		163.26		-119.22
9		C		-77.82		175.25		76.75		93.35		-137.25		-83.21		-152.37		166.25		-146.14
10		A		-65.6		-174.83		67.16		90.31		-141.61		-73.87		-156.42		179.45		-139.53
11		C		-67.58		172.53		54.74		83.85		-147.67		-73.35		-155.89		173.72		-146.73
12		U		-54.21		174.11		49.83		86.02		-146.69		-62.99		-149.41		-177.6		-134.8
13		C		-82.35		177.12		66.19		86.19		-148.12		-84.18		-159.58		174.99		-155.52
14		A		-62.4		176.18		65.62		93.87		-143.99		-73.28		-157.1		-172.62		-157.7
15		U		-60.83		175.07		62.42		89.28		-140.95		-79.64		-155.65		177.61		-144.93
16		G		-66.08		172.26		64.71		89.61		-145.87		-76.42		-155.88		167.83		-147.97
17		G		-77.7		175.06		73.23		99.64		-139.27		-82.84		-153.49		-175.53		-144.16
18		U		-66.07		174.27		61.19		105.77		-140.38		-81.64		-140.87		-174.35		-172.11
19		C		-77.85		178.84		60.61		99.5		-137.22		-91.41		-146.47		-174.09		-154.99
20		U		-61.16		173.07		51.93		102.01		-145.9		-66.7		-144.99		-172.23		-168.37
21		U		-70.61		177.88		58.26		103.59		-132.46		-93.17		-143.6		-169.83		-152.98
22		C		-56.46		176.71		54.75		84.74		-151.8		-59.86		-159.23		168.66		-155.09
23		G		-73.34		175.09		66.24		92.84		-137.3		-81.18		-154.73		175.71		-140.58
24		C		-59.49		174.1		59.74		87.42		-147.39		-68.33		-155.31		177.97		-148.83
