No.	   Seq		 Alpha		 Beta		Gamma		Delta		 Epsilon	 Zeta		  Chi		  Eta		 Theta

0		U		-71.06		170.7		52.35		95.82		-134.86		-81.69		-145.29		-173.27		-148.0
1		G		-88.04		179.86		75.56		93.92		-139.63		-88.08		-158.44		175.62		-153.08
2		A		-74.55		174.65		55.87		96.2		-138.52		-71.1		-150.32		-173.76		-139.19
3		G		-85.0		179.84		78.83		86.91		-142.98		-81.14		-163.28		173.67		-147.94
4		G		-69.75		175.67		51.29		99.03		-135.11		-78.04		-142.96		-169.5		-134.51
5		U		-89.5		176.26		70.37		89.79		-140.38		-82.89		-160.23		169.49		-149.55
6		A		-81.11		178.53		59.03		109.59		-130.0		-84.7		-141.45		-148.59		-153.22
7		G		-83.75		178.27		70.95		94.36		-136.15		-81.59		-157.72		177.82		-146.35
8		U		-70.05		-179.7		49.78		112.99		-125.92		-97.41		-129.44		-160.93		-153.55
9		A		-89.66		-179.22		75.84		98.25		-132.0		-84.0		-151.28		178.38		-138.39
10		G		-78.66		-177.9		68.85		102.53		-135.1		-79.14		-147.58		-153.45		-151.76
11		G		-78.87		179.52		70.47		89.81		-139.87		-80.7		-162.53		177.31		-145.5
12		U		-68.19		178.29		47.28		98.22		-135.84		-79.43		-141.08		-164.36		-136.45
13		U		-88.05		-178.24		73.02		92.26		-137.91		-86.68		-152.91		174.07		-145.14
14		G		-75.38		177.33		52.49		100.83		-135.77		-73.34		-143.96		-150.62		-146.12
15		U		-86.57		175.41		64.14		93.16		-137.59		-87.19		-154.08		169.4		-149.79
16		A		-81.22		-168.85		56.65		120.75		-120.29		-112.6		-127.71		-136.21		-152.83
17		U		-86.93		178.19		71.86		95.86		-133.42		-85.78		-153.6		172.09		-136.33
18		C		-77.16		-174.83		58.51		104.81		-135.49		-70.66		-143.99		-156.89		-140.46
19		G		-95.11		179.32		75.76		93.38		-137.39		-84.1		-155.99		173.9		-138.44
20		C		-77.75		-169.62		52.2		108.88		-135.46		-79.41		-137.09		-162.35		-153.34
21		U		-69.38		177.47		67.86		92.13		-137.04		-84.94		-153.48		178.9		-148.0
22		U		-76.11		-177.88		48.3		109.44		-136.61		-72.99		-136.48		-163.92		-140.34
23		U		-84.63		174.58		64.06		94.04		-135.88		-81.15		-154.5		163.33		-144.39
24		A		-76.28		-171.75		52.13		99.68		-138.35		-66.96		-142.86		-165.63		-147.94
25		G		-73.91		177.15		63.17		89.86		-138.59		-84.44		-157.68		171.77		-149.32
26		A		-69.33		-176.1		49.49		104.66		-139.15		-68.4		-137.73		-161.16		-138.14
27		G		-82.59		176.68		77.32		89.54		-139.16		-82.08		-158.48		169.54		-145.52
28		A		-70.05		-171.32		51.12		107.87		-140.47		-75.53		-135.33		-168.47		-156.36
29		U		-78.52		173.41		63.11		92.61		-139.81		-85.8		-156.24		170.44		-151.87
30		A		-74.05		-177.95		51.88		108.78		-141.05		-72.94		-137.31		-166.82		-147.65
31		G		-79.51		175.83		68.95		86.41		-142.73		-75.44		-162.39		172.43		-141.94
32		C		-70.93		-175.0		50.97		98.6		-149.19		-68.26		-142.56		-175.48		-148.07
33		C		-77.64		175.65		62.33		88.22		-140.89		-84.94		-159.34		176.33		-151.73
34		A		-66.63		-167.73		57.73		104.06		-146.33		-71.85		-137.54		-167.11		-149.59
35		U		-82.26		176.16		68.95		94.7		-138.15		-81.37		-152.2		174.14		-146.92
36		A		-70.27		-169.29		55.69		108.11		-143.64		-72.95		-133.62		-172.48		-150.92
37		C		-96.77		177.46		75.52		93.66		-137.56		-77.23		-155.26		170.77		-143.16
38		A		-68.41		-170.89		61.75		102.62		-148.62		-79.63		-143.88		-168.55		-159.47
39		A		-78.49		179.2		69.28		96.83		-139.01		-81.35		-153.16		-178.76		-144.99
40		U		-63.52		-174.82		55.0		101.51		-146.15		-70.51		-143.4		-173.49		-150.11
41		C		-73.84		175.07		58.87		92.22		-140.51		-76.18		-152.51		175.94		-142.56
42		U		-65.36		-172.7		54.17		100.72		-150.51		-76.85		-142.55		-175.67		-155.63
43		A		-88.83		179.8		77.03		96.57		-140.16		-85.67		-153.44		178.52		-149.41
44		C		-63.22		179.99		54.38		96.19		-152.92		-68.09		-150.49		-175.52		-148.97
45		U		-75.84		176.91		70.35		92.17		-141.5		-79.91		-155.81		176.19		-144.69
46		G		-70.22		-175.48		51.66		105.01		-148.31		-79.2		-142.03		-170.24		-153.76
47		U		-79.62		175.01		63.37		92.46		-142.06		-80.99		-154.45		172.62		-145.38
48		C		-64.07		176.91		52.41		101.22		-146.08		-77.02		-142.81		-171.11		-147.69
49		U		-77.7		-179.52		67.91		97.1		-139.47		-84.51		-151.28		179.22		-151.21
50		U		-67.78		-176.49		53.25		109.13		-139.35		-72.83		-139.06		-170.57		-152.86
51		U		-77.88		178.31		65.79		95.59		-138.93		-81.27		-152.42		177.34		-140.09
52		C		-66.88		177.13		55.31		99.58		-143.11		-71.95		-144.44		178.29		-138.15
53		U		-74.28		177.56		65.91		97.9		-138.0		-88.5		-149.94		-176.21		-148.57
