No.	   Seq		 Alpha		 Beta		Gamma		Delta		 Epsilon	 Zeta		  Chi		  Eta		 Theta

0		U		-62.97		170.14		59.66		90.77		-148.13		-66.61		-152.52		174.96		-152.35
1		G		-72.69		175.85		69.28		96.71		-138.48		-80.34		-150.42		-178.96		-146.58
2		G		-79.12		175.52		88.76		91.55		-147.21		-77.8		-159.3		175.17		-175.65
3		A		-64.97		173.64		71.49		93.99		-142.3		-74.07		-157.7		-176.05		-157.32
4		G		-63.1		175.15		82.78		87.65		-148.52		-77.5		-163.22		-174.13		-167.77
5		G		-66.62		175.54		64.23		92.16		-143.43		-76.49		-157.18		-175.23		-143.77
6		U		-64.35		167.84		56.92		95.13		-142.49		-72.43		-147.39		-175.76		-142.77
7		G		-78.28		175.46		76.8		93.25		-141.55		-85.77		-153.69		179.49		-156.11
8		A		-69.13		175.48		64.53		107.22		-130.44		-70.35		-144.17		-152.33		-151.87
9		U		-58.39		168.71		55.04		96.94		-136.1		-75.4		-148.2		177.82		-141.83
10		U		-55.28		179.26		54.18		99.24		-133.12		-72.85		-140.1		-178.65		-131.13
11		U		-79.87		176.19		57.95		98.1		-135.55		-76.54		-148.55		153.24		-141.21
12		A		-70.08		176.82		63.35		97.79		-140.9		-73.33		-148.7		-173.06		-151.29
13		A		-65.55		-178.79		66.98		99.35		-134.6		-91.94		-145.54		-170.13		-158.22
14		A		-50.06		174.77		63.1		105.29		-130.43		-79.96		-138.65		-162.61		-148.31
15		U		-66.71		179.98		74.4		99.65		-136.22		-81.35		-151.3		-172.42		-143.09
16		G		-63.81		174.61		59.0		97.54		-145.35		-73.35		-146.88		173.63		-148.24
