No.	   Seq		 Alpha		 Beta		Gamma		Delta		 Epsilon	 Zeta		  Chi		  Eta		 Theta

0		G		-67.3		167.5		72.67		88.94		-142.15		-73.6		-169.26		176.16		-141.71
1		G		-81.0		178.37		71.16		86.26		-143.99		-78.68		-162.93		168.9		-153.4
2		U		-72.36		172.46		68.9		84.52		-141.6		-79.1		-160.05		173.49		-148.1
3		G		-104.14		167.49		98.4		82.41		-141.0		-77.7		-174.72		162.86		-159.72
4		A		-76.27		169.84		75.48		82.28		-143.46		-75.18		-168.72		172.64		-143.6
5		U		-70.27		175.16		66.58		88.04		-136.42		-70.28		-157.96		173.17		-142.46
6		U		-69.25		172.0		60.78		90.88		-136.84		-87.0		-152.5		164.11		-152.45
7		G		-101.28		173.01		86.91		102.79		-132.69		-80.01		-160.31		-170.83		-152.33
8		G		-95.68		171.83		75.07		88.46		-140.65		-70.67		-171.34		173.41		-138.53
9		C		-80.55		175.84		74.76		86.45		-142.19		-69.38		-163.43		175.82		-147.72
10		G		-76.73		176.35		72.7		86.9		-140.76		-86.55		-161.94		178.54		-163.28
11		C		-75.66		159.5		63.61		80.87		-147.43		-73.25		-167.55		170.06		-153.25
12		A		-83.35		163.32		83.9		89.43		-140.47		-65.91		-165.23		178.39		-153.37
13		G		-75.61		172.57		80.13		88.14		-139.41		-77.72		-158.0		172.03		-144.88
14		C		-82.33		173.71		80.23		87.23		-136.23		-79.32		-161.61		169.3		-160.9
15		C		-65.13		167.75		68.95		92.25		-135.68		-83.45		-160.22		-175.64		-145.55
16		U		-67.34		172.06		67.25		94.63		-137.95		-75.87		-156.89		-178.71		-150.68
17		G		-87.69		174.48		77.3		99.39		-134.19		-102.0		-150.68		-169.12		-163.83
18		G		-85.61		169.01		74.32		98.44		-129.08		-70.75		-150.82		-175.15		-150.63
19		U		-77.04		168.34		80.16		94.81		-132.26		-84.58		-147.62		171.43		-174.26
20		A		-75.64		173.1		84.24		90.37		-138.52		-77.43		-161.65		-178.01		-176.84
21		G		-83.66		165.41		94.34		81.74		-141.33		-72.43		-177.7		163.57		-166.58
22		C		-63.37		171.99		61.03		72.74		-150.98		-65.86		-174.09		162.15		-141.5
23		G		-67.45		170.4		61.51		75.19		-146.99		-71.17		-168.24		165.49		-145.15
24		C		-65.68		165.58		57.79		77.46		-147.33		-72.6		-163.47		162.32		-151.88
25		A		-61.96		164.76		64.12		82.43		-142.53		-63.2		-170.08		163.84		-150.82
26		C		-58.98		164.77		56.27		78.25		-144.81		-73.9		-165.26		163.11		-139.45
27		U		-61.7		167.52		48.91		89.17		-136.5		-68.54		-155.62		168.38		-154.31
28		U		-59.39		177.16		76.73		90.05		-130.43		-79.36		-157.82		171.48		-151.4
29		C		-67.53		161.99		61.73		81.25		-141.65		-72.35		-166.62		145.71		-146.52
30		G		-65.71		171.82		65.61		82.81		-140.3		-79.53		-170.06		171.88		-151.88
31		U		-51.69		176.22		54.27		91.66		-133.57		-70.96		-157.29		-171.48		-148.54
32		U		-51.64		-176.58		64.78		90.23		-135.39		-70.35		-154.24		172.02		-150.53
33		C		-81.56		163.61		67.42		90.47		-141.05		-68.14		-155.45		134.45		-142.19
34		G		-64.2		169.68		70.55		81.32		-143.08		-73.1		-172.72		170.18		-156.14
35		G		-68.88		-176.35		103.24		92.65		-135.87		-76.27		-164.4		-172.65		-170.34
36		G		-69.25		166.88		65.85		80.36		-140.71		-73.02		-168.08		160.56		-152.61
37		A		-60.53		163.54		57.41		90.52		-133.59		-69.6		-156.0		-179.37		-129.79
38		C		-61.77		165.08		59.33		81.23		-135.67		-70.87		-166.01		156.29		-145.41
39		G		-61.33		170.44		53.11		96.06		-131.85		-96.93		-139.89		-167.03		-178.6
40		A		-50.45		174.58		67.27		92.38		-137.39		-84.8		-155.99		-167.9		-174.49
41		A		-37.46		159.36		68.7		96.17		-124.27		-67.53		-147.27		-168.02		-145.26
42		G		-53.58		172.23		78.08		89.01		-135.19		-74.86		-163.91		169.67		-161.69
43		G		-51.64		163.83		59.61		89.7		-141.85		-58.04		-157.8		-169.62		-149.35
44		G		-57.33		164.28		66.51		86.07		-141.02		-74.49		-163.8		176.03		-147.6
45		G		-51.77		172.36		54.56		97.89		-127.38		-62.47		-137.67		-162.67		-150.78
46		U		-54.82		159.96		60.89		96.27		-128.56		-58.65		-152.95		-172.31		-131.81
47		C		-55.01		168.96		58.76		104.19		-137.51		54.82		-141.63		-147.81		123.66
48		G		-59.41		167.3		63.71		83.14		-141.93		-67.06		-172.22		-166.88		-149.78
49		G		-56.47		160.71		52.23		79.12		-150.57		-67.74		-164.97		174.1		-149.9
50		A		-61.0		166.55		67.9		88.48		-139.37		-66.72		-154.09		176.84		-146.77
51		G		-56.9		164.12		71.96		85.04		-143.96		-72.28		-159.07		171.46		-153.33
52		G		-59.23		163.56		60.08		83.49		-142.09		-70.16		-168.66		171.23		-152.34
53		U		-49.34		167.36		47.19		92.35		-132.89		-51.44		-147.96		-178.87		-111.26
54		U		-61.1		172.21		52.49		86.92		-139.25		-70.19		-153.2		164.93		-132.09
55		C		-64.73		168.06		50.21		88.59		-141.64		-48.91		-158.59		26.81		-149.27
56		G		-59.18		170.33		58.32		80.33		-146.17		-68.12		-167.58		173.88		-152.72
57		A		-59.15		-169.71		58.45		108.9		-121.49		-111.41		-123.09		-159.88		-163.19
58		A		-25.95		168.52		68.9		88.94		-132.48		-62.78		-161.53		137.98		-130.36
59		U		-53.04		171.29		63.82		102.24		-127.37		-54.76		-145.72		-174.94		-113.89
60		C		-70.35		170.77		57.88		83.7		-147.41		-72.14		-163.21		155.31		-149.49
61		C		-61.59		172.46		49.61		78.79		-156.13		-59.03		-159.85		167.68		-155.78
62		U		-56.87		174.49		53.45		83.41		-144.04		-76.42		-160.44		179.42		-152.83
63		C		-49.56		161.84		45.78		82.47		-154.61		-55.97		-155.08		175.93		-147.54
64		U		-66.83		170.16		63.4		92.21		-139.53		-82.08		-156.68		178.13		-163.85
65		A		-50.06		176.33		61.52		95.07		-136.78		-67.31		-147.13		-178.26		-162.66
66		U		-52.16		170.23		67.69		85.84		-136.65		-69.14		-159.5		167.76		-157.31
67		C		-51.6		161.79		54.91		90.91		-147.68		-72.65		-147.93		168.51		-158.74
68		A		-66.38		175.62		66.73		96.08		-140.42		-76.65		-155.91		-172.81		-159.52
69		C		-52.91		169.54		56.54		86.32		-152.82		-56.02		-155.98		178.48		-170.67
70		C		-63.84		169.6		60.56		83.01		-146.51		-72.8		-159.57		173.76		-153.42
71		G		-55.7		171.42		55.54		89.5		-151.21		-73.03		-155.94		178.06		-157.02
72		A		-57.09		173.34		71.67		96.2		-134.47		-81.98		-152.42		-170.41		-161.95
73		C		-51.62		167.5		57.45		90.14		-142.64		-52.59		-153.83		178.64		-160.98
74		C		-65.02		170.71		72.47		91.58		-137.75		-77.15		-156.73		174.26		-159.47
75		A		-56.86		167.84		54.18		99.42		-138.21		-67.24		-144.09		-167.22		-156.04
