No.	   Seq		 Alpha		 Beta		Gamma		Delta		 Epsilon	 Zeta		  Chi		  Eta		 Theta

0		U		-97.94		172.65		70.94		87.58		-138.89		-77.08		-163.36		161.86		-139.63
1		A		-77.12		168.33		61.91		92.27		-145.24		-71.1		-154.95		-178.89		-152.86
2		G		-92.59		175.86		77.17		88.08		-140.35		-82.73		-162.62		170.35		-151.29
3		C		-72.06		167.2		58.62		85.75		-150.83		-67.76		-157.61		176.26		-154.16
4		A		-82.29		175.01		67.53		92.42		-137.29		-79.42		-157.35		175.85		-134.94
5		G		-71.54		173.1		63.16		89.58		-146.03		-73.42		-153.59		176.52		-150.72
6		C		-89.86		174.89		70.08		87.99		-141.22		-86.88		-161.97		166.91		-161.3
7		A		-60.76		170.48		55.65		86.13		-148.98		-68.98		-155.52		172.42		-138.31
8		C		-91.69		174.27		79.63		81.95		-145.49		-80.29		-163.41		165.31		-148.29
9		A		-56.7		175.41		57.94		97.67		-134.84		-69.4		-141.64		-172.68		-145.47
10		U		-84.89		169.87		72.82		87.47		-136.19		-83.72		-158.64		165.61		-150.95
11		A		-58.66		177.42		71.79		105.06		-129.2		-93.62		-137.53		-170.5		-169.88
12		A		-97.63		175.2		85.82		101.44		-128.92		-82.41		-152.68		-174.21		-146.73
13		U		-56.59		177.83		67.66		96.94		-138.48		-77.22		-145.64		-177.61		-160.92
14		G		-117.76		174.69		97.94		91.83		-134.7		-83.94		-160.36		176.58		-149.57
15		G		-57.52		171.3		65.84		91.86		-147.11		-72.56		-158.82		-169.3		-153.68
16		U		-80.96		174.47		88.32		90.54		-137.94		-83.6		-157.01		-176.05		-153.22
17		U		-63.52		173.19		61.18		94.88		-144.72		-70.88		-146.98		-175.23		-159.81
18		U		-117.1		174.16		92.38		96.62		-132.97		-89.46		-155.47		172.91		-144.5
19		G		-62.7		177.44		71.17		93.95		-145.14		-78.16		-154.38		-169.71		-171.54
20		U		-66.76		175.57		59.28		91.54		-137.19		-82.0		-156.21		173.96		-142.6
21		G		-60.75		-179.15		62.57		101.71		-136.83		-69.13		-147.53		-163.33		-151.69
22		G		-122.37		178.21		99.24		92.26		-137.01		-90.76		-161.31		172.48		-148.58
23		A		-58.11		175.31		54.09		106.38		-133.89		-61.93		-139.02		-164.74		-149.28
24		U		-86.46		177.34		82.84		96.95		-132.47		-89.34		-155.06		178.84		-145.41
25		G		-51.09		176.56		62.02		111.58		-126.11		-62.15		-137.2		-143.98		-160.4
26		U		-67.36		174.81		60.84		100.4		-129.14		-84.55		-151.61		-178.8		-134.47
27		U		-60.88		179.4		55.55		105.72		-131.8		-68.87		-138.48		-172.99		-136.71
28		G		-125.16		178.78		80.7		93.19		-132.72		-79.53		-163.69		163.99		-141.0
29		G		-61.89		-178.86		64.12		91.1		-144.41		-71.27		-154.52		-173.72		-152.48
30		G		-76.81		176.48		77.47		82.3		-139.82		-79.12		-166.94		174.53		-140.07
31		U		-61.85		175.03		53.09		89.72		-145.94		-75.29		-149.13		173.12		-146.54
32		G		-87.8		170.49		74.54		83.59		-139.89		-72.51		-168.66		162.45		-136.19
33		C		-68.95		168.4		57.29		85.79		-146.82		-73.08		-156.67		164.5		-154.65
34		A		-72.69		176.91		62.37		83.67		-140.65		-77.44		-163.48		168.58		-142.38
35		G		-59.82		172.19		57.0		92.67		-134.97		-73.43		-153.61		173.67		-133.0
36		G		-64.41		169.53		58.45		83.12		-141.19		-71.81		-168.0		169.69		-133.08
37		C		-61.44		176.73		56.83		92.33		-138.27		-72.74		-147.81		168.9		-132.74
38		C		-78.32		179.67		71.25		84.67		-139.39		-86.32		-162.71		169.02		-145.81
39		A		-64.45		177.49		56.16		102.69		-130.22		-73.68		-144.63		-173.95		-146.86
40		U		-68.76		166.44		64.66		81.84		-142.07		-75.34		-164.14		166.3		-138.24
41		A		-66.87		175.57		57.07		95.26		-139.7		-76.04		-147.74		174.46		-143.67
42		C		-74.54		175.67		67.23		80.95		-143.02		-72.2		-171.72		161.67		-140.99
43		U		-59.73		176.67		56.22		90.32		-143.7		-78.58		-153.19		-179.55		-151.67
44		G		-74.67		179.2		71.21		83.17		-143.14		-78.71		-166.05		173.28		-148.98
45		U		-63.58		171.41		54.53		87.12		-145.45		-73.62		-156.51		171.62		-148.48
46		G		-72.06		175.73		70.54		85.49		-140.06		-78.02		-166.9		175.7		-148.22
47		C		-64.58		172.47		54.44		86.31		-146.52		-76.63		-155.66		168.77		-150.63
48		U		-80.66		172.01		74.09		86.21		-142.13		-79.94		-162.14		169.69		-148.46
49		G		-66.87		173.59		64.7		92.78		-139.43		-83.34		-155.1		-175.56		-146.5
50		C		-80.37		177.02		70.39		83.26		-140.64		-73.67		-166.16		171.37		-149.44
51		C		-61.4		172.01		56.39		94.54		-135.86		-82.46		-149.57		-175.96		-147.4
52		U		-90.14		-177.33		84.58		95.89		-134.58		-91.27		-152.93		173.35		-157.44
53		C		-66.03		175.54		65.54		99.96		-135.18		-82.19		-148.74		-174.19		-149.9
54		A		-94.61		179.88		86.62		96.6		-135.38		-86.17		-154.77		178.89		-146.56
