No.	   Seq		 Alpha		 Beta		Gamma		Delta		 Epsilon	 Zeta		  Chi		  Eta		 Theta

0		G		-83.75		179.29		70.48		83.22		-146.02		-78.5		-168.87		168.14		-141.58
1		G		-75.76		178.23		60.85		83.09		-146.48		-77.33		-163.88		169.16		-143.55
2		G		-82.56		179.22		63.4		79.9		-144.61		-79.3		-164.54		162.79		-139.56
3		C		-90.21		176.67		72.02		81.71		-143.78		-83.39		-165.89		164.27		-150.33
4		A		-80.88		176.84		67.49		84.91		-143.46		-76.81		-161.79		169.07		-140.12
5		C		-97.72		-179.61		78.72		83.65		-143.05		-77.27		-165.22		164.28		-148.17
6		A		-77.09		178.36		62.03		100.89		-129.11		-82.99		-146.23		178.71		-122.4
7		U		-85.02		176.41		69.63		92.46		-135.54		-85.15		-155.84		166.98		-147.91
8		G		-97.47		-177.27		95.15		106.23		-132.07		-85.81		-150.37		-170.24		-139.36
9		G		-173.18		179.59		93.88		93.86		-139.48		-74.84		-166.5		171.81		-147.24
10		C		-88.08		-177.84		75.55		88.37		-143.38		-87.35		-158.96		177.3		-153.73
11		G		-80.58		175.46		73.98		82.34		-142.66		-75.88		-165.8		179.87		-146.54
12		C		-107.31		173.55		102.08		88.44		-145.83		-75.22		-162.49		179.85		-162.05
13		A		-102.65		174.77		90.14		87.62		-141.61		-78.58		-162.04		176.9		-142.5
14		G		-85.76		-178.06		98.53		97.68		-132.93		-95.93		-151.65		-177.59		-162.85
15		U		-79.8		174.67		66.2		108.35		-124.8		-104.57		-143.78		-178.35		-121.69
16		U		158.26		-179.03		93.54		116.29		-123.29		-83.03		-142.8		-90.48		-126.46
17		G		-144.79		-175.79		99.86		111.27		-129.2		-107.24		-146.26		-167.55		-148.36
18		G		-138.32		-175.96		82.41		119.07		-116.52		-167.36		-134.03		-143.86		176.99
19		U		-97.3		-179.79		84.74		104.52		-125.13		-123.17		-138.18		178.78		-158.84
20		A		-162.02		-176.0		98.97		102.73		-129.35		-86.42		-147.02		-150.99		-157.0
21		G		178.87		179.77		116.28		83.52		-142.81		-81.72		-174.72		159.67		-149.36
22		C		-77.87		-175.44		67.99		85.08		-144.32		-70.43		-163.03		169.55		-143.33
23		G		-85.97		178.4		67.58		74.02		-146.85		-75.78		-172.77		161.98		-139.15
24		C		-79.27		177.42		56.21		83.88		-145.12		-73.02		-159.53		161.57		-133.23
25		G		-92.22		173.82		80.85		74.33		-147.59		-71.68		-177.86		160.47		-140.28
26		C		-76.11		176.49		58.5		79.66		-147.39		-78.79		-159.71		167.46		-142.98
27		U		-73.55		175.0		55.83		82.69		-140.3		-73.59		-162.09		163.51		-136.45
28		U		-68.78		179.82		53.91		88.78		-139.42		-81.14		-152.41		170.41		-132.65
29		C		-118.29		177.18		72.89		91.88		-133.98		-75.34		-161.96		146.43		-131.27
30		C		-77.45		174.54		58.26		78.49		-145.46		-72.07		-165.61		157.44		-137.62
31		C		-81.13		-175.45		80.36		84.17		-137.92		-83.12		-163.83		179.89		-154.17
32		U		-57.65		177.92		52.15		93.03		-132.27		-77.46		-145.99		176.31		-136.87
33		U		-140.51		177.91		87.08		98.05		-135.99		-81.09		-152.78		144.82		-136.86
34		G		-97.22		179.41		65.89		94.63		-135.32		-76.28		-155.75		164.52		-135.25
35		C		-173.3		-179.26		140.37		82.41		-139.86		-78.99		-170.3		155.17		-168.82
36		A		-91.43		-177.76		74.57		91.68		-136.01		-86.43		-155.36		177.79		-147.9
37		A		-82.02		169.69		64.81		79.11		-142.32		-76.72		-168.68		162.36		-134.19
38		G		-75.24		172.83		71.64		80.83		-144.65		-71.64		-170.77		165.45		-141.48
39		G		-99.75		176.41		71.49		84.83		-145.08		-87.1		-158.64		165.27		-158.81
40		A		-70.3		176.18		58.76		87.13		-148.14		-82.03		-155.05		171.85		-157.13
41		A		-90.6		171.35		88.85		95.37		-130.35		-79.6		-152.16		-178.73		-139.48
42		G		-87.79		177.08		84.26		88.23		-140.94		-86.87		-161.73		172.03		-166.36
43		A		-72.33		175.58		67.91		96.28		-132.98		-78.26		-155.84		-176.41		-143.28
44		G		-85.48		171.74		70.64		96.2		-133.74		-82.13		-152.77		-167.84		-151.61
45		G		-71.99		-177.23		74.93		93.3		-136.93		-79.02		-150.56		-176.07		-133.04
46		U		-78.13		172.17		72.75		103.81		-131.42		-80.63		-145.14		-151.02		-120.66
47		C		-149.64		-171.78		131.31		102.58		-135.27		-118.22		-153.68		-174.88		160.15
48		A		-74.11		-178.16		68.99		96.35		-134.17		-66.88		-162.42		-118.57		-144.43
49		U		-79.23		175.34		61.7		80.54		-145.38		-76.55		-161.44		162.08		-142.96
50		C		-78.91		176.81		70.84		92.06		-144.02		-75.77		-148.51		178.8		-137.24
51		G		-132.62		-178.1		96.47		81.53		-144.0		-80.41		-167.21		164.98		-145.5
52		G		-75.73		178.19		77.32		89.49		-142.05		-76.33		-163.97		-175.44		-149.8
53		U		-59.87		179.67		51.8		89.55		-135.83		-73.72		-156.45		179.03		-126.5
54		U		-72.5		-179.37		59.45		90.38		-136.55		-73.08		-151.26		164.56		-125.92
55		C		-145.25		173.93		62.56		87.29		-138.08		-68.56		-161.0		89.5		-124.46
56		G		-76.22		177.92		65.2		91.43		-143.37		-80.13		-151.26		170.48		-154.96
57		A		-79.78		-174.92		60.4		110.22		-123.87		-112.25		-137.46		-164.57		-139.95
58		U		-37.24		175.31		64.68		99.94		-129.57		-73.73		-150.7		151.15		-129.73
59		U		-66.55		176.73		58.72		106.78		-127.52		-79.56		-148.57		179.0		-114.76
60		C		-71.03		179.51		49.98		85.6		-147.37		-74.05		-155.7		153.23		-141.22
61		C		-75.5		178.54		57.96		77.6		-149.35		-74.47		-164.82		163.64		-148.97
62		G		-69.61		-175.97		70.67		80.51		-146.88		-81.67		-166.29		174.56		-151.69
63		G		-66.23		172.51		63.01		83.49		-147.27		-81.41		-165.75		-179.41		-151.05
64		U		-62.86		170.81		54.17		83.98		-146.27		-69.26		-161.21		169.52		-135.85
65		U		-70.92		170.35		59.52		84.35		-141.26		-77.1		-160.54		164.7		-134.3
66		G		-77.87		177.3		63.79		82.33		-145.64		-77.92		-163.32		163.36		-146.44
67		C		-73.23		169.94		61.55		79.99		-147.16		-77.38		-164.8		169.55		-144.51
68		G		-66.57		178.91		58.06		93.06		-141.84		-87.76		-151.01		-176.63		-151.05
69		U		-77.6		-179.83		75.66		88.07		-137.73		-75.88		-160.72		178.32		-137.5
70		C		-82.79		177.87		65.58		94.83		-139.55		-83.08		-151.9		171.93		-143.58
71		C		-80.94		-178.53		65.79		92.53		-139.3		-85.65		-155.05		177.5		-143.08
72		A		-69.5		-176.21		67.64		101.15		-134.26		-95.34		-144.03		-170.95		-158.31
