No.	   Seq		 Alpha		 Beta		Gamma		Delta		 Epsilon	 Zeta		  Chi		  Eta		 Theta

0		G		-89.51		179.26		72.3		86.41		-145.65		-81.7		-166.47		163.94		-150.75
1		G		-82.52		-179.61		71.24		87.55		-141.59		-79.33		-164.84		171.89		-135.08
2		C		-84.91		-179.84		71.77		80.36		-145.78		-76.65		-165.81		163.84		-141.45
3		C		-83.06		-179.24		77.61		80.35		-147.27		-76.64		-166.7		165.2		-138.07
4		G		-93.95		179.37		73.09		82.46		-146.99		-72.9		-168.96		166.22		-138.3
5		C		-85.32		178.41		68.54		81.67		-144.25		-76.01		-165.33		166.39		-147.05
6		U		-74.22		176.63		69.38		102.76		-128.03		-81.43		-146.6		-175.25		-131.53
7		U		-100.65		-178.21		72.62		95.24		-133.71		-99.65		-150.38		166.09		-162.19
8		A		165.73		-174.92		144.46		117.25		-121.6		-82.74		-149.37		-124.67		-122.55
9		G		-132.28		-179.33		76.69		93.76		-136.02		-86.32		-159.98		163.38		-143.95
10		C		-92.43		-175.51		85.11		86.34		-143.48		-80.0		-159.69		173.99		-150.33
11		A		-93.26		175.07		71.46		89.59		-138.67		-72.79		-159.24		-178.43		-138.64
12		C		-116.63		176.84		110.16		86.79		-144.14		-78.65		-159.71		171.67		-150.8
13		A		-126.04		-179.16		108.61		85.79		-139.71		-85.25		-164.27		169.11		-156.52
14		G		-86.51		177.51		80.54		100.87		-133.13		-112.93		-149.25		-174.33		-164.8
15		U		-133.3		179.54		92.99		103.96		-127.01		-81.12		-153.93		-175.59		-134.82
16		G		-157.04		-179.94		96.88		111.75		-129.83		-103.56		-143.62		-124.66		-142.81
17		G		-136.47		-177.16		86.25		109.99		-127.74		-103.73		-142.91		-177.54		-150.04
18		C		-111.28		179.95		79.44		104.96		-129.65		-89.92		-145.98		-168.6		179.99
19		A		-121.16		-179.73		102.77		94.92		-136.06		-86.96		-156.16		-168.55		-155.19
20		G		-93.38		-179.47		82.09		88.13		-142.98		-79.96		-158.38		175.69		-162.2
21		U		-84.03		173.59		76.75		83.23		-144.38		-78.03		-162.93		167.41		-143.24
22		G		-80.97		175.95		61.04		85.45		-142.4		-72.97		-161.29		167.61		-139.49
23		C		-119.66		-179.78		64.61		77.83		-148.13		-75.74		-170.08		143.62		-139.9
24		A		-73.38		177.88		54.48		81.96		-145.26		-69.01		-163.74		170.39		-133.98
25		C		-80.12		171.76		57.88		75.4		-146.0		-70.89		-164.0		157.58		-136.63
26		C		-79.6		174.06		55.87		77.07		-150.08		-70.35		-162.32		151.81		-138.17
27		A		-98.63		-179.88		78.81		84.01		-142.71		-80.99		-167.35		168.71		-147.46
28		C		-78.78		177.59		69.64		85.23		-142.17		-75.17		-160.11		163.28		-140.73
29		U		-110.5		178.28		85.47		78.65		-139.48		-73.08		-172.36		156.84		-133.41
30		C		-78.8		175.08		56.73		86.61		-140.72		-77.3		-155.5		166.4		-127.74
31		U		-92.43		-179.21		67.18		86.0		-138.11		-78.49		-161.31		161.88		-149.8
32		C		-93.57		177.67		60.93		94.71		-137.24		-87.26		-148.04		161.26		-138.62
33		G		-178.13		-179.96		94.61		90.71		-136.45		-78.16		-167.32		165.6		-146.59
34		U		-92.56		179.33		101.85		96.43		-134.15		-83.2		-151.47		-177.09		-155.35
35		A		-134.55		174.43		92.64		85.89		-135.59		-77.45		-163.09		161.3		-158.4
36		A		-95.84		173.12		74.15		90.82		-137.1		-78.83		-160.74		165.96		-140.44
37		A		-92.03		170.21		86.4		86.6		-138.73		-82.09		-165.8		161.87		-141.88
38		G		-75.23		-176.47		87.56		101.48		-136.03		-93.23		-144.24		-173.96		-168.69
39		U		-70.67		172.43		61.63		88.11		-142.73		-79.27		-159.02		174.94		-140.87
40		G		-68.49		174.3		65.8		95.19		-140.28		-88.16		-153.25		-177.87		-162.29
41		G		-85.42		-179.35		73.17		78.51		-147.65		-78.1		-169.54		171.31		-142.63
42		G		-78.46		173.98		71.5		87.04		-143.91		-78.29		-160.01		175.53		-152.54
43		G		-86.03		173.87		85.63		85.16		-140.91		-83.91		-161.38		175.06		-145.91
44		G		-75.17		-178.88		80.32		96.09		-134.64		-77.19		-152.91		-167.83		-139.62
45		U		-95.5		171.9		77.78		95.78		-133.78		-86.33		-156.22		-177.47		-126.45
46		C		-108.78		-174.99		77.49		101.45		-137.54		-76.87		-151.59		-151.93		-175.69
47		G		-101.86		-177.75		73.69		87.04		-139.83		-78.59		-168.19		-170.01		-138.41
48		C		-75.36		175.83		53.57		82.84		-148.91		-64.78		-157.71		169.5		-137.66
49		G		-98.13		-173.59		101.7		85.0		-141.01		-84.93		-161.06		170.85		-151.73
50		A		-87.32		177.93		65.52		94.06		-138.89		-75.87		-156.21		177.59		-135.57
51		G		-135.99		177.58		94.41		85.49		-137.67		-75.32		-169.47		156.7		-143.67
52		U		-62.89		173.84		50.52		96.29		-132.03		-73.44		-147.46		-177.79		-114.8
53		U		-101.33		-179.33		64.67		83.45		-137.99		-76.99		-161.18		143.74		-134.32
54		C		-113.93		175.88		56.79		89.63		-139.52		-70.01		-157.35		100.04		-131.47
55		G		-83.9		-179.67		64.21		78.57		-144.67		-76.56		-171.23		159.87		-143.32
56		A		-69.7		-171.31		57.93		109.51		-125.76		-94.52		-131.69		-167.36		-138.62
57		U		-127.77		-179.2		76.0		91.11		-129.57		-71.87		-158.83		145.18		-122.88
58		U		-66.87		175.5		63.81		101.41		-130.63		-78.61		-147.82		172.26		-128.19
59		C		-79.11		173.2		57.3		80.27		-145.64		-76.67		-167.58		153.03		-140.65
60		U		-62.34		171.58		50.02		79.8		-150.93		-73.01		-162.61		168.79		-144.97
61		C		-71.14		175.91		57.98		76.68		-148.12		-72.89		-167.45		162.28		-139.69
62		G		-65.67		175.06		57.72		77.16		-152.95		-71.68		-168.32		172.39		-147.26
63		C		-75.76		176.39		59.19		76.1		-150.65		-78.44		-167.1		165.99		-146.62
64		A		-69.29		-177.43		61.08		80.2		-147.36		-81.24		-164.41		169.65		-152.3
65		G		-73.55		178.77		80.65		83.44		-140.49		-82.21		-164.11		171.06		-148.6
66		U		-67.02		170.93		57.51		84.7		-146.59		-76.29		-160.04		169.49		-142.67
67		G		-85.73		178.62		75.69		95.41		-137.62		-84.13		-155.12		176.63		-144.96
68		G		-75.7		-178.85		64.1		88.56		-143.54		-74.61		-160.86		-176.42		-141.93
69		C		-85.94		-178.43		69.49		89.05		-142.55		-81.49		-157.63		175.16		-148.61
70		C		-65.24		178.34		59.58		90.38		-140.91		-84.67		-152.7		-175.42		-147.2
71		U		-94.21		-171.26		93.08		99.14		-131.54		-94.42		-149.26		-179.41		-161.88
72		C		-72.88		-178.71		69.95		98.33		-134.71		-83.26		-150.82		-169.56		-157.49
