No.	   Seq		 Alpha		 Beta		Gamma		Delta		 Epsilon	 Zeta		  Chi		  Eta		 Theta

0		A		-80.73		175.35		66.94		87.4		-142.01		-86.96		-164.51		169.06		-156.19
1		A		-68.3		173.42		58.53		93.1		-144.47		-66.33		-155.51		-172.84		-129.98
2		U		-65.6		169.8		52.37		88.74		-140.22		-75.58		-155.09		172.23		-133.16
3		C		-74.21		172.98		60.3		85.27		-147.19		-69.03		-156.78		167.28		-150.77
4		A		-86.58		173.75		69.84		87.05		-137.82		-82.74		-167.13		175.71		-150.07
5		A		-63.21		167.93		54.48		94.25		-141.57		-56.54		-145.77		-175.21		-158.44
6		U		-66.86		169.17		59.18		84.13		-140.37		-80.51		-157.72		170.56		-143.87
7		A		-63.68		175.64		52.54		101.39		-124.44		-81.63		-135.82		-169.02		-120.77
8		C		-144.2		170.21		100.18		88.43		-134.84		-77.13		-168.8		146.38		-151.84
9		A		-54.44		173.8		68.25		90.01		-144.51		-74.81		-155.85		-175.15		-155.34
10		A		-82.09		175.05		68.47		89.54		-138.68		-88.25		-159.38		175.35		-157.38
11		C		-56.16		168.99		77.49		87.19		-146.12		-68.33		-156.81		172.31		-153.61
12		G		-78.6		170.43		81.83		80.62		-145.61		-83.61		-167.81		171.55		-154.01
13		A		-58.65		170.28		58.16		99.84		-145.17		-75.28		-152.44		-167.06		-168.16
14		U		-120.64		170.56		97.9		99.95		-129.03		-91.57		-156.29		179.55		-155.48
15		A		-61.06		177.55		65.32		111.21		-129.31		-116.5		-131.38		-156.04		179.57
16		A		-134.13		175.79		74.65		100.28		-133.21		-84.31		-155.81		169.96		-139.48
17		G		-59.14		170.64		59.55		105.92		-139.65		-70.69		-147.49		-158.56		-179.33
18		A		-89.87		177.94		69.36		100.03		-131.53		-87.67		-151.13		-174.69		-151.7
19		A		-62.48		171.51		61.93		103.73		-145.55		-80.8		-143.56		-159.36		-177.0
20		A		-92.42		172.7		93.51		104.7		-130.32		-101.86		-147.7		-174.7		-172.39
21		A		-64.49		174.03		58.24		99.3		-142.78		-55.69		-150.05		-174.81		-151.42
22		G		-79.19		172.68		78.83		83.43		-143.08		-80.4		-166.18		169.41		-144.06
23		C		-55.07		170.53		42.95		95.82		-152.03		-53.46		-149.55		-170.39		-158.36
24		U		-71.89		175.69		65.51		88.33		-141.16		-80.23		-162.2		179.59		-144.89
25		G		-74.84		-179.01		62.77		104.54		-141.92		-69.73		-144.19		-166.54		-149.5
26		G		-104.53		172.95		79.76		86.5		-142.35		-73.92		-165.38		159.35		-150.83
27		A		-63.77		-178.39		64.5		99.56		-136.24		-83.66		-147.07		-167.12		-154.01
28		G		-79.76		169.07		89.41		93.73		-135.61		-78.18		-166.55		173.73		-141.14
29		U		-71.53		171.48		59.42		106.8		-141.6		-76.26		-141.0		-177.48		-144.02
30		A		-87.81		171.84		68.39		97.98		-134.2		-78.03		-155.12		175.0		-128.62
31		C		-67.93		173.76		50.93		96.26		-139.19		-63.43		-146.8		160.91		-134.31
32		C		-70.3		175.6		56.48		90.24		-138.29		-82.41		-160.02		-178.9		-143.09
33		A		-56.06		168.02		45.31		104.82		-135.45		-75.55		-133.36		-169.98		-128.61
34		U		-82.07		175.5		73.63		90.13		-138.77		-74.72		-158.08		156.02		-140.13
35		G		-66.09		168.62		56.13		107.15		-126.89		-84.33		-137.83		176.75		-134.65
36		A		-86.16		176.61		66.85		92.99		-138.0		-81.64		-158.36		162.65		-141.94
37		A		-63.57		170.34		62.97		98.62		-136.08		-77.43		-148.27		178.53		-144.68
38		G		-68.65		166.52		66.5		84.19		-141.56		-77.6		-165.95		171.09		-142.33
39		C		-60.9		167.51		51.37		83.63		-152.22		-70.01		-160.43		169.57		-146.44
40		G		-71.33		177.03		64.9		84.13		-145.96		-81.07		-165.5		174.89		-147.25
41		G		-63.68		172.92		56.41		90.58		-143.3		-75.81		-154.47		176.62		-144.45
42		G		-75.5		173.52		77.43		85.46		-142.46		-78.64		-167.0		174.54		-148.46
43		C		-59.03		165.95		57.74		90.71		-141.91		-79.06		-156.2		179.39		-142.26
44		U		-72.69		172.11		61.22		92.56		-138.9		-80.47		-155.94		171.45		-147.67
45		G		-67.92		171.34		63.44		93.71		-141.79		-90.81		-153.91		-174.97		-155.37
46		G		-77.9		173.39		71.41		86.93		-143.93		-74.85		-161.71		166.94		-143.73
47		C		-64.33		172.71		59.31		92.71		-138.96		-81.97		-153.75		-169.42		-143.11
48		G		-81.91		-177.07		84.24		89.84		-139.42		-80.74		-160.93		178.22		-154.38
