No.	   Seq		 Alpha		 Beta		Gamma		Delta		 Epsilon	 Zeta		  Chi		  Eta		 Theta

0		G		-71.96		172.4		61.9		84.41		-152.59		-69.38		-167.04		171.98		-152.12
1		G		-67.73		171.13		62.33		92.39		-141.06		-70.03		-161.34		177.6		-136.08
2		U		-70.66		171.72		54.14		83.1		-148.32		-73.86		-159.52		162.9		-143.61
3		U		-75.2		174.74		63.96		91.56		-143.89		-84.69		-152.24		175.51		-157.2
4		C		-62.37		170.15		46.23		82.95		-144.54		-70.62		-153.85		166.79		-139.86
5		C		-67.05		174.01		66.02		79.56		-148.04		-68.8		-161.47		170.26		-148.3
6		A		-63.55		175.78		50.94		113.26		-111.2		-138.81		-126.15		-157.02		-84.57
7		U		-52.55		171.7		65.49		95.98		-129.69		-79.95		-145.77		177.95		-175.36
8		A		-87.61		179.32		78.33		108.4		-116.29		-71.72		-138.42		-164.15		-103.2
9		G		-86.09		165.23		64.63		97.54		-136.95		-65.96		-150.96		174.39		-144.44
10		U		-68.1		-178.91		76.77		96.98		-132.47		-88.1		-141.3		-175.88		-166.09
11		G		-61.64		168.55		72.93		99.47		-133.75		-70.88		-144.65		-152.07		-171.06
12		U		-85.19		168.56		73.2		103.35		-141.23		-77.48		-145.18		-158.8		176.57
13		A		-72.88		174.65		100.35		109.31		-135.14		-68.53		-145.35		-138.27		-165.13
14		G		-66.78		-177.12		74.76		93.38		-136.93		-89.56		-146.06		-167.66		172.72
15		C		-53.54		170.88		62.86		93.66		-143.51		-65.71		-157.95		-179.19		-134.15
16		G		-69.44		169.27		77.71		102.53		-135.49		-90.95		-150.81		-135.04		-159.76
17		G		-71.74		-178.01		82.04		104.43		-138.15		-101.99		-143.05		-158.24		-172.77
18		U		-61.76		161.69		54.73		120.21		-106.07		13.81		-122.44		-149.15		-87.09
19		U		-82.26		172.47		69.31		108.16		-125.72		-143.67		-128.01		178.49		156.62
20		A		62.46		-175.07		92.21		119.53		-111.98		-68.72		-128.79		-89.02		169.36
21		U		-46.37		169.65		59.96		94.65		-132.01		-73.52		-147.12		171.72		-163.99
22		C		-57.71		-176.65		57.22		93.55		-144.73		-62.7		-147.75		-176.58		-161.07
23		A		-57.42		-179.69		55.55		92.62		-137.95		-63.98		-153.36		-168.79		-129.22
24		C		-73.18		178.26		68.19		79.92		-153.88		-65.44		-164.48		165.74		-144.7
25		G		-59.22		172.05		59.9		81.72		-151.62		-62.7		-165.62		175.32		-150.0
26		U		-62.22		171.32		50.42		88.02		-149.53		-69.97		-149.91		176.66		-139.83
27		C		-59.95		166.06		49.34		79.24		-152.82		-60.3		-161.03		164.41		-146.08
28		U		-62.71		169.08		49.73		81.62		-152.72		-73.16		-157.66		169.77		-145.5
29		G		-69.4		169.07		55.58		80.34		-150.32		-69.3		-163.79		159.29		-150.26
30		C		-53.5		162.09		48.99		76.34		-149.47		-61.59		-166.4		177.58		-132.33
31		U		-57.91		170.69		48.17		85.16		-143.06		-69.33		-151.91		177.48		-141.52
32		U		-53.72		178.7		48.73		98.78		-128.45		-77.53		-135.97		171.46		-142.3
33		U		-74.94		166.28		55.09		107.91		-133.83		-84.28		-134.12		147.69		-164.17
34		A		-65.52		171.72		56.23		101.49		-136.4		-52.65		-142.78		172.39		-152.16
35		C		-63.41		-174.85		80.74		97.48		-136.59		-89.35		-145.67		171.72		173.02
36		A		-59.96		-178.82		61.64		96.8		-135.74		-69.96		-149.46		-179.14		-155.99
37		C		-60.13		165.81		62.4		83.96		-143.72		-77.64		-159.85		171.13		-135.56
38		G		-55.37		173.8		64.93		82.21		-150.66		-64.25		-162.92		175.54		-144.0
39		C		-65.57		177.65		56.67		86.12		-144.53		-85.71		-148.54		179.2		-157.34
40		A		-57.98		166.99		56.89		86.81		-146.33		-64.94		-153.43		-179.18		-157.12
41		G		-76.0		171.49		96.08		93.99		-133.48		-84.09		-153.71		-177.0		-155.09
42		A		-65.68		163.9		58.76		86.79		-149.41		-75.98		-155.02		169.39		-167.24
43		A		-60.64		165.13		60.27		103.08		-129.47		-94.72		-141.94		-177.14		-151.61
44		G		-50.58		169.27		72.35		95.4		-134.66		-80.41		-148.13		-172.33		-163.65
45		G		-58.82		174.12		66.44		102.37		-131.69		-82.29		-138.66		-161.05		-138.5
46		U		-50.69		174.8		71.11		102.94		-131.8		-59.56		-139.63		-155.08		-147.03
47		C		-68.1		-176.6		84.01		108.73		-129.36		-130.51		-144.09		-169.34		142.86
48		C		-34.2		179.82		54.18		92.14		-144.01		-64.0		-157.84		-147.69		-151.79
49		U		-66.19		168.75		56.63		88.35		-143.78		-77.43		-154.16		166.32		-147.64
50		G		-62.33		174.91		73.07		91.0		-144.78		-73.73		-154.32		-177.62		-146.08
51		G		-76.75		167.84		69.46		76.05		-144.52		-71.16		-173.12		163.32		-139.17
52		G		-58.1		175.61		70.12		91.52		-138.98		-78.91		-158.03		-174.83		-144.57
53		U		-64.24		-178.59		55.42		91.55		-139.29		-79.18		-150.11		170.77		-139.26
54		U		-60.11		175.21		54.83		98.06		-129.42		-68.99		-146.76		172.89		-129.35
55		C		-87.84		167.75		52.87		84.33		-140.5		-63.54		-162.71		113.98		-130.54
56		G		-63.9		-177.52		55.13		98.17		-136.92		-87.04		-142.99		175.9		-156.65
57		A		-67.65		174.84		53.71		102.15		-125.36		-86.11		-145.22		-167.13		-137.26
58		G		-48.64		179.39		75.34		91.54		-137.94		-69.55		-159.01		162.08		-141.89
59		C		-62.19		169.02		58.55		92.0		-137.83		-71.64		-159.38		174.22		-128.2
60		C		-62.65		177.02		49.54		84.92		-147.36		-72.27		-152.92		162.7		-147.32
61		C		-75.94		175.99		62.22		84.73		-142.39		-73.0		-159.09		170.7		-160.64
62		C		-65.03		164.14		56.57		77.16		-149.75		-73.02		-161.97		153.66		-153.61
63		A		-69.82		168.16		64.29		87.86		-143.29		-81.22		-161.27		173.87		-156.03
64		G		-59.71		165.13		57.87		83.82		-141.42		-70.89		-164.45		165.76		-148.65
65		U		-60.78		171.31		66.49		87.37		-137.65		-73.52		-161.32		170.71		-147.31
66		G		-71.76		176.59		75.2		91.22		-135.61		-85.64		-155.46		163.99		-146.43
67		G		-70.93		167.43		70.65		87.46		-140.01		-83.45		-159.61		171.42		-155.79
68		A		-67.17		171.56		68.86		96.61		-133.41		-90.18		-146.32		178.42		-172.6
69		A		-70.42		174.96		76.89		87.17		-140.04		-77.26		-160.59		178.78		-152.07
70		C		-71.7		171.73		68.0		86.36		-143.97		-72.88		-158.75		169.71		-145.86
