No.	   Seq		 Alpha		 Beta		Gamma		Delta		 Epsilon	 Zeta		  Chi		  Eta		 Theta

0		U		-69.0		177.87		57.18		92.17		-140.08		-78.52		-153.28		179.04		-140.64
1		U		-74.5		177.1		63.37		103.02		-134.75		-80.04		-146.56		-176.2		-147.11
2		G		-89.12		176.82		68.84		95.94		-138.05		-86.15		-158.25		177.29		-154.7
3		A		-74.9		-179.48		71.16		97.94		-137.03		-77.42		-154.14		-173.07		-138.16
4		U		-74.22		178.68		67.57		94.54		-137.55		-88.85		-149.7		178.16		-149.35
5		G		-68.46		174.98		61.14		97.87		-137.4		-80.53		-148.87		-174.19		-134.77
6		U		-81.57		175.3		63.62		99.68		-133.77		-79.2		-152.57		-178.63		-135.7
7		C		-69.48		178.76		62.85		95.11		-141.12		-85.56		-148.77		-179.46		-152.88
8		A		-76.85		-179.47		63.94		100.36		-132.66		-88.75		-146.8		-172.91		-147.77
9		C		-70.46		176.63		61.14		93.95		-139.05		-82.21		-151.42		174.19		-147.45
10		G		-71.82		177.95		68.34		89.6		-140.6		-77.1		-156.97		178.53		-138.43
11		G		-75.75		179.99		64.28		95.57		-140.94		-87.84		-150.18		178.01		-150.83
12		A		-77.77		175.95		67.44		97.07		-137.62		-83.93		-152.65		-178.12		-151.16
13		A		-66.41		176.83		65.04		100.66		-133.23		-77.78		-148.32		-170.4		-132.48
14		C		-86.58		179.18		70.07		97.8		-138.98		-84.16		-147.96		176.28		-150.72
15		A		-75.66		-178.75		66.09		96.62		-139.61		-79.36		-152.14		-173.5		-149.17
16		C		-68.79		175.34		61.96		94.81		-140.07		-81.2		-152.13		-176.42		-150.15
17		G		-65.92		176.05		60.97		90.64		-142.96		-76.03		-157.1		-177.44		-144.07
18		U		-74.85		-179.8		69.27		107.6		-135.25		-85.4		-143.04		-171.45		-139.63
19		U		-81.69		-177.72		72.03		103.21		-133.95		-85.89		-144.91		178.57		-152.4
20		C		-79.84		179.99		77.23		93.73		-138.17		-79.32		-155.2		-178.14		-149.87
21		U		-67.02		174.83		55.21		99.17		-138.84		-84.83		-145.94		179.94		-152.99
22		U		-68.36		179.8		61.91		105.19		-134.14		-92.72		-141.58		-171.37		-153.66
23		U		-78.0		178.4		66.14		102.73		-134.01		-77.69		-145.12		-177.39		-147.52
24		G		-83.32		178.65		71.41		93.05		-140.59		-77.9		-157.22		173.48		-146.08
25		A		-69.44		-179.66		63.89		93.72		-141.57		-80.21		-152.2		-179.36		-145.92
26		A		-70.57		178.13		62.25		95.95		-136.77		-78.93		-151.31		178.46		-142.55
27		C		-71.4		176.46		66.84		87.45		-143.93		-73.32		-158.59		169.98		-138.94
28		C		-71.89		176.38		59.1		92.63		-143.62		-81.54		-151.94		173.06		-147.52
29		A		-74.63		174.58		60.23		92.99		-141.24		-79.48		-151.92		175.93		-147.72
30		A		-71.15		179.1		59.32		91.92		-142.13		-80.64		-154.18		178.7		-146.61
31		G		-64.72		173.9		61.38		90.71		-142.76		-76.86		-155.1		175.24		-142.2
32		C		-70.1		179.67		63.47		92.99		-141.82		-81.24		-152.98		177.75		-146.15
33		U		-70.84		-179.12		71.15		97.52		-138.03		-84.93		-150.08		179.17		-157.6
