No.	   Seq		 Alpha		 Beta		Gamma		Delta		 Epsilon	 Zeta		  Chi		  Eta		 Theta

0		A		-77.39		-179.97		53.11		102.47		-140.57		-75.07		-142.62		-165.46		-137.32
1		U		-77.52		175.75		61.54		94.34		-143.3		-74.08		-151.01		174.17		-145.77
2		U		-79.9		-178.05		54.01		104.81		-142.9		-75.83		-136.55		-171.85		-141.03
3		U		-77.87		178.27		60.05		94.4		-141.65		-77.4		-150.82		176.17		-151.22
4		C		-79.65		-177.37		50.74		101.51		-144.17		-76.48		-140.0		-164.62		-144.36
5		U		-68.36		173.96		54.81		92.8		-144.36		-78.31		-146.1		-178.91		-153.56
6		A		-72.27		-164.16		64.11		102.21		-146.57		-77.44		-133.14		-170.4		-151.62
7		C		-69.27		172.07		61.79		92.75		-140.42		-70.27		-148.04		176.88		-143.94
8		U		-66.37		-166.83		76.06		98.65		-145.11		-79.69		-136.07		178.25		-155.64
9		A		-70.13		-178.27		72.62		103.32		-132.88		-86.09		-136.68		-173.25		-151.12
10		U		-55.73		-174.15		72.2		105.99		-137.84		-80.12		-139.61		-172.34		-174.55
11		U		-61.12		179.47		67.48		102.78		-134.22		-84.9		-142.33		-173.36		-152.79
12		G		-66.15		-164.93		63.61		106.33		-145.44		-87.58		-140.61		-154.55		-168.16
13		U		-65.25		178.08		62.97		100.13		-140.89		-83.09		-144.71		-170.62		-166.85
14		A		-57.65		-176.5		59.33		102.59		-151.41		-80.89		-146.03		-154.99		-158.91
15		G		-73.23		175.32		71.73		89.51		-148.78		-82.16		-158.21		179.25		-154.1
16		A		-65.17		-176.45		57.75		108.92		-152.89		-69.54		-145.39		-159.7		-152.13
17		U		-66.82		175.59		64.15		94.99		-143.43		-77.33		-150.0		-177.35		-150.18
18		C		-65.99		-176.98		49.02		98.5		-159.13		-69.02		-150.72		-170.76		-151.88
19		U		-67.86		174.98		54.2		100.95		-141.42		-76.45		-147.16		-169.89		-145.38
20		U		-68.33		-172.58		44.6		119.59		-148.5		-77.08		-134.69		-158.85		-168.61
21		U		-64.87		178.72		54.72		101.35		-137.36		-71.81		-144.12		-172.41		-148.27
22		U		-65.85		-176.99		45.88		112.19		-145.6		-61.65		-137.91		-165.36		-149.33
23		U		-67.16		179.34		58.79		102.54		-138.03		-80.16		-144.58		-176.45		-150.56
24		U		-69.14		-171.87		51.85		109.85		-142.84		-65.61		-136.18		-171.13		-150.03
25		U		-74.66		-178.99		63.0		94.66		-142.35		-72.12		-151.17		173.68		-142.89
