No.	   Seq		 Alpha		 Beta		Gamma		Delta		 Epsilon	 Zeta		  Chi		  Eta		 Theta

0		G		-86.26		174.65		72.82		87.1		-141.61		-79.16		-167.45		169.88		-146.21
1		A		-72.71		174.75		55.96		100.1		-141.15		-68.71		-142.1		-169.4		-146.51
2		U		-81.21		179.88		71.08		89.39		-138.46		-85.22		-156.33		171.46		-146.49
3		C		-75.22		175.79		57.96		97.41		-133.32		-69.1		-146.17		-173.94		-139.66
4		G		-93.95		178.32		73.81		84.55		-142.11		-82.66		-167.25		164.18		-151.92
5		A		-65.25		172.84		49.4		101.46		-138.26		-69.94		-141.41		-163.59		-148.48
6		U		-74.76		178.78		60.41		88.82		-137.65		-80.67		-156.5		168.16		-142.34
7		C		-70.74		178.65		58.58		98.27		-135.69		-66.01		-139.17		-168.77		-122.32
8		G		-117.98		177.9		84.64		87.61		-139.95		-83.97		-165.46		163.41		-149.39
9		A		-58.35		179.55		55.75		102.56		-134.64		-77.32		-140.9		-166.36		-166.42
10		U		-73.51		176.33		64.69		88.57		-136.84		-76.86		-160.61		174.06		-140.74
11		C		-64.41		178.44		54.69		99.55		-142.49		-77.49		-139.88		178.11		-140.8
12		G		-103.96		179.73		83.71		87.99		-139.57		-80.41		-163.15		165.52		-144.69
13		G		-67.03		179.08		56.86		94.21		-140.95		-72.11		-148.42		-169.8		-145.58
14		C		-88.39		175.93		71.94		90.47		-137.68		-83.07		-160.13		168.31		-148.75
15		A		-58.56		178.06		52.13		100.63		-142.46		-73.88		-143.76		-158.04		-144.62
16		U		-86.13		175.19		68.63		94.25		-135.75		-82.05		-155.46		169.86		-143.38
17		C		-69.19		-178.36		59.21		97.12		-143.38		-62.11		-140.88		174.56		-141.77
18		G		-92.44		178.5		79.01		92.82		-138.1		-89.92		-156.69		174.21		-151.05
19		A		-57.52		-173.7		54.39		106.69		-139.41		-66.82		-136.86		-161.27		-165.27
20		U		-69.8		170.63		70.87		92.0		-136.96		-76.77		-158.0		172.74		-146.51
21		G		-67.08		-172.66		59.55		102.08		-146.29		-70.28		-144.53		-176.12		-150.04
22		C		-79.26		173.47		63.73		82.89		-143.06		-73.76		-162.8		160.91		-138.62
23		C		-61.43		-179.42		53.0		89.08		-151.7		-65.16		-152.04		-175.47		-166.58
24		G		-80.69		176.7		74.27		88.25		-141.69		-86.96		-161.64		175.27		-155.89
25		A		-59.0		175.52		52.26		96.34		-153.47		-62.32		-147.66		-174.26		-148.93
26		U		-72.54		171.96		67.73		89.25		-136.55		-75.59		-158.06		169.36		-138.28
27		C		-66.56		-176.92		56.61		95.35		-146.94		-68.91		-145.94		176.36		-152.78
28		G		-82.49		177.51		72.55		87.07		-142.02		-82.46		-163.49		170.05		-152.95
29		A		-58.51		174.78		49.89		100.79		-147.4		-70.04		-142.65		-165.97		-152.93
30		U		-73.3		172.09		67.22		81.81		-142.37		-73.61		-163.09		164.73		-147.46
31		C		-60.99		176.75		51.88		97.32		-147.97		-65.75		-146.11		179.62		-149.24
32		G		-79.97		177.07		64.55		90.26		-140.9		-81.71		-158.7		171.62		-147.6
33		A		-62.13		177.65		54.7		100.64		-142.28		-70.93		-141.83		-171.65		-151.99
34		U		-80.06		173.53		72.26		85.68		-140.82		-77.42		-161.06		167.62		-147.47
35		C		-60.04		176.99		51.0		98.37		-146.05		-65.68		-143.44		179.39		-155.09
