No.	   Seq		 Alpha		 Beta		Gamma		Delta		 Epsilon	 Zeta		  Chi		  Eta		 Theta

0		U		-78.91		178.05		62.64		92.52		-139.66		-79.91		-154.32		175.02		-144.74
1		C		-79.93		178.14		65.92		93.26		-139.28		-77.26		-153.73		175.39		-143.47
2		G		-78.99		177.69		64.6		93.84		-140.06		-79.04		-154.59		176.28		-144.87
3		G		-76.73		179.7		65.65		93.47		-140.71		-77.9		-153.97		176.9		-147.21
4		C		-77.1		177.69		63.91		94.34		-139.31		-78.38		-153.87		178.89		-142.97
5		G		-76.37		178.43		63.88		94.08		-140.77		-78.14		-153.79		174.52		-142.56
6		C		-78.87		179.45		65.12		93.5		-140.89		-80.08		-154.13		175.01		-144.66
7		C		-72.04		176.22		60.95		94.88		-140.07		-80.29		-151.28		178.14		-146.84
8		U		-73.9		178.0		61.49		98.08		-138.35		-83.57		-148.87		179.92		-145.89
9		U		-73.92		177.55		60.27		100.93		-136.33		-82.39		-145.78		-175.85		-143.5
10		U		-76.86		178.44		62.05		100.48		-136.46		-82.45		-147.55		-179.03		-144.13
11		C		-76.98		179.27		63.46		97.09		-139.38		-79.83		-149.6		179.05		-148.16
12		G		-77.3		178.84		65.15		96.76		-139.1		-84.64		-150.19		-178.09		-151.83
13		A		-72.02		178.92		65.26		97.21		-140.46		-79.14		-147.73		-177.56		-149.08
14		G		-76.21		177.95		71.1		95.29		-140.78		-80.8		-150.67		179.77		-149.7
15		G		-72.73		178.06		67.21		95.35		-141.36		-78.98		-150.07		-179.42		-148.87
16		C		-76.35		177.22		67.55		95.25		-140.76		-79.02		-150.5		178.37		-148.31
17		G		-71.8		178.39		68.57		95.67		-141.16		-81.63		-151.09		-176.51		-154.27
18		C		-73.58		178.2		66.04		95.67		-140.73		-81.19		-150.86		-178.62		-151.0
19		C		-71.48		177.77		67.02		95.27		-140.86		-79.93		-150.98		-178.08		-152.17
20		G		-74.04		-179.23		71.98		97.54		-138.83		-85.71		-150.43		-175.2		-152.99
21		U		-69.23		177.63		63.93		98.49		-139.46		-82.34		-147.78		-176.74		-151.32
22		U		-71.74		177.81		68.17		98.19		-139.13		-84.18		-149.15		-175.92		-147.55
23		U		-70.83		178.67		66.43		100.76		-138.14		-82.64		-146.8		-174.86		-149.98
24		U		-73.06		178.33		65.71		96.95		-139.7		-80.17		-150.71		-177.82		-149.67
25		U		-69.63		178.38		62.0		95.89		-140.84		-78.42		-150.98		-177.32		-147.66
26		U		-71.38		177.34		61.1		95.82		-140.13		-79.76		-151.28		-179.84		-142.87
27		U		-70.8		177.95		61.58		94.32		-141.73		-77.62		-152.05		-179.75		-145.74
28		U		-72.67		178.73		62.88		95.78		-140.04		-80.41		-151.2		-179.85		-146.08
29		U		-72.98		179.75		61.81		95.67		-140.27		-78.17		-150.52		177.48		-146.35
30		U		-73.59		179.1		63.71		96.17		-138.94		-82.06		-150.98		179.4		-144.9
31		U		-70.38		176.09		59.45		94.49		-140.61		-78.15		-151.24		175.32		-144.8
32		U		-72.92		179.15		62.69		94.65		-141.53		-80.27		-151.77		176.97		-148.45
