No.	   Seq		 Alpha		 Beta		Gamma		Delta		 Epsilon	 Zeta		  Chi		  Eta		 Theta

0		C		-72.04		173.05		59.02		93.06		-143.08		-71.25		-152.61		-179.54		-146.08
1		C		-78.47		177.16		57.39		92.39		-143.57		-77.1		-151.9		179.71		-144.03
2		A		-73.3		175.83		59.69		90.57		-142.15		-81.65		-152.4		-179.88		-151.1
3		A		-80.08		177.1		60.87		96.59		-141.0		-77.01		-146.69		-175.21		-153.74
4		A		-67.48		173.35		54.56		94.73		-141.15		-81.43		-146.08		179.7		-146.77
5		A		-70.84		-179.37		54.85		100.01		-135.98		-80.75		-138.85		-177.63		-139.59
6		G		-74.32		172.92		65.86		96.41		-137.74		-84.24		-148.88		179.42		-151.83
7		A		-71.96		175.1		61.33		100.2		-137.72		-83.05		-144.1		-166.42		-152.49
8		A		-67.96		173.2		63.64		91.92		-140.79		-79.68		-152.07		-179.16		-149.25
9		G		-69.19		178.42		68.97		97.26		-136.35		-71.77		-143.93		-175.04		-142.05
10		U		-71.25		176.67		64.33		99.68		-137.09		-83.81		-143.69		-175.21		-149.02
11		C		-64.96		177.34		66.27		95.9		-141.51		-76.91		-148.5		-174.17		-157.4
12		U		-64.4		174.24		59.63		96.58		-137.67		-75.44		-152.44		-172.8		-144.71
13		U		-66.56		-179.01		59.18		105.07		-140.44		-74.9		-138.53		-168.94		-156.23
14		U		-77.68		-177.83		69.44		96.48		-140.41		-80.83		-145.93		179.86		-152.45
15		C		-64.01		-178.39		59.57		95.2		-147.14		-70.72		-146.55		-175.83		-152.09
16		U		-65.32		179.39		63.86		96.87		-140.28		-80.83		-149.58		-171.89		-154.14
17		U		-61.29		-174.86		59.16		108.82		-138.98		-91.91		-138.2		-157.55		-166.08
18		U		-68.56		-179.19		60.17		103.16		-134.5		-77.19		-142.78		-168.88		-151.67
19		U		-62.98		-176.09		56.36		98.51		-141.01		-69.02		-146.96		-171.14		-139.12
20		G		-72.96		179.51		64.99		98.19		-137.78		-76.61		-148.96		-177.01		-147.74
21		G		-71.08		-174.57		58.41		106.43		-138.3		-74.97		-143.11		-158.04		-155.63
22		U		-61.77		177.97		59.27		101.27		-136.69		-76.61		-143.92		-171.05		-145.02
23		U		-67.43		-178.63		54.67		110.59		-134.4		-80.01		-133.09		-173.82		-152.1
24		A		-89.17		177.76		68.28		105.43		-133.79		-79.86		-140.8		175.2		-152.94
25		A		-68.37		179.07		55.94		100.13		-141.17		-71.64		-143.8		174.7		-151.36
26		C		-61.24		176.41		57.96		90.37		-144.38		-72.26		-151.31		173.03		-147.04
27		C		-66.25		-178.01		55.66		100.33		-143.49		-80.05		-142.76		-177.87		-154.34
28		A		-66.91		176.25		59.42		94.95		-143.91		-77.12		-151.36		177.21		-150.98
29		G		-63.1		-179.51		56.86		92.93		-145.46		-74.13		-148.56		174.93		-149.32
30		G		-65.85		172.76		58.83		91.13		-140.67		-78.43		-152.24		174.11		-142.11
31		A		-66.64		175.8		57.42		96.5		-142.5		-75.77		-149.35		178.88		-142.72
32		U		-66.97		175.46		66.69		92.99		-142.41		-78.94		-150.94		177.69		-152.5
