No.	   Seq		 Alpha		 Beta		Gamma		Delta		 Epsilon	 Zeta		  Chi		  Eta		 Theta

0		C		-70.17		175.21		60.07		86.74		-141.7		-74.82		-159.68		169.09		-138.56
1		C		-71.71		177.04		64.98		83.11		-144.17		-75.89		-166.6		169.91		-146.67
2		G		-74.42		178.1		69.06		79.88		-144.14		-80.69		-171.18		167.08		-147.63
3		A		-75.91		175.22		64.6		83.3		-142.89		-74.74		-167.39		165.18		-142.64
4		A		-86.99		173.13		70.62		85.49		-143.89		-75.11		-163.05		160.1		-138.13
5		G		-79.02		-176.91		79.13		85.78		-139.14		-79.34		-161.32		170.53		-137.76
6		C		-72.81		174.99		62.71		88.09		-138.82		-77.96		-159.89		169.76		-140.7
7		U		-71.9		177.4		65.82		94.37		-135.73		-80.45		-158.55		175.57		-146.48
8		U		-66.05		-179.39		52.65		100.57		-134.06		-91.07		-147.62		-172.74		-142.81
9		C		-126.27		178.08		62.78		83.12		-145.28		-73.18		-166.3		127.09		-141.21
10		G		-71.41		178.2		66.3		81.35		-145.91		-74.72		-165.46		173.88		-139.18
11		G		-77.34		-178.38		69.52		83.6		-143.03		-78.33		-164.56		172.79		-142.39
12		C		-75.63		171.94		73.68		83.44		-140.76		-71.94		-166.59		171.88		-139.0
13		U		-68.14		172.14		58.79		92.71		-138.15		-82.63		-153.78		176.47		-137.58
14		U		-78.33		177.39		64.5		96.33		-137.08		-87.7		-147.71		167.18		-151.96
15		C		-99.14		171.18		61.2		92.77		-135.66		-73.45		-151.91		155.78		-136.18
16		G		-79.11		178.07		77.83		94.66		-135.86		-81.44		-160.37		179.8		-144.07
17		G		-71.2		-174.77		73.04		99.13		-132.3		-93.26		-152.41		-169.56		-152.75
18		C		-95.94		177.47		81.82		96.4		-134.8		-86.85		-153.79		-170.46		-163.36
19		A		-73.89		-178.03		87.65		100.07		-131.22		-81.45		-151.59		-176.09		-135.14
20		G		-86.61		176.94		81.95		89.73		-138.1		-83.54		-158.15		167.21		-153.54
21		G		-71.29		168.63		71.82		87.27		-138.37		-78.23		-158.78		173.53		-158.34
22		A		-93.34		175.65		84.64		93.14		-137.36		-77.38		-158.28		-178.68		-150.26
23		G		-68.15		173.22		70.19		83.25		-146.51		-77.02		-164.34		169.11		-154.12
24		A		-75.1		175.68		61.87		91.11		-137.89		-68.09		-158.94		175.8		-137.01
25		G		-72.67		176.43		73.75		83.23		-141.54		-76.09		-164.97		165.38		-148.12
26		G		-62.93		175.64		64.89		84.44		-140.56		-76.29		-161.16		175.4		-145.75
27		U		-65.5		169.55		56.61		82.61		-143.53		-74.51		-159.97		169.19		-144.37
28		A		-80.53		171.48		71.21		89.27		-139.59		-81.94		-158.19		169.6		-148.27
