No.	   Seq		 Alpha		 Beta		Gamma		Delta		 Epsilon	 Zeta		  Chi		  Eta		 Theta

0		A		-73.63		176.82		59.08		95.22		-139.52		-78.13		-150.84		179.73		-148.53
1		C		-74.37		175.55		56.67		97.11		-138.32		-76.05		-147.98		-174.98		-146.52
2		A		-74.55		176.62		60.47		94.94		-140.64		-80.17		-150.76		-179.78		-150.25
3		A		-75.33		177.14		56.92		99.59		-137.35		-77.09		-146.1		-173.01		-146.1
4		U		-71.87		175.7		61.88		96.34		-137.75		-76.75		-149.67		-178.3		-144.64
5		C		-74.55		176.69		55.55		98.5		-137.54		-77.7		-144.78		-172.28		-146.12
6		U		-72.04		175.71		59.62		98.35		-136.91		-78.77		-147.67		-177.44		-146.13
7		U		-74.84		176.37		55.22		99.25		-137.03		-78.33		-143.65		-170.8		-149.2
8		C		-71.36		175.07		60.37		98.61		-137.79		-77.86		-146.96		-175.88		-151.41
9		U		-72.97		179.68		56.61		99.86		-137.79		-76.87		-143.05		-170.66		-148.89
10		C		-72.92		176.71		62.79		97.91		-138.84		-81.84		-146.62		-176.48		-158.84
11		A		-71.09		178.9		56.04		99.92		-137.54		-75.75		-143.42		-167.93		-149.54
12		C		-71.31		175.41		60.62		96.01		-141.48		-81.11		-148.98		-177.6		-156.65
13		A		-68.51		179.74		52.8		101.99		-137.66		-79.37		-141.24		-165.09		-150.96
14		U		-70.72		174.78		59.64		96.95		-138.99		-79.76		-147.0		-176.61		-148.85
15		G		-72.74		178.64		58.24		101.91		-138.45		-81.03		-142.83		-166.03		-151.29
16		U		-69.12		175.42		57.41		98.48		-138.04		-78.71		-146.49		-171.29		-147.63
17		U		-72.28		-179.08		57.48		104.25		-136.45		-79.87		-141.16		-165.19		-150.96
18		U		-76.7		176.87		62.9		102.17		-134.0		-81.14		-143.68		-169.34		-148.51
19		U		-75.95		-179.39		59.32		102.19		-138.87		-75.33		-143.4		-169.84		-150.49
20		U		-73.55		177.57		60.88		100.1		-134.95		-78.52		-143.63		-175.1		-146.25
21		U		-76.33		-176.55		56.98		102.33		-140.87		-74.25		-143.34		-171.78		-153.96
22		U		-72.69		178.81		60.76		100.7		-136.95		-78.78		-144.39		-176.94		-151.1
23		U		-73.66		-176.76		54.83		98.91		-143.52		-70.89		-145.17		-173.15		-150.36
24		U		-73.95		177.83		60.09		94.92		-140.25		-76.19		-147.16		176.29		-148.2
25		A		-75.05		-177.45		55.34		97.78		-142.23		-73.55		-144.57		-174.86		-149.16
26		A		-71.44		176.23		59.86		92.3		-141.6		-76.68		-150.28		176.03		-147.24
27		A		-69.99		-179.11		53.79		100.55		-139.25		-71.09		-143.04		-169.78		-141.17
28		U		-70.85		175.21		60.91		94.29		-140.38		-78.35		-148.71		173.84		-144.8
29		A		-72.66		-174.97		58.35		105.09		-138.68		-77.9		-139.71		-170.54		-145.65
30		U		-70.84		174.72		58.87		97.76		-138.71		-78.97		-146.73		179.07		-145.98
31		U		-69.56		-175.76		58.31		106.48		-141.04		-80.55		-137.95		-171.98		-151.76
32		U		-73.38		176.61		62.48		99.91		-137.41		-80.14		-145.79		-176.2		-152.5
33		U		-70.73		-176.1		57.92		105.7		-142.01		-78.39		-139.35		-172.91		-157.41
34		U		-72.13		176.08		61.01		98.71		-138.88		-78.62		-145.56		-176.63		-150.39
35		G		-73.13		-176.19		60.38		100.51		-145.32		-81.58		-143.35		-175.03		-159.77
36		A		-71.01		177.68		66.36		94.97		-142.27		-73.8		-149.95		-178.82		-150.17
37		G		-71.49		-178.1		62.65		96.54		-146.48		-75.82		-146.43		-178.67		-155.67
38		A		-70.95		176.93		63.28		94.72		-142.2		-76.67		-147.84		-179.54		-149.49
39		A		-75.9		-178.3		62.06		100.07		-142.33		-75.64		-142.88		-178.48		-148.47
40		A		-71.22		176.04		67.37		96.86		-139.81		-80.67		-147.86		-178.08		-152.97
41		A		-68.84		-177.46		60.28		103.22		-139.09		-77.3		-142.36		-172.81		-150.02
42		U		-65.63		175.32		62.49		99.84		-137.71		-80.75		-145.61		-175.28		-150.05
43		U		-66.31		-175.39		58.05		106.07		-137.14		-80.35		-139.18		-170.42		-150.35
44		U		-69.16		177.1		64.53		98.66		-140.23		-79.08		-147.95		-177.44		-147.67
45		G		-71.14		-177.81		61.65		102.42		-142.24		-80.77		-144.5		-174.15		-151.63
46		U		-66.42		177.37		62.36		97.24		-141.94		-77.59		-149.21		-176.38		-150.35
47		U		-68.43		179.89		59.49		100.67		-142.3		-79.73		-144.03		-175.81		-151.04
48		U		-70.02		175.46		60.91		96.68		-142.53		-77.66		-150.81		-178.73		-147.7
49		U		-69.54		176.85		54.49		101.03		-142.55		-78.18		-144.85		-178.42		-147.04
50		U		-69.1		175.46		58.91		95.44		-141.45		-75.9		-151.17		-178.79		-144.81
51		U		-69.26		178.15		56.09		100.63		-140.68		-78.03		-145.04		-177.86		-145.3
52		U		-69.34		175.15		58.94		96.45		-140.69		-77.5		-150.16		179.95		-144.57
53		U		-67.83		177.15		56.62		100.3		-139.07		-79.58		-144.6		-179.03		-141.99
54		U		-70.6		177.21		61.4		97.1		-139.33		-79.34		-149.12		178.03		-144.86
55		U		-69.43		178.32		60.06		99.71		-138.68		-79.36		-145.3		179.24		-143.13
