No.	   Seq		 Alpha		 Beta		Gamma		Delta		 Epsilon	 Zeta		  Chi		  Eta		 Theta

0		A		-71.44		176.54		53.74		94.62		-137.45		-78.57		-147.54		179.13		-144.65
1		A		-83.01		171.96		67.64		89.61		-140.25		-79.92		-159.37		169.34		-146.23
2		A		-76.29		172.75		60.18		92.07		-141.06		-76.84		-154.95		174.45		-153.19
3		C		-74.85		173.13		66.82		86.76		-141.43		-76.2		-161.21		178.88		-140.2
4		U		-70.29		171.21		55.3		92.34		-135.43		-75.48		-147.81		177.79		-127.87
5		U		-74.58		172.02		60.01		92.75		-136.5		-80.47		-154.55		175.28		-142.29
6		U		-74.87		177.58		56.01		98.29		-132.03		-75.2		-148.6		-177.93		-140.75
7		C		-77.41		171.75		64.38		84.68		-144.19		-80.46		-160.56		169.02		-152.3
8		A		-63.23		179.59		66.25		95.01		-138.42		-71.35		-145.97		176.65		-153.68
9		G		-71.4		172.72		73.18		89.47		-137.22		-82.33		-158.34		175.1		-139.79
10		C		-65.51		172.97		69.75		89.24		-139.81		-62.79		-159.45		174.96		-158.23
11		A		-69.62		174.83		73.08		92.31		-137.97		-86.63		-160.96		179.97		-151.95
12		A		-60.35		170.67		54.08		91.96		-145.46		-64.99		-150.57		-176.2		-158.01
13		C		-69.18		169.02		60.32		86.24		-140.32		-77.59		-158.61		170.0		-142.99
14		G		-59.78		169.94		62.46		90.89		-144.63		-67.2		-154.36		-167.13		-148.9
15		G		-97.39		-179.06		80.84		87.39		-140.65		-90.72		-164.39		168.88		-156.0
16		A		-53.11		166.24		56.49		100.57		-138.43		-61.54		-151.49		-157.15		-148.29
17		U		-78.23		175.36		71.24		91.07		-137.24		-82.44		-161.5		167.37		-139.59
18		C		-60.41		172.66		56.76		98.36		-148.9		-67.32		-141.1		-174.1		-148.27
19		U		-83.39		173.69		65.38		88.69		-138.21		-79.6		-159.41		170.3		-149.89
20		C		-53.19		176.77		52.75		107.49		-137.03		-89.07		-136.78		-157.78		-177.64
21		U		-63.87		179.01		62.11		89.8		-138.08		-78.25		-160.19		176.09		-146.65
22		U		-54.15		174.56		50.87		109.5		-137.32		-90.23		-135.33		-161.63		-176.2
23		G		-100.3		176.43		86.55		100.98		-126.36		-77.19		-159.36		178.71		-146.57
24		G		-55.83		176.89		53.97		88.45		-146.14		-68.53		-154.21		178.07		-136.65
25		C		-68.78		166.36		57.66		88.3		-136.46		-78.51		-154.03		171.51		-131.89
26		U		-54.64		171.37		55.52		87.49		-144.05		-76.74		-154.58		-179.9		-162.98
27		C		-67.53		168.59		64.19		87.8		-140.07		-74.12		-159.54		179.19		-144.9
28		U		-62.3		173.24		47.28		92.4		-146.82		-64.83		-149.81		168.03		-134.09
29		C		-70.64		170.82		63.25		84.95		-140.95		-79.31		-161.84		169.79		-143.89
30		G		-59.78		177.41		64.13		88.63		-136.56		-73.95		-157.63		-177.55		-156.76
31		C		-61.36		163.86		58.29		76.94		-149.84		-77.51		-166.25		164.47		-147.71
32		A		-58.98		176.3		51.03		99.29		-134.99		-68.05		-141.69		175.95		-144.56
33		U		-62.76		171.37		63.18		89.34		-134.88		-73.33		-157.16		169.07		-143.57
34		C		-67.09		168.05		58.43		94.66		-142.01		-70.77		-150.04		165.47		-163.37
35		G		-68.13		168.35		68.53		90.46		-140.01		-83.38		-160.63		-176.07		-156.15
36		A		-66.47		173.48		57.94		92.93		-139.71		-70.21		-148.22		-178.09		-148.94
37		U		-59.11		168.9		63.99		89.09		-129.88		-82.08		-155.76		172.63		-160.27
38		G		-66.72		170.96		57.64		92.84		-138.44		-76.5		-150.64		170.01		-158.02
39		A		-99.84		178.64		69.56		103.56		-126.36		-85.54		-148.63		-163.19		-146.31
40		A		-63.94		165.68		56.48		93.93		-133.18		-63.12		-142.33		-174.86		-146.0
41		G		-90.71		174.84		86.48		93.5		-132.44		-98.23		-155.93		170.36		177.4
42		A		-66.05		167.5		68.38		101.37		-134.87		-75.06		-149.17		-163.48		-171.14
43		A		-74.33		169.77		62.54		87.47		-142.04		-69.02		-164.47		170.31		-146.99
44		C		-59.06		172.05		56.58		91.11		-140.46		-71.03		-148.62		-177.99		-146.24
45		G		-65.04		164.87		50.35		84.32		-144.5		-68.02		-156.52		170.09		-152.32
46		C		-62.36		169.42		53.86		99.36		-137.47		-85.82		-144.1		-174.51		-160.26
47		A		-68.0		167.79		57.61		91.31		-139.1		-75.61		-160.32		-178.71		-151.08
48		G		-65.0		-174.97		82.86		98.67		-133.29		-87.95		-154.55		-172.8		-160.13
49		C		-69.36		167.68		53.15		88.53		-138.88		-66.62		-156.81		176.51		-129.09
50		G		-78.53		170.99		56.68		94.93		-137.42		-82.59		-149.5		-174.65		-152.56
51		A		-69.85		166.92		55.41		97.44		-136.91		-80.1		-146.4		-169.75		-153.11
52		A		-63.38		169.6		53.83		102.85		-129.76		-91.66		-140.57		-167.7		-171.02
53		A		-74.82		167.56		77.99		104.58		-124.97		-69.41		-146.33		-167.98		-124.88
54		U		-83.95		178.89		62.11		106.5		-123.39		-80.41		-143.84		-168.46		-162.35
55		G		-62.42		174.61		60.45		91.85		-141.15		-68.76		-161.19		-176.26		-138.17
56		C		-71.02		167.92		44.88		90.71		-143.08		-64.94		-147.91		168.56		-132.54
57		G		-71.12		169.11		66.72		93.5		-143.68		-80.4		-151.09		-179.28		-151.73
58		A		-71.12		177.44		54.82		101.48		-123.24		-80.4		-139.36		-167.98		-144.19
59		U		-67.49		162.72		65.99		102.2		-128.9		-87.64		-142.14		176.45		174.64
60		A		-72.67		168.88		62.9		95.91		-133.83		-73.52		-148.49		170.48		-127.82
61		C		-68.92		171.06		76.3		84.26		-146.37		-68.96		-165.21		174.81		-154.3
62		G		-62.24		171.71		56.01		88.55		-142.0		-71.33		-150.84		-175.37		-143.8
63		U		-56.8		170.13		51.76		97.6		-130.12		-83.43		-141.27		-158.27		-146.14
64		A		-72.6		163.06		61.81		109.06		-121.13		-66.6		-134.11		-169.69		-115.03
65		A		-75.89		174.58		79.29		106.83		-129.99		-85.36		-145.21		-155.74		-179.72
66		U		-61.52		168.96		58.22		105.34		-137.57		-98.2		-140.29		-165.45		174.58
67		G		-59.44		169.93		59.75		96.29		-139.55		-74.4		-148.79		-161.05		-143.5
68		U		-66.96		164.94		58.62		98.82		-140.99		-66.73		-142.41		-155.3		-134.83
69		G		-80.22		176.74		89.18		94.76		-141.71		-79.04		-151.81		179.67		-172.83
70		A		-69.61		177.88		59.36		96.68		-144.55		-84.72		-152.01		-158.68		-162.38
71		A		-57.59		172.49		52.8		99.3		-135.83		-72.74		-141.92		-174.75		-136.8
72		U		-58.27		173.22		57.35		94.35		-140.07		-72.02		-146.15		-177.13		-128.74
73		U		-68.9		173.89		56.43		104.99		-132.96		-91.46		-136.15		179.51		-166.68
74		G		-79.91		175.01		78.12		102.77		-135.76		-81.05		-150.34		-145.71		-169.4
75		A		-72.53		174.96		60.29		101.42		-136.06		-86.88		-142.36		-152.77		-155.66
76		A		-56.75		178.38		59.54		103.02		-132.35		-59.6		-137.17		-174.02		-137.46
77		U		-62.29		174.45		59.27		101.99		-129.83		-67.75		-139.54		-176.13		-126.54
78		C		-64.21		169.52		64.52		99.38		-142.6		-80.21		-146.58		175.54		177.08
79		A		-66.84		-178.75		59.17		102.71		-130.81		-70.49		-142.85		-155.1		-152.98
80		U		-53.57		-175.28		62.41		97.29		-141.09		-72.73		-145.12		-168.08		-151.77
81		C		-70.34		170.04		54.66		93.41		-141.6		-54.2		-150.49		178.36		-145.34
82		G		-69.96		170.79		68.43		87.88		-153.15		-69.56		-161.36		-163.17		-154.36
83		A		-81.91		177.16		60.38		102.43		-139.32		-96.86		-141.6		-171.31		-166.55
84		A		-60.76		170.12		52.26		95.52		-145.28		-65.83		-142.14		-179.67		-139.55
85		U		-88.64		177.45		83.36		110.63		-122.4		-74.47		-140.17		-172.45		-116.95
86		C		-67.1		169.16		62.43		94.72		-147.0		-62.8		-156.75		174.05		-152.52
87		U		-62.2		175.51		49.72		97.68		-138.9		-72.2		-146.57		-165.49		-164.2
88		U		-61.1		171.49		44.88		105.54		-139.64		-72.17		-137.35		-175.43		-142.55
89		U		-77.7		175.26		53.96		103.04		-133.42		-68.35		-141.24		-166.35		-129.36
90		G		-77.88		177.8		68.82		103.53		-135.8		-98.91		-137.52		179.55		-171.64
91		A		-77.7		179.36		65.02		105.95		-125.84		-82.26		-139.12		-171.76		-172.17
92		A		-59.58		172.57		57.42		91.93		-141.5		-67.38		-152.44		170.85		-155.31
93		C		-64.75		171.53		54.61		89.67		-141.13		-67.54		-151.64		-175.0		-126.31
94		G		-80.04		176.23		63.39		85.53		-150.46		-72.28		-160.79		162.25		-138.68
95		C		-72.92		173.82		51.63		83.1		-151.98		-70.21		-156.64		173.53		-148.48
96		A		-67.77		172.94		55.46		85.33		-148.75		-66.15		-157.08		173.92		-142.12
97		C		-64.15		171.04		51.53		91.23		-145.26		-71.78		-148.51		-170.44		-148.49
98		U		-63.83		175.25		57.99		105.26		-134.04		-88.21		-141.62		-177.92		-153.47
99		G		-66.61		174.35		53.0		109.01		-128.42		-74.25		-138.8		-164.56		-130.07
100		C		-83.59		172.06		76.69		94.25		-139.17		-70.48		-155.81		162.75		-151.13
101		G		-66.8		173.39		62.26		101.22		-138.25		-76.69		-146.64		-165.69		-148.08
102		C		-73.34		-176.53		62.44		95.82		-140.05		-83.37		-146.17		-176.6		-149.17
103		C		-67.56		174.45		54.79		101.45		-138.97		-67.28		-146.67		-166.55		-139.16
104		U		-66.94		172.96		62.59		99.56		-136.89		-78.26		-142.05		-179.75		-153.24
105		U		-74.81		175.36		61.11		103.52		-131.77		-101.31		-136.86		175.59		175.53
106		A		-67.58		169.6		63.82		106.06		-129.68		-90.55		-136.21		-170.11		-159.77
107		A		-68.89		-177.61		62.99		101.67		-136.56		-73.53		-142.81		-175.55		-133.66
108		G		-66.23		169.54		70.41		92.83		-137.89		-72.54		-153.43		172.35		-140.39
109		G		-66.8		171.54		59.13		88.94		-143.01		-64.75		-153.93		173.63		-142.07
110		C		-63.45		173.08		60.75		93.32		-143.65		-85.91		-146.89		178.91		-159.33
111		A		-60.61		178.66		60.22		90.74		-147.88		-76.72		-143.74		-174.45		-150.79
112		U		-65.73		167.29		68.05		97.41		-136.03		-78.24		-146.01		175.22		-164.27
113		G		-61.76		172.96		74.98		91.12		-141.07		-64.41		-155.97		177.88		-149.57
114		C		-62.73		175.26		58.68		89.6		-142.8		-77.66		-156.07		176.95		-148.38
115		C		-56.64		179.16		52.53		95.51		-143.1		-75.24		-143.31		-174.34		-148.38
116		U		-70.46		175.35		73.5		93.66		-138.96		-89.18		-149.47		-178.49		-155.2
117		G		-58.1		175.65		72.79		96.33		-144.93		-68.38		-145.61		-177.54		-167.2
118		U		-63.14		172.67		62.27		95.01		-137.73		-87.34		-152.13		-173.35		-153.92
119		U		-51.85		179.08		60.26		104.08		-135.76		-77.46		-140.58		-167.62		-164.01
120		U		-87.03		171.34		69.85		100.17		-132.04		-88.57		-146.52		178.16		-154.23
121		G		-76.83		-178.76		86.81		92.15		-149.95		-72.45		-156.54		-177.06		-157.4
122		A		-72.15		175.02		63.54		94.71		-134.87		-84.05		-153.77		-177.42		-145.36
123		G		-56.75		-179.88		58.39		94.54		-141.58		-66.3		-149.42		-176.63		-156.79
124		U		-74.76		175.44		73.65		96.11		-131.43		-86.06		-151.18		178.0		-139.43
125		G		-66.56		177.38		63.51		95.72		-146.38		-70.49		-147.97		170.69		-150.95
126		U		-80.61		176.23		68.6		94.11		-137.34		-80.79		-155.11		174.86		-140.65
127		C		-64.26		179.28		55.73		95.59		-139.04		-68.9		-147.08		171.15		-158.15
128		A		-72.01		173.62		68.98		90.3		-137.97		-77.97		-158.46		176.5		-146.36
129		U		-57.09		175.81		58.59		94.6		-140.02		-76.61		-145.06		-179.21		-151.43
