No.	   Seq		 Alpha		 Beta		Gamma		Delta		 Epsilon	 Zeta		  Chi		  Eta		 Theta

0		G		-76.72		172.4		66.03		91.0		-140.46		-75.7		-157.06		-179.69		-143.25
1		G		-79.52		175.14		67.71		84.68		-141.9		-85.27		-162.52		169.28		-152.04
2		A		-73.7		171.94		66.33		92.54		-136.93		-77.49		-156.94		-178.28		-145.05
3		G		-86.78		176.0		74.82		89.19		-140.26		-81.91		-162.85		171.04		-147.17
4		A		-75.35		175.58		64.5		98.3		-136.48		-71.07		-152.98		-176.37		-146.0
5		G		-95.85		174.61		77.86		90.55		-135.89		-83.4		-162.86		167.29		-146.54
6		G		-71.54		170.08		66.2		96.09		-136.31		-84.04		-152.6		-178.27		-160.62
7		A		-95.29		177.08		79.04		92.5		-137.29		-80.06		-160.34		176.33		-145.02
8		G		-68.96		171.01		63.08		92.9		-142.05		-74.27		-153.79		-177.24		-148.15
9		G		-89.07		178.59		74.71		94.76		-134.83		-84.72		-156.5		176.59		-156.21
10		C		-71.33		173.38		62.03		92.45		-137.86		-81.2		-151.9		-178.53		-146.55
11		A		-77.7		175.38		67.54		85.76		-141.25		-78.38		-162.1		175.53		-150.17
12		A		-69.44		171.41		59.58		95.06		-137.9		-71.08		-152.61		-177.55		-141.93
13		G		-84.02		174.25		66.46		90.41		-136.94		-86.59		-156.05		169.07		-154.44
14		A		-65.53		171.24		54.69		100.57		-135.92		-78.99		-141.99		-175.19		-144.94
15		U		-73.82		172.69		69.83		106.35		-130.69		-87.0		-144.81		-177.08		-159.55
16		G		-70.53		178.37		79.17		100.15		-135.95		-80.63		-150.98		-171.52		-162.51
17		C		-72.94		174.79		61.63		100.35		-132.74		-83.3		-148.45		-175.91		-150.16
18		U		-61.86		172.55		56.9		89.2		-140.99		-81.06		-152.32		175.24		-148.63
19		G		-70.06		176.22		62.31		95.2		-136.15		-82.08		-152.71		-171.75		-149.97
20		G		-74.34		171.96		61.15		88.61		-145.14		-68.8		-158.6		172.29		-139.57
21		C		-68.65		175.34		61.93		92.39		-140.75		-85.82		-149.41		178.55		-150.76
22		A		-65.44		-179.81		66.6		99.21		-135.04		-90.79		-143.44		-172.27		-166.51
23		U		-75.07		168.64		64.1		100.61		-133.44		-84.15		-148.24		-178.45		-167.77
24		A		-59.98		168.54		61.92		98.44		-139.6		-62.24		-149.79		-176.07		-145.42
25		G		-71.73		175.13		55.86		100.97		-132.36		-78.16		-145.71		-177.29		-145.03
26		C		-59.72		176.72		58.21		96.13		-136.11		-72.08		-148.82		-175.01		-143.18
27		U		-63.58		173.82		53.37		104.79		-129.07		-79.82		-142.8		-161.44		-156.56
28		G		-63.5		179.17		64.1		98.42		-140.56		-76.35		-151.32		-170.71		-147.99
29		U		-67.85		171.57		50.7		100.46		-128.67		-86.32		-142.93		-171.05		-148.02
30		U		-65.03		177.24		69.47		95.61		-137.16		-78.65		-149.35		179.98		-154.7
31		G		-77.06		174.52		61.06		94.76		-134.86		-82.79		-147.12		-175.51		-149.19
32		A		-70.67		172.75		68.34		91.16		-145.63		-67.84		-154.46		175.36		-144.63
33		A		-77.82		174.61		62.6		102.89		-126.85		-82.21		-144.86		-169.07		-150.47
34		C		-55.15		179.69		55.78		99.21		-133.94		-84.8		-144.74		-172.93		-162.01
35		U		-66.88		171.91		51.99		94.74		-133.56		-65.03		-150.54		-169.85		-132.89
36		G		-68.22		176.03		61.05		98.19		-139.92		-83.46		-150.82		-176.56		-146.12
37		G		-72.34		175.95		54.09		96.59		-136.0		-69.96		-148.55		-177.82		-144.94
38		G		-66.02		179.77		61.0		97.06		-138.58		-82.09		-148.59		-174.97		-158.57
39		A		-69.29		170.16		53.0		101.43		-137.67		-78.1		-143.05		-169.67		-143.02
40		A		-71.37		177.84		71.43		93.65		-139.12		-67.91		-153.88		171.44		-137.64
41		C		-71.8		172.4		57.05		89.9		-138.66		-76.83		-150.21		-176.52		-142.55
42		C		-61.01		176.45		52.42		88.01		-145.49		-74.26		-154.32		173.82		-155.16
43		U		-64.84		172.68		51.34		93.59		-142.4		-70.46		-148.18		-168.77		-139.45
44		G		-73.47		-178.48		60.08		93.05		-142.64		-75.44		-154.08		-177.67		-146.8
45		C		-66.27		173.41		53.53		90.98		-143.43		-61.16		-149.11		173.88		-130.41
46		U		-70.51		173.67		62.54		97.83		-136.31		-90.78		-145.58		177.0		-162.73
47		A		-70.77		177.58		60.55		106.48		-134.65		-80.65		-138.56		-164.1		-163.55
48		U		-69.26		167.37		61.87		92.93		-140.74		-69.76		-152.49		167.67		-143.65
49		G		-72.43		179.03		63.2		99.08		-139.95		-75.89		-143.29		-174.42		-152.94
50		C		-65.39		173.96		54.49		90.55		-140.63		-70.81		-154.0		173.21		-142.31
51		C		-69.2		-178.7		66.17		88.99		-147.87		-68.45		-152.34		-178.99		-157.34
52		A		-71.56		179.8		60.69		95.0		-142.68		-83.68		-148.89		-179.66		-148.58
53		A		-67.8		-179.74		64.82		91.71		-145.53		-67.73		-148.45		174.97		-149.17
54		C		-68.31		168.8		65.35		92.55		-136.8		-79.3		-150.84		174.78		-145.74
55		A		-62.26		-176.19		62.29		101.39		-140.85		-69.63		-142.23		-172.58		-154.7
56		U		-70.03		170.2		61.91		95.49		-139.43		-84.15		-149.68		173.81		-149.38
57		A		-60.16		179.97		63.52		103.24		-140.15		-69.86		-141.56		-164.89		-171.38
58		U		-63.03		171.47		59.78		95.43		-139.81		-78.43		-151.41		176.3		-150.75
59		U		-56.6		178.02		53.48		96.94		-151.64		-73.83		-144.51		-176.05		-157.62
60		G		-72.9		176.74		68.4		93.52		-139.31		-82.08		-154.22		-179.45		-147.75
61		C		-66.43		176.61		68.78		88.25		-153.66		-69.19		-159.61		-177.58		-153.82
62		C		-72.61		175.18		70.33		88.37		-143.45		-85.65		-158.85		179.09		-155.8
63		A		-63.98		178.77		49.66		100.03		-148.99		-62.74		-144.68		-170.86		-152.82
64		U		-77.56		173.52		68.21		91.14		-139.36		-81.24		-154.31		172.73		-143.37
65		C		-62.85		176.27		58.76		98.59		-147.41		-69.86		-143.89		-179.2		-152.77
66		U		-74.96		175.6		67.39		92.78		-137.7		-82.44		-156.03		175.39		-147.58
67		U		-58.84		178.37		54.59		102.8		-143.07		-72.67		-142.69		-168.46		-160.29
68		U		-75.8		176.06		68.5		90.94		-138.72		-78.72		-157.13		172.0		-144.7
69		C		-61.84		178.44		57.05		95.56		-143.59		-69.47		-146.72		-179.29		-143.37
70		C		-77.23		174.15		66.51		95.18		-136.3		-84.44		-154.06		175.83		-144.31
