No.	   Seq		 Alpha		 Beta		Gamma		Delta		 Epsilon	 Zeta		  Chi		  Eta		 Theta

0		U		-72.7		169.31		60.8		89.87		-145.37		-68.98		-153.79		-179.48		-147.58
1		A		-81.06		174.92		63.75		97.71		-137.35		-77.71		-148.68		179.43		-146.34
2		C		-67.81		171.47		57.9		95.17		-140.5		-75.73		-152.1		-178.15		-156.91
3		C		-70.23		175.8		62.08		88.57		-145.06		-73.29		-153.83		173.22		-154.23
4		A		-67.17		174.32		53.27		95.27		-143.93		-77.74		-151.53		-178.71		-148.15
5		G		-66.54		172.95		54.97		92.72		-136.36		-72.69		-150.62		177.27		-141.52
6		C		-65.47		173.03		56.93		90.33		-138.68		-74.78		-152.11		175.69		-147.2
7		A		-66.85		169.59		52.38		101.27		-131.92		-86.7		-140.82		-168.99		-150.45
8		A		-81.82		176.58		73.08		105.24		-128.15		-89.43		-144.45		-165.91		-172.46
9		A		-64.43		168.95		63.76		103.39		-126.28		-80.09		-139.86		-159.94		-149.51
10		A		-68.23		173.77		58.64		97.9		-133.01		-75.36		-142.01		171.98		-139.68
11		C		-63.32		168.99		60.67		95.32		-141.16		-78.18		-145.3		175.61		-161.11
12		A		-66.66		175.82		67.78		93.47		-140.99		-73.51		-154.27		-176.53		-156.08
13		C		-61.52		168.7		55.42		89.25		-149.65		-73.11		-154.45		177.35		-150.57
14		U		-61.4		170.49		56.69		87.17		-147.72		-69.97		-153.5		177.17		-147.02
15		C		-66.18		173.51		56.41		93.34		-143.81		-74.86		-150.33		-175.77		-157.4
16		C		-66.39		169.97		62.22		85.52		-149.69		-67.68		-157.31		176.14		-157.81
17		G		-70.23		172.49		68.93		95.25		-143.97		-92.5		-152.11		-170.06		-172.61
18		A		-59.19		170.89		56.15		103.3		-135.05		-76.93		-139.69		-168.45		-153.74
19		U		-69.93		176.44		84.49		99.61		-135.38		-69.23		-148.24		-177.11		-148.0
20		G		-68.69		176.21		72.42		107.61		-133.09		-75.3		-141.2		-168.08		-148.58
21		U		-66.4		178.57		59.72		102.53		-135.29		-66.84		-140.88		-171.9		-156.88
22		U		-55.67		170.87		57.6		105.11		-134.14		-75.9		-137.56		-162.19		-157.68
23		U		-61.57		177.98		51.3		112.97		-127.6		-73.34		-130.44		-156.08		-171.92
24		U		-62.09		175.99		61.71		104.1		-138.44		-74.22		-141.14		-177.57		-161.65
25		A		-69.46		179.78		67.4		104.22		-130.52		-74.96		-138.67		-167.29		-162.64
26		G		-59.11		174.0		65.86		89.87		-143.77		-72.95		-153.89		170.62		-158.69
27		A		-60.48		175.98		61.05		97.7		-142.66		-73.63		-145.59		-175.06		-142.47
28		G		-62.43		174.76		65.52		91.24		-144.86		-73.21		-154.29		176.89		-150.2
29		C		-64.1		170.48		57.78		88.07		-148.89		-65.71		-153.74		171.95		-147.47
30		U		-62.0		170.25		58.46		89.33		-142.99		-78.99		-153.87		177.01		-150.83
31		A		-59.44		165.22		46.99		95.82		-146.46		-72.65		-145.91		178.82		-145.9
32		U		-59.9		169.27		55.83		93.58		-140.38		-74.51		-151.27		-177.61		-140.0
33		G		-61.1		171.35		60.86		96.09		-141.93		-76.96		-148.99		178.61		-146.29
34		C		-64.53		-178.05		68.13		93.69		-139.9		-77.25		-151.95		179.1		-150.42
35		U		-58.79		170.27		58.46		96.58		-139.65		-78.1		-146.42		-176.42		-150.58
36		G		-64.56		177.57		63.86		98.88		-136.75		-84.49		-144.45		-176.3		-153.51
37		U		-61.88		176.3		62.33		93.43		-145.29		-71.49		-150.74		179.92		-152.13
