No.	   Seq		 Alpha		 Beta		Gamma		Delta		 Epsilon	 Zeta		  Chi		  Eta		 Theta

0		G		-73.66		176.29		63.69		99.85		-137.64		-75.11		-151.3		-175.0		-138.31
1		U		-70.97		176.09		60.38		97.35		-137.65		-80.9		-150.29		179.58		-146.98
2		A		-70.61		178.05		66.3		94.45		-140.45		-75.76		-153.59		-178.7		-151.4
3		G		-74.2		171.57		62.92		91.16		-140.21		-80.55		-158.12		176.9		-150.09
4		A		-65.37		176.49		59.45		95.23		-138.64		-75.16		-151.52		-177.13		-144.82
5		U		-67.29		176.14		58.87		96.26		-133.98		-83.84		-145.62		-176.74		-140.83
6		C		-73.5		178.2		65.47		96.2		-138.37		-87.49		-149.44		178.81		-156.37
7		A		-70.95		173.72		61.54		96.71		-138.77		-76.03		-154.02		-172.41		-144.8
8		G		-65.17		179.24		66.31		89.96		-143.89		-76.15		-159.35		178.97		-145.53
9		C		-67.62		176.09		57.73		91.37		-141.85		-74.47		-151.29		177.99		-142.38
10		U		-74.29		177.98		70.82		94.38		-139.66		-80.02		-154.03		177.17		-146.55
11		G		-81.32		177.88		78.53		97.81		-138.27		-88.17		-152.81		-178.25		-154.38
12		A		-67.96		175.33		57.76		97.86		-140.3		-76.63		-152.4		-176.45		-142.95
13		U		-67.39		176.4		59.0		98.33		-136.93		-83.75		-147.84		-178.73		-145.0
14		C		-64.68		179.87		55.53		96.15		-138.23		-80.66		-148.65		-176.05		-140.16
15		C		-85.82		176.35		67.6		94.25		-139.06		-76.12		-152.4		177.53		-145.57
16		A		-72.11		-179.85		62.6		98.16		-140.0		-90.89		-148.2		-173.88		-153.59
17		A		-65.23		176.78		59.34		101.02		-133.45		-81.39		-144.67		-172.41		-149.37
18		U		-61.43		174.24		59.48		100.13		-132.55		-78.42		-147.19		-177.7		-135.73
19		U		-70.12		177.86		65.54		112.27		-128.08		-86.55		-136.11		-170.63		-139.15
20		U		-71.79		179.02		60.43		100.43		-137.72		-84.22		-145.22		173.78		-153.54
21		C		-72.3		177.49		64.23		98.0		-137.55		-77.43		-148.63		-173.9		-154.19
22		G		-67.99		179.37		64.57		95.14		-142.08		-81.65		-155.98		-175.85		-154.75
23		C		-66.62		-179.23		67.37		91.15		-145.55		-74.96		-154.97		-177.37		-152.65
24		G		-74.39		177.17		70.51		90.79		-141.37		-78.03		-156.27		179.18		-146.92
25		C		-72.1		175.23		66.56		89.11		-145.06		-74.66		-156.99		173.8		-148.26
26		G		-75.77		175.55		70.12		90.95		-142.61		-84.48		-155.9		177.59		-154.42
27		A		-69.61		176.75		60.75		102.04		-137.96		-81.12		-144.92		-173.97		-148.46
28		U		-72.66		173.08		65.88		95.42		-137.15		-73.48		-153.31		173.94		-144.43
29		G		-68.55		174.02		63.37		98.6		-137.1		-83.48		-147.21		-172.99		-149.37
30		A		-76.35		177.12		57.42		99.67		-136.41		-82.71		-147.37		-178.6		-145.36
31		A		-65.62		179.16		61.03		100.9		-136.91		-82.42		-144.85		-173.05		-150.78
32		A		-73.62		-177.83		77.65		99.69		-134.9		-84.64		-147.86		-178.21		-149.23
33		A		-66.43		176.66		64.21		99.96		-137.29		-73.18		-148.11		179.19		-148.82
34		U		-71.53		175.67		67.63		96.31		-137.71		-83.11		-151.86		177.28		-148.95
35		A		-67.7		179.94		56.48		94.74		-144.06		-75.08		-150.58		174.62		-144.28
36		G		-79.93		176.72		68.28		90.13		-143.38		-80.5		-157.27		172.56		-144.89
37		C		-69.06		176.91		62.04		88.45		-147.25		-75.05		-155.58		175.0		-149.17
38		C		-71.57		175.32		64.53		85.39		-143.62		-77.42		-159.18		173.32		-148.38
