No.	   Seq		 Alpha		 Beta		Gamma		Delta		 Epsilon	 Zeta		  Chi		  Eta		 Theta

0		G		-84.91		174.16		71.99		85.68		-143.81		-77.08		-168.17		167.58		-145.99
1		G		-80.54		-179.23		87.72		98.25		-137.44		-87.47		-157.75		-168.27		-162.9
2		A		-65.96		177.76		57.04		85.39		-142.53		-76.5		-161.57		175.27		-133.52
3		C		-86.87		179.33		75.56		85.41		-145.43		-72.13		-161.58		158.26		-137.76
4		G		-77.54		179.03		67.51		77.83		-147.44		-77.93		-166.07		164.22		-137.59
5		C		-69.5		174.97		57.82		80.6		-151.32		-70.2		-164.66		172.32		-150.14
6		U		-58.53		171.78		51.94		85.58		-141.32		-76.85		-156.13		170.59		-133.1
7		U		-63.5		176.62		48.09		106.62		-134.19		-81.03		-138.55		-176.91		-127.3
8		U		-87.39		-174.4		63.39		100.71		-130.21		-79.37		-149.51		150.19		-123.72
9		C		-84.02		-178.25		62.89		88.11		-143.74		-72.99		-157.59		167.67		-144.39
10		G		-81.05		-175.93		69.4		79.5		-145.92		-86.14		-171.28		163.83		-158.73
11		A		-65.51		-178.46		58.53		90.59		-144.14		-77.6		-157.08		-168.87		-145.41
12		G		-81.37		174.36		79.58		82.05		-144.89		-75.06		-167.56		170.69		-145.9
13		C		-77.28		179.44		64.12		87.06		-145.62		-76.97		-154.87		173.03		-140.78
14		G		-87.68		176.66		75.41		78.99		-146.18		-79.56		-170.26		167.32		-149.8
15		G		-69.51		172.0		57.85		102.52		-134.95		-92.78		-142.56		-172.9		-152.22
16		U		-69.56		167.86		59.75		88.63		-140.87		-74.1		-157.98		170.63		-142.93
17		C		-72.03		173.35		60.12		103.05		-132.09		-87.9		-139.22		-174.98		-133.57
18		C		-104.59		-178.91		75.68		99.75		-132.68		-85.73		-150.58		177.04		-153.69
